50
50
50
5
5
5
411
519
1000
1000
1500
1000
31 377 205 453 239 0 0
162 679 193 452 195 0 0
958 161 294 651 273 0 0
991 80 299 625 245 0 0
779 467 182 479 180 0 0
267 148 211 514 207 0 0
247 234 163 401 157 0 0
840 337 218 484 233 0 0
15 860 203 484 196 0 0
637 39 227 504 273 0 0
675 933 183 404 253 0 0
811 631 163 427 243 0 0
448 692 158 327 157 0 0
767 189 239 588 250 0 0
546 144 171 475 179 0 0
823 368 233 574 235 0 0
158 832 192 513 222 0 0
770 87 202 486 221 0 0
605 373 176 435 167 0 0
744 140 256 574 192 0 0
607 271 209 413 179 0 0
959 39 300 769 274 0 0
584 405 141 306 167 0 0
487 439 90 283 88 0 0
990 679 288 613 208 0 0
222 195 216 479 167 0 0
887 992 210 574 217 0 0
153 206 196 485 230 0 0
673 629 148 415 171 0 0
47 843 187 452 224 0 0
389 989 216 559 187 0 0
192 561 122 328 157 0 0
836 514 171 399 231 0 0
0 216 254 547 199 0 0
934 939 282 600 297 0 0
780 698 241 559 238 0 0
790 372 229 528 241 0 0
633 929 210 471 189 0 0
683 220 230 522 161 0 0
107 383 198 487 195 0 0
857 495 235 528 214 0 0
399 202 205 416 165 0 0
577 32 226 471 266 0 0
601 347 161 331 131 0 0
266 868 162 385 190 0 0
609 579 163 331 142 0 0
979 277 208 518 276 0 0
427 913 207 501 230 0 0
434 553 61 203 64 0 0
994 897 215 523 258 0 0
131 542 146 382 184 0 0
312 293 132 288 160 0 0
32 833 197 432 241 0 0
424 624 101 254 85 0 0
149 399 187 442 182 0 0
124 439 162 354 150 0 0
694 667 177 405 184 0 0
458 828 192 472 143 0 0
865 206 275 596 215 0 0
956 796 217 545 246 0 0
476 394 106 292 110 0 0
798 325 208 423 242 0 0
121 750 227 479 198 0 0
446 806 181 397 142 0 0
444 59 173 480 181 0 0
872 797 243 587 250 0 0
31 904 222 515 266 0 0
590 274 160 338 169 0 0
883 320 261 579 257 0 0
312 396 143 352 124 0 0
161 522 127 344 174 0 0
260 541 131 313 110 0 0
964 773 257 567 205 0 0
393 599 92 210 100 0 0
903 429 236 578 192 0 0
398 156 161 414 209 0 0
315 935 183 399 212 0 0
875 173 232 573 280 0 0
809 330 213 469 244 0 0
774 903 197 543 223 0 0
5 621 165 480 228 0 0
290 690 148 315 173 0 0
375 893 229 525 172 0 0
371 779 189 369 169 0 0
302 405 148 321 144 0 0
403 745 147 373 147 0 0
625 971 194 460 254 0 0
893 773 266 537 235 0 0
370 736 167 356 137 0 0
748 941 247 538 236 0 0
399 963 206 479 173 0 0
372 632 92 243 101 0 0
979 427 231 493 210 0 0
744 856 201 436 200 0 0
604 326 168 365 188 0 0
143 620 185 461 188 0 0
593 233 220 527 172 0 0
430 610 105 216 89 0 0
792 372 218 467 225 0 0
552 16 202 539 189 0 0
560 27 189 537 199 0 0
268 107 227 469 181 0 0
117 476 183 466 143 0 0
644 711 167 443 203 0 0
249 64 176 507 240 0 0
776 968 197 483 225 0 0
826 834 193 523 227 0 0
186 894 218 438 243 0 0
655 207 182 482 164 0 0
624 1 192 545 195 0 0
431 34 235 597 253 0 0
117 900 189 422 215 0 0
201 29 268 650 211 0 0
165 552 180 404 167 0 0
901 74 256 662 291 0 0
234 378 152 338 149 0 0
208 361 142 322 152 0 0
965 430 233 482 246 0 0
81 754 214 429 219 0 0
932 177 224 516 264 0 0
853 186 213 570 218 0 0
413 929 168 398 208 0 0
286 870 199 433 219 0 0
682 239 185 493 224 0 0
157 584 142 386 187 0 0
737 592 175 416 187 0 0
868 483 197 475 229 0 0
855 492 225 529 214 0 0
636 197 217 443 225 0 0
445 368 132 308 111 0 0
721 551 143 317 181 0 0
652 246 197 421 201 0 0
43 393 201 468 197 0 0
751 461 221 501 189 0 0
287 70 232 505 219 0 0
539 391 118 324 157 0 0
931 170 275 656 257 0 0
779 942 246 579 198 0 0
491 94 234 568 240 0 0
237 303 190 376 167 0 0
65 607 210 517 164 0 0
355 655 123 286 118 0 0
58 368 203 439 174 0 0
299 456 95 273 131 0 0
340 53 254 572 244 0 0
974 753 217 496 209 0 0
658 335 201 386 183 0 0
266 774 178 401 200 0 0
370 974 188 414 217 0 0
234 226 159 381 188 0 0
885 741 261 539 270 0 0
167 907 187 419 197 0 0
704 938 250 626 194 0 0
412 215 209 487 206 0 0
891 628 206 545 253 0 0
763 255 189 423 200 0 0
401 748 158 384 151 0 0
95 457 199 496 190 0 0
884 992 271 649 238 0 0
514 383 140 346 126 0 0
328 326 138 287 169 0 0
553 627 120 341 151 0 0
16 620 182 493 177 0 0
468 415 129 264 109 0 0
839 260 245 615 239 0 0
948 944 310 634 227 0 0
564 65 241 598 257 0 0
839 669 193 487 175 0 0
715 347 173 418 169 0 0
19 267 209 481 213 0 0
534 784 172 421 174 0 0
75 93 242 620 186 0 0
450 787 161 347 179 0 0
433 280 167 351 127 0 0
624 960 242 558 207 0 0
899 655 225 482 202 0 0
366 83 208 439 212 0 0
543 338 125 293 139 0 0
49 858 257 547 215 0 0
721 59 245 577 277 0 0
911 428 223 563 195 0 0
556 178 157 343 172 0 0
924 260 246 625 243 0 0
607 941 214 496 198 0 0
692 708 201 430 216 0 0
65 904 184 408 194 0 0
894 838 267 621 252 0 0
644 470 183 393 124 0 0
53 890 235 530 193 0 0
208 199 161 399 183 0 0
361 125 172 429 226 0 0
258 327 148 378 168 0 0
109 852 224 544 211 0 0
404 695 147 310 153 0 0
702 122 237 530 251 0 0
330 80 176 491 174 0 0
94 232 204 471 182 0 0
596 567 148 377 156 0 0
491 686 158 349 127 0 0
462 593 84 235 90 0 0
810 695 196 420 221 0 0
82 240 211 529 199 0 0
135 292 210 427 168 0 0
287 700 176 421 151 0 0
318 917 224 538 203 0 0
302 791 161 339 150 0 0
261 28 238 585 215 0 0
648 544 171 345 123 0 0
743 181 198 536 210 0 0
141 848 227 511 224 0 0
121 930 209 453 221 0 0
179 831 197 478 221 0 0
374 649 122 247 136 0 0
918 225 238 511 279 0 0
834 709 209 500 173 0 0
801 43 222 580 215 0 0
708 514 173 385 202 0 0
652 194 233 564 232 0 0
276 15 226 569 223 0 0
704 961 195 497 200 0 0
877 556 241 549 240 0 0
569 307 172 374 178 0 0
121 396 162 415 153 0 0
730 903 260 641 182 0 0
823 203 199 501 212 0 0
597 208 217 502 179 0 0
212 141 199 507 223 0 0
802 601 226 495 195 0 0
65 797 244 550 168 0 0
49 656 178 417 215 0 0
757 240 191 501 232 0 0
286 153 223 477 190 0 0
840 308 192 484 220 0 0
431 777 138 359 172 0 0
651 897 198 482 229 0 0
1000 130 282 661 219 0 0
172 803 170 363 202 0 0
265 373 146 385 138 0 0
948 769 233 507 233 0 0
271 738 147 332 161 0 0
780 812 234 536 210 0 0
589 930 217 450 195 0 0
449 233 174 362 176 0 0
348 737 132 367 167 0 0
530 717 138 302 155 0 0
190 813 187 430 198 0 0
610 431 174 346 171 0 0
557 363 148 323 118 0 0
372 568 91 252 89 0 0
470 530 71 177 85 0 0
489 227 198 402 205 0 0
933 955 222 579 257 0 0
988 415 222 543 213 0 0
352 482 90 203 75 0 0
470 175 207 422 188 0 0
287 762 183 398 169 0 0
167 94 245 600 243 0 0
282 945 216 501 180 0 0
309 14 214 505 236 0 0
539 31 186 450 230 0 0
143 305 150 329 210 0 0
983 540 254 600 241 0 0
522 731 144 365 144 0 0
880 526 213 520 227 0 0
467 53 186 405 182 0 0
852 476 242 513 204 0 0
237 483 147 293 143 0 0
382 34 224 462 208 0 0
334 538 91 199 97 0 0
303 737 126 332 154 0 0
905 395 199 462 265 0 0
17 944 280 656 252 0 0
49 132 242 579 199 0 0
931 231 274 661 208 0 0
838 382 219 442 173 0 0
525 774 181 450 137 0 0
290 733 125 304 142 0 0
561 43 224 559 213 0 0
525 125 162 411 178 0 0
671 9 199 551 198 0 0
559 528 122 327 108 0 0
4 80 225 589 244 0 0
72 730 167 407 177 0 0
818 964 272 687 269 0 0
742 350 197 466 181 0 0
180 661 191 441 147 0 0
803 262 196 510 220 0 0
137 67 267 534 205 0 0
441 784 149 311 159 0 0
248 676 149 368 120 0 0
671 333 190 412 183 0 0
725 732 186 427 160 0 0
503 761 151 330 175 0 0
869 58 234 618 232 0 0
635 479 161 357 169 0 0
459 546 83 230 66 0 0
449 167 189 415 197 0 0
22 7 215 566 238 0 0
719 242 211 425 193 0 0
137 702 188 442 210 0 0
254 884 193 404 198 0 0
607 838 195 486 177 0 0
327 482 86 264 86 0 0
983 971 321 678 286 0 0
619 786 195 392 195 0 0
753 15 200 541 270 0 0
608 703 151 411 163 0 0
671 883 244 492 182 0 0
104 531 209 414 170 0 0
672 598 166 360 188 0 0
541 609 100 298 132 0 0
414 562 61 173 53 0 0
218 498 121 334 158 0 0
214 400 165 394 125 0 0
129 779 220 498 168 0 0
960 900 214 562 254 0 0
350 242 154 418 172 0 0
655 157 182 397 205 0 0
732 169 209 550 230 0 0
519 548 98 259 97 0 0
864 155 203 468 281 0 0
631 776 217 460 160 0 0
89 666 209 462 182 0 0
59 497 198 506 166 0 0
190 351 145 380 199 0 0
120 422 190 402 180 0 0
664 67 269 597 187 0 0
751 513 194 449 158 0 0
648 451 145 326 160 0 0
699 953 238 490 206 0 0
307 306 138 389 138 0 0
846 640 194 442 248 0 0
312 639 102 291 131 0 0
571 55 244 611 182 0 0
176 711 179 356 208 0 0
384 715 120 285 168 0 0
861 58 270 595 286 0 0
922 385 252 506 186 0 0
669 615 189 430 169 0 0
552 962 228 481 234 0 0
921 551 188 466 196 0 0
548 536 116 241 94 0 0
381 483 71 209 70 0 0
942 358 258 526 203 0 0
791 905 257 632 216 0 0
697 205 244 494 231 0 0
663 949 179 497 239 0 0
150 500 189 443 151 0 0
410 927 176 409 215 0 0
43 446 180 486 167 0 0
153 626 159 428 144 0 0
733 931 266 545 188 0 0
520 651 125 291 112 0 0
449 554 72 206 70 0 0
539 885 185 400 175 0 0
561 116 187 409 210 0 0
97 643 175 388 147 0 0
471 544 91 207 82 0 0
886 734 273 649 209 0 0
190 653 150 363 143 0 0
295 284 167 360 192 0 0
276 75 237 592 213 0 0
58 41 221 604 209 0 0
598 577 122 346 126 0 0
130 272 180 434 192 0 0
806 358 213 491 172 0 0
533 255 147 394 148 0 0
8 669 212 519 194 0 0
419 133 210 519 197 0 0
772 758 174 472 202 0 0
441 539 60 210 67 0 0
978 912 234 607 300 0 0
659 242 182 411 211 0 0
719 332 195 405 153 0 0
363 762 152 384 150 0 0
461 644 129 257 137 0 0
435 399 94 252 108 0 0
102 385 162 432 158 0 0
715 51 214 483 267 0 0
616 770 168 384 210 0 0
995 829 232 555 272 0 0
568 595 136 324 158 0 0
237 243 198 396 175 0 0
894 265 206 524 274 0 0
596 93 244 573 228 0 0
706 322 223 508 219 0 0
679 386 158 332 155 0 0
236 203 170 468 189 0 0
12 263 223 534 250 0 0
996 855 269 641 223 0 0
261 520 132 285 114 0 0
915 759 265 548 260 0 0
300 616 137 297 117 0 0
525 0 201 466 223 0 0
124 998 265 612 193 0 0
924 169 211 529 202 0 0
292 651 153 317 154 0 0
224 395 174 363 134 0 0
608 918 243 587 224 0 0
873 877 268 553 275 0 0
504 218 211 483 170 0 0
326 453 96 256 83 0 0
560 923 228 473 213 0 0
859 152 194 492 247 0 0
184 84 180 397 244 0 0
354 32 224 549 212 0 0
713 123 180 484 187 0 0
789 630 210 437 177 0 0
446 272 139 388 168 0 0
45 271 168 486 245 0 0
917 708 209 454 247 0 0
393 65 207 498 253 0 0
632 80 264 607 186 0 0
83 349 222 510 162 0 0
499 398 130 256 101 0 0
968 617 194 528 193 0 0
964 227 278 589 222 0 0
648 543 124 338 175 0 0
695 796 196 505 236 0 0
422 746 142 360 156 0 0
805 224 251 621 222 0 0
365 675 117 252 120 0 0
700 952 197 515 209 0 0
658 835 219 490 194 0 0
344 113 229 555 206 0 0
169 766 162 421 183 0 0
689 544 150 328 140 0 0
105 403 186 458 204 0 0
473 566 80 246 77 0 0
937 733 234 592 216 0 0
87 959 214 540 239 0 0
660 178 228 531 224 0 0
114 553 148 416 162 0 0
651 563 164 356 157 0 0
706 866 228 531 215 0 0
220 355 129 335 131 0 0
349 333 128 299 149 0 0
63 659 210 433 183 0 0
345 330 151 305 129 0 0
917 775 223 468 235 0 0
587 842 167 382 207 0 0
960 117 245 533 225 0 0
178 919 249 526 232 0 0
763 857 200 540 249 0 0
256 405 134 364 139 0 0
83 11 230 515 264 0 0
657 581 173 345 162 0 0
682 841 222 452 178 0 0
343 415 132 289 118 0 0
777 437 184 481 198 0 0
973 638 249 523 226 0 0
318 312 155 388 138 0 0
864 141 250 533 199 0 0
847 181 244 547 254 0 0
882 64 234 633 240 0 0
719 190 191 517 197 0 0
633 423 159 379 160 0 0
973 733 211 543 233 0 0
691 950 200 444 244 0 0
829 481 229 524 225 0 0
671 399 166 387 182 0 0
811 108 193 508 228 0 0
965 838 218 595 283 0 0
168 58 263 558 243 0 0
108 973 233 564 206 0 0
655 633 165 374 177 0 0
506 36 192 527 219 0 0
216 396 169 329 140 0 0
94 347 180 400 184 0 0
243 97 191 435 173 0 0
700 49 263 595 222 0 0
433 614 89 264 94 0 0
67 828 196 416 203 0 0
441 337 131 295 118 0 0
411 961 209 466 251 0 0
403 479 60 173 76 0 0
915 956 211 581 268 0 0
713 451 158 419 149 0 0
211 210 214 487 205 0 0
158 689 168 387 177 0 0
194 704 165 421 201 0 0
897 418 185 481 245 0 0
577 810 160 344 183 0 0
288 322 128 360 164 0 0
75 314 170 374 191 0 0
750 549 199 403 164 0 0
650 205 186 471 191 0 0
419 214 205 471 187 0 0
333 85 192 521 204 0 0
426 609 111 282 79 0 0
783 391 192 479 172 0 0
236 904 218 523 229 0 0
318 360 155 321 139 0 0
559 243 204 483 199 0 0
608 726 193 445 139 0 0
728 182 172 468 198 0 0
502 591 86 234 102 0 0
440 354 146 291 138 0 0
985 798 236 512 211 0 0
453 936 239 546 209 0 0
516 796 148 347 174 0 0
884 906 203 525 268 0 0
405 608 104 226 104 0 0
955 704 232 561 251 0 0
899 141 201 507 293 0 0
502 706 165 348 130 0 0
993 355 201 492 227 0 0
349 876 186 417 202 0 0
548 627 128 312 121 0 0
662 306 166 438 159 0 0
609 503 122 277 122 0 0
633 212 183 428 177 0 0
669 186 170 447 193 0 0
318 234 193 460 167 0 0
485 88 248 569 193 0 0
654 622 179 350 169 0 0
795 225 256 562 230 0 0
395 439 105 254 95 0 0
766 496 195 429 153 0 0
973 432 270 569 241 0 0
658 718 152 429 210 0 0
4 163 190 486 277 0 0
571 535 137 345 122 0 0
85 186 247 521 247 0 0
674 46 245 512 230 0 0
915 547 194 494 212 0 0
616 800 175 444 158 0 0
560 724 162 336 141 0 0
726 294 168 414 197 0 0
579 127 212 445 222 0 0
828 723 242 480 184 0 0
425 412 114 307 100 0 0
570 380 139 290 146 0 0
170 518 138 352 136 0 0
382 617 92 269 114 0 0
459 973 219 468 255 0 0
421 8 202 429 244 0 0
656 848 207 516 229 0 0
94 522 197 389 207 0 0
735 800 196 439 234 0 0
523 93 238 513 207 0 0
513 805 183 360 173 0 0
209 173 217 518 236 0 0
178 689 144 320 164 0 0
456 721 139 308 158 0 0
414 760 152 370 149 0 0
562 44 242 539 193 0 0
193 202 191 457 190 0 0
829 548 232 472 168 0 0
704 377 191 418 169 0 0
333 968 231 537 207 0 0
147 435 173 428 133 0 0
282 732 150 362 135 0 0
754 646 196 449 196 0 0
175 312 164 363 196 0 0
547 98 198 435 225 0 0
483 118 177 455 217 0 0
308 951 171 395 236 0 0
639 463 169 388 144 0 0
689 393 167 359 184 0 0
527 787 200 424 139 0 0
969 737 251 647 233 0 0
560 182 226 501 210 0 0
11 903 212 577 274 0 0
786 15 204 550 295 0 0
188 45 187 416 267 0 0
490 259 155 329 139 0 0
134 94 208 536 240 0 0
457 959 193 462 198 0 0
816 478 206 428 193 0 0
676 491 160 422 191 0 0
231 538 159 348 107 0 0
743 413 158 353 193 0 0
367 374 110 243 144 0 0
58 140 244 560 271 0 0
948 497 213 518 250 0 0
37 972 199 479 232 0 0
384 157 220 531 184 0 0
149 123 233 570 246 0 0
259 573 134 272 107 0 0
440 102 194 409 206 0 0
838 40 219 482 223 0 0
729 928 233 577 262 0 0
616 549 151 346 154 0 0
417 23 227 550 208 0 0
219 87 213 505 181 0 0
515 544 121 287 107 0 0
767 792 217 549 199 0 0
86 6 206 541 247 0 0
879 491 233 568 221 0 0
942 151 235 501 291 0 0
497 197 207 440 183 0 0
179 581 166 394 173 0 0
565 593 109 246 118 0 0
881 328 251 579 256 0 0
970 512 192 429 237 0 0
495 300 149 375 152 0 0
603 80 175 429 218 0 0
153 252 224 510 183 0 0
938 430 221 550 242 0 0
441 546 53 150 68 0 0
478 871 187 401 209 0 0
163 578 129 378 191 0 0
75 313 199 454 212 0 0
662 818 213 467 205 0 0
124 697 197 425 178 0 0
710 595 196 444 165 0 0
343 674 110 248 140 0 0
160 585 142 333 162 0 0
401 526 38 145 30 0 0
869 80 212 516 205 0 0
362 30 204 487 182 0 0
995 943 234 581 261 0 0
280 753 173 381 174 0 0
376 404 104 282 102 0 0
919 623 199 445 250 0 0
693 952 228 572 232 0 0
205 921 232 578 191 0 0
397 455 73 212 94 0 0
730 501 191 410 188 0 0
826 268 194 456 254 0 0
843 87 210 491 259 0 0
471 62 181 483 246 0 0
704 300 177 464 216 0 0
943 387 206 465 214 0 0
23 562 213 437 209 0 0
43 73 269 603 265 0 0
203 623 161 410 175 0 0
48 640 211 507 174 0 0
578 743 171 340 187 0 0
774 145 194 462 273 0 0
265 585 121 263 150 0 0
708 25 203 454 248 0 0
415 465 71 226 86 0 0
630 492 155 335 172 0 0
187 32 241 521 187 0 0
894 660 235 586 193 0 0
557 553 127 285 122 0 0
632 513 166 406 143 0 0
156 753 155 415 197 0 0
291 700 151 309 168 0 0
252 250 165 360 210 0 0
422 104 239 527 198 0 0
528 784 197 439 188 0 0
930 352 236 486 188 0 0
825 852 227 543 187 0 0
380 86 203 486 206 0 0
20 417 208 436 233 0 0
599 34 254 638 269 0 0
929 459 212 522 259 0 0
92 508 207 461 185 0 0
722 191 245 575 194 0 0
240 653 176 342 134 0 0
388 316 134 357 160 0 0
357 388 135 271 113 0 0
179 187 204 487 204 0 0
265 252 183 437 163 0 0
785 371 196 497 233 0 0
804 531 205 475 216 0 0
951 126 304 643 250 0 0
374 169 203 414 175 0 0
653 88 253 560 246 0 0
753 12 215 548 223 0 0
875 339 235 521 193 0 0
516 377 145 340 128 0 0
577 294 155 370 166 0 0
997 670 249 551 291 0 0
741 154 214 567 240 0 0
80 913 220 457 188 0 0
723 680 175 385 174 0 0
140 823 231 558 185 0 0
272 839 169 418 206 0 0
953 776 225 580 212 0 0
386 175 198 450 186 0 0
250 510 128 310 103 0 0
1 732 226 562 251 0 0
792 517 209 519 197 0 0
143 538 184 423 178 0 0
968 795 228 489 284 0 0
70 324 167 421 196 0 0
29 900 233 482 251 0 0
451 21 260 562 201 0 0
482 775 165 427 160 0 0
204 500 118 327 140 0 0
931 785 230 550 220 0 0
527 573 102 253 92 0 0
527 642 138 283 149 0 0
865 166 264 548 285 0 0
943 100 287 654 285 0 0
554 317 180 407 136 0 0
169 511 182 416 146 0 0
85 256 236 465 233 0 0
322 607 114 269 134 0 0
308 832 212 464 177 0 0
275 540 135 314 139 0 0
446 599 88 230 109 0 0
597 94 218 459 183 0 0
474 158 186 451 194 0 0
912 346 212 466 266 0 0
554 727 156 382 136 0 0
629 933 186 433 233 0 0
307 700 159 399 164 0 0
959 4 227 531 256 0 0
543 935 175 454 219 0 0
233 353 131 354 178 0 0
276 453 114 266 139 0 0
829 675 184 411 230 0 0
540 685 117 295 130 0 0
149 508 172 411 158 0 0
15 884 199 519 241 0 0
285 946 185 405 173 0 0
433 800 152 382 201 0 0
591 973 177 455 184 0 0
571 574 110 289 119 0 0
607 696 182 434 177 0 0
388 900 193 442 164 0 0
954 103 267 687 234 0 0
434 61 185 450 250 0 0
339 254 164 347 181 0 0
19 251 227 546 195 0 0
687 490 183 451 153 0 0
200 191 168 409 200 0 0
321 129 195 489 215 0 0
185 907 249 571 172 0 0
921 496 250 507 270 0 0
278 891 208 494 189 0 0
182 169 176 437 221 0 0
711 238 169 379 192 0 0
432 162 195 467 220 0 0
812 689 187 484 241 0 0
126 598 200 406 171 0 0
645 348 148 374 186 0 0
87 797 211 524 168 0 0
665 292 189 465 179 0 0
654 685 177 435 174 0 0
937 196 225 616 221 0 0
417 747 135 370 145 0 0
366 352 120 255 153 0 0
625 402 127 290 183 0 0
961 944 284 636 217 0 0
99 244 239 498 184 0 0
488 576 79 236 102 0 0
887 832 255 570 202 0 0
323 402 133 329 101 0 0
814 284 191 408 247 0 0
106 550 174 388 185 0 0
103 276 190 488 172 0 0
734 537 154 368 146 0 0
459 851 204 470 172 0 0
537 853 192 402 171 0 0
363 459 83 260 101 0 0
860 843 234 602 264 0 0
52 157 253 567 266 0 0
41 80 286 579 200 0 0
278 38 257 555 181 0 0
716 737 210 474 211 0 0
417 473 65 199 63 0 0
609 7 217 556 257 0 0
275 681 143 308 146 0 0
536 414 144 315 131 0 0
181 633 144 303 171 0 0
43 295 186 496 185 0 0
879 84 276 647 287 0 0
999 580 203 485 258 0 0
488 987 242 526 199 0 0
794 530 168 433 200 0 0
700 536 174 376 166 0 0
64 612 163 437 193 0 0
996 461 267 596 268 0 0
208 111 204 519 246 0 0
481 231 154 382 149 0 0
92 544 146 388 172 0 0
744 314 229 533 233 0 0
283 705 139 381 143 0 0
546 435 115 327 130 0 0
759 912 255 598 260 0 0
475 536 73 244 75 0 0
133 38 220 572 275 0 0
746 88 265 547 197 0 0
29 697 168 369 172 0 0
611 368 159 354 167 0 0
620 863 227 460 205 0 0
197 293 179 390 171 0 0
613 359 184 361 168 0 0
840 434 182 411 238 0 0
827 718 217 505 195 0 0
669 829 202 483 234 0 0
607 623 154 350 131 0 0
541 320 156 325 160 0 0
371 362 113 324 104 0 0
613 366 173 350 129 0 0
408 957 178 426 221 0 0
164 990 219 517 256 0 0
168 932 204 521 254 0 0
387 875 155 388 190 0 0
705 995 256 526 282 0 0
88 770 218 470 218 0 0
490 953 227 469 194 0 0
603 763 196 385 178 0 0
922 145 227 539 274 0 0
706 484 148 417 192 0 0
592 525 149 337 120 0 0
856 777 229 564 205 0 0
649 59 234 582 266 0 0
117 356 196 482 198 0 0
983 602 258 627 233 0 0
384 520 49 184 56 0 0
601 252 210 492 159 0 0
563 233 167 426 158 0 0
378 890 156 395 213 0 0
159 198 174 415 204 0 0
550 848 201 410 168 0 0
847 752 211 488 193 0 0
735 712 167 396 224 0 0
972 185 289 707 227 0 0
614 615 121 350 136 0 0
853 890 208 545 264 0 0
551 484 122 291 113 0 0
676 152 212 435 215 0 0
546 249 206 448 147 0 0
893 549 186 505 259 0 0
430 877 193 469 184 0 0
565 214 154 382 175 0 0
119 620 154 412 150 0 0
618 517 151 305 129 0 0
227 711 132 361 187 0 0
967 883 269 563 270 0 0
419 224 174 388 187 0 0
101 846 206 470 185 0 0
44 875 258 640 222 0 0
559 83 217 454 252 0 0
334 772 134 338 194 0 0
111 159 179 468 194 0 0
154 717 213 437 173 0 0
6 355 195 479 196 0 0
508 793 158 337 179 0 0
283 872 181 480 226 0 0
432 539 52 172 63 0 0
269 923 182 484 206 0 0
412 891 201 479 218 0 0
209 805 169 440 197 0 0
634 105 204 444 207 0 0
529 828 190 413 174 0 0
642 967 235 585 238 0 0
882 117 261 571 217 0 0
42 625 174 412 161 0 0
211 813 201 510 162 0 0
262 947 203 423 232 0 0
489 768 175 405 186 0 0
810 879 212 511 226 0 0
56 178 221 551 206 0 0
454 402 128 303 103 0 0
101 528 209 496 145 0 0
273 120 174 422 212 0 0
874 678 211 560 182 0 0
23 228 202 482 244 0 0
51 951 258 572 217 0 0
351 806 147 401 139 0 0
597 901 209 536 209 0 0
744 277 189 395 221 0 0
64 440 212 447 212 0 0
517 478 106 264 100 0 0
301 436 133 266 102 0 0
157 284 150 366 191 0 0
311 791 179 361 198 0 0
428 540 58 146 46 0 0
909 759 211 533 213 0 0
986 13 278 731 227 0 0
757 587 218 520 196 0 0
950 58 243 570 262 0 0
444 936 209 532 173 0 0
952 928 268 578 251 0 0
504 283 140 311 184 0 0
833 777 261 580 248 0 0
562 621 112 258 129 0 0
970 210 229 503 221 0 0
468 785 195 438 190 0 0
691 922 235 583 263 0 0
733 895 210 510 243 0 0
48 698 164 475 216 0 0
339 590 93 234 116 0 0
320 622 118 300 108 0 0
729 515 160 427 152 0 0
284 560 94 243 93 0 0
204 222 186 385 178 0 0
831 192 222 471 200 0 0
751 921 225 503 253 0 0
405 856 167 374 214 0 0
170 901 218 494 209 0 0
867 347 243 601 245 0 0
882 488 240 599 228 0 0
672 99 225 509 208 0 0
382 675 127 267 135 0 0
483 53 198 453 257 0 0
730 276 239 479 166 0 0
1000 812 303 649 265 0 0
458 64 179 485 172 0 0
519 149 167 453 192 0 0
196 844 172 474 212 0 0
187 293 210 492 165 0 0
402 722 140 320 146 0 0
586 728 195 391 167 0 0
269 126 231 509 203 0 0
906 546 185 426 182 0 0
212 386 165 331 127 0 0
917 582 192 451 250 0 0
41 33 200 534 215 0 0
590 407 150 363 161 0 0
908 688 258 609 185 0 0
596 525 137 309 113 0 0
283 484 100 281 95 0 0
526 963 223 551 217 0 0
711 268 189 442 164 0 0
819 308 194 443 242 0 0
264 889 232 557 223 0 0
249 985 178 432 201 0 0
696 741 210 480 188 0 0
877 136 261 589 226 0 0
347 801 173 403 147 0 0
659 294 212 443 184 0 0
227 597 142 314 163 0 0
605 297 188 381 205 0 0
990 775 271 585 267 0 0
655 464 157 325 147 0 0
154 724 211 441 195 0 0
828 415 179 403 246 0 0
736 735 235 494 228 0 0
24 129 259 565 193 0 0
696 204 244 546 166 0 0
158 177 242 495 243 0 0
562 685 134 295 155 0 0
62 781 181 391 169 0 0
517 12 192 503 229 0 0
207 640 154 353 154 0 0
388 760 146 356 130 0 0
451 419 104 246 84 0 0
883 315 210 515 238 0 0
894 262 243 594 265 0 0
933 927 260 593 304 0 0
969 648 199 476 261 0 0
193 872 241 510 232 0 0
518 884 157 449 208 0 0
810 76 252 597 237 0 0
684 960 237 535 248 0 0
495 833 161 370 211 0 0
934 597 248 573 230 0 0
0 454 212 424 222 0 0
290 485 129 320 127 0 0
942 382 255 566 248 0 0
480 326 127 273 149 0 0
365 928 240 539 218 0 0
825 698 188 512 232 0 0
982 951 245 623 295 0 0
150 641 146 383 172 0 0
946 308 263 641 240 0 0
132 854 223 541 240 0 0
667 721 163 390 152 0 0
835 555 201 453 187 0 0
889 283 246 625 270 0 0
268 209 179 462 192 0 0
873 269 213 531 244 0 0
903 739 212 472 234 0 0
318 677 161 369 152 0 0
815 290 190 496 245 0 0
959 877 221 561 243 0 0
892 203 215 537 230 0 0
111 591 154 399 148 0 0
493 120 233 477 188 0 0
443 784 167 370 183 0 0
263 118 214 534 173 0 0
614 877 179 411 162 0 0
800 76 234 556 278 0 0
59 466 157 432 223 0 0
147 200 225 542 181 0 0
661 535 143 362 167 0 0
808 437 236 552 207 0 0
44 50 288 596 288 0 0
490 269 189 378 159 0 0
719 408 204 444 163 0 0
605 221 213 515 197 0 0
117 78 234 604 216 0 0
62 389 177 397 187 0 0
223 307 154 426 177 0 0
668 876 209 504 181 0 0
577 982 244 516 236 0 0
218 613 168 404 169 0 0
423 695 123 320 113 0 0
725 956 272 579 212 0 0
535 729 161 354 173 0 0
124 398 144 319 142 0 0
529 546 119 309 94 0 0
975 79 279 680 289 0 0
681 482 195 380 181 0 0
442 357 140 334 116 0 0
176 532 124 353 143 0 0
688 303 223 435 156 0 0
357 508 70 226 68 0 0
678 450 193 372 197 0 0
292 360 118 260 123 0 0
430 174 159 403 172 0 0
