42
25
25
7
5
10
383
560
1000
1000
1600
1000
703 652 172 454 187
988 822 217 483 270
965 254 221 505 255
104 620 199 428 174
699 234 214 516 219
592 151 224 566 190
757 250 179 471 208
409 28 199 495 247
586 202 225 461 233
270 700 138 286 108
226 360 173 350 154
506 928 229 541 207
108 487 200 460 193
777 736 182 424 242
737 754 237 491 177
888 739 251 628 247
510 439 156 298 150
930 81 247 536 281
648 407 169 445 209
327 465 113 254 88
452 166 183 437 239
835 690 258 524 181
221 423 129 352 130
925 142 289 650 267
628 997 204 435 267
806 684 225 554 210
880 324 191 484 245
49 55 270 590 281
483 273 166 355 169
364 81 246 527 220
610 359 179 397 208
341 887 163 416 164
494 807 155 352 179
980 683 209 522 236
992 789 278 657 216
352 486 94 215 101
555 796 185 403 147
879 934 267 595 209
743 138 258 641 247
100 493 154 384 176
708 914 191 470 195
754 866 231 561 179
188 579 160 316 145
904 226 273 578 201
554 744 179 439 160
215 316 158 399 153
883 977 299 710 249
288 732 141 306 154
381 427 104 292 107
909 523 250 545 235
576 656 135 285 148
939 319 210 556 254
162 369 194 420 189
549 638 115 311 125
896 583 204 474 246
55 579 180 379 187
553 64 231 591 218
353 625 98 225 84
795 859 202 430 209
546 834 213 456 191
792 533 169 372 198
750 291 191 428 178
915 792 257 561 198
238 808 169 353 193
541 582 103 274 124
535 71 263 597 235
968 371 295 632 204
671 974 208 508 252
185 673 135 375 121
115 906 245 489 179
829 831 217 464 196
569 665 152 366 128
774 499 171 460 212
335 968 235 550 223
470 936 168 464 157
492 969 180 493 217
327 635 93 214 93
8 604 186 484 156
114 806 164 404 212
665 889 177 497 174
11 593 174 419 176
364 291 150 328 158
780 992 279 571 282
225 283 143 407 193
133 617 158 347 187
390 48 217 474 183
318 487 83 213 79
669 754 200 488 181
157 91 196 437 225
956 572 220 480 263
319 7 189 425 256
332 67 222 541 263
456 417 127 280 110
236 508 120 267 134
330 524 88 221 75
262 164 180 384 220
354 256 151 403 162
2 520 195 431 183
876 190 222 586 243
608 240 236 457 194
439 364 139 311 142
371 583 47 169 47
226 510 107 305 121
390 356 139 360 162
112 525 133 372 152
974 179 225 605 248
697 443 215 421 212
796 549 189 423 218
817 416 247 593 205
830 892 190 476 270
32 383 188 425 202
522 322 144 378 189
999 90 328 788 286
529 743 180 383 126
661 171 201 520 229
1 372 240 529 171
150 8 292 641 219
209 463 119 286 118
197 592 158 388 118
618 843 197 398 212
838 628 207 425 218
673 171 262 627 187
357 297 146 375 160
243 828 204 410 167
983 797 220 489 296
842 790 265 551 208
281 102 175 479 188
653 429 206 435 148
233 569 137 331 110
18 775 189 487 191
566 942 175 469 221
414 803 138 336 182
147 227 183 437 205
751 323 235 574 199
617 916 200 411 218
339 77 257 521 235
320 553 71 172 86
251 370 135 358 138
952 519 203 546 230
995 265 213 519 296
738 484 157 403 172
54 514 168 381 212
803 817 224 548 245
72 710 179 422 215
812 583 171 448 187
723 281 168 410 168
573 347 196 411 158
429 286 173 388 170
804 509 167 445 225
508 763 180 418 162
136 309 155 377 196
377 82 246 573 225
5 584 156 387 222
33 963 186 527 247
516 566 107 312 112
418 213 154 439 183
898 744 273 635 236
906 492 264 611 245
104 388 157 357 175
389 504 81 191 73
549 3 208 479 226
912 857 261 640 236
824 274 270 551 243
752 186 205 546 222
364 109 196 409 179
978 640 289 585 237
595 992 251 519 180
508 456 123 332 104
127 816 180 393 177
346 464 83 266 116
540 760 163 344 173
125 154 200 439 191
81 960 261 534 240
227 925 181 492 210
638 191 245 485 204
965 5 228 660 302
951 480 200 467 199
773 635 234 540 213
586 432 149 319 159
650 962 224 488 226
203 631 136 371 127
41 719 228 493 181
983 434 262 655 219
227 720 123 306 176
833 820 237 485 188
780 688 180 381 235
453 498 93 239 95
247 771 180 364 164
636 969 225 465 234
509 736 142 382 164
554 139 175 425 184
92 900 210 513 233
178 94 210 506 236
904 672 253 634 253
440 924 180 402 174
200 214 164 447 170
692 17 246 560 289
565 86 269 570 261
18 555 205 465 157
298 131 170 391 232
840 121 267 644 244
866 982 203 500 241
848 180 250 530 291
892 839 232 494 193
617 750 194 457 153
841 406 201 429 202
943 774 264 661 197
29 536 172 440 155
897 554 185 428 224
266 906 190 496 214
672 643 164 360 176
187 926 192 419 210
382 817 176 363 161
609 28 194 474 284
586 464 163 335 141
3 528 187 425 178
846 35 294 650 315
896 30 226 624 317
453 825 167 354 190
897 70 301 705 254
784 285 229 554 226
33 164 228 564 210
400 218 188 435 196
811 349 237 581 251
743 939 221 532 264
186 474 138 316 132
451 500 97 277 105
570 295 182 394 160
481 494 127 278 94
226 730 178 411 164
323 180 209 422 230
559 132 216 527 213
49 276 178 466 230
673 761 167 401 167
805 870 249 510 226
622 599 132 299 181
196 839 169 415 175
279 699 126 284 136
188 524 125 275 160
392 817 161 407 156
148 272 206 441 182
599 85 265 571 199
766 344 228 492 197
979 537 279 682 271
478 999 180 509 209
844 198 206 524 256
360 768 166 375 172
157 376 181 445 165
871 218 243 586 288
544 71 261 566 192
404 593 71 164 64
825 744 232 550 221
191 590 138 363 128
812 339 231 586 250
604 482 145 326 149
236 251 210 417 168
82 775 216 511 196
929 524 227 590 232
179 120 204 501 242
868 562 190 508 233
252 90 206 478 263
994 306 305 666 248
343 845 150 414 148
545 639 121 321 115
298 17 206 557 260
262 233 221 435 197
476 303 146 408 197
790 299 182 458 183
213 823 184 436 168
396 613 65 190 72
763 602 219 459 193
123 905 191 485 244
89 190 174 458 207
246 553 112 278 125
179 429 182 394 148
708 760 164 412 159
128 891 199 474 168
535 931 206 422 164
278 371 151 377 145
873 462 217 562 211
635 670 134 313 164
483 199 173 407 188
195 588 117 261 115
919 366 268 658 246
93 776 175 457 160
123 727 164 391 142
132 373 153 355 200
376 554 32 154 31
245 922 162 426 171
982 238 261 558 297
725 340 204 502 206
188 909 239 530 160
436 966 190 460 208
716 738 171 408 220
195 572 121 270 161
560 993 235 478 253
834 143 243 535 290
376 893 215 506 167
486 959 228 493 187
330 159 215 517 235
274 898 210 447 170
512 431 139 323 148
608 175 194 413 196
819 153 201 554 260
117 727 159 398 202
268 899 169 462 156
33 217 232 527 253
49 348 188 471 237
753 173 276 579 218
87 293 184 434 199
409 540 62 161 67
890 37 261 556 282
574 454 154 388 128
39 904 238 572 203
139 118 246 522 235
97 710 202 481 151
775 322 195 429 245
765 458 185 475 210
871 394 184 417 240
735 765 224 539 187
780 519 232 524 189
426 757 144 289 125
236 326 147 372 195
248 881 208 419 150
230 564 132 343 107
713 292 186 408 234
317 299 159 394 148
697 166 192 465 192
260 620 116 264 137
729 116 226 602 226
411 444 105 239 110
192 797 161 417 141
429 537 72 221 73
242 208 221 482 216
872 100 295 604 250
514 281 178 458 176
390 846 152 347 185
332 516 79 217 82
896 174 205 547 254
746 68 235 533 264
20 931 228 541 239
584 700 167 349 130
481 130 214 531 226
940 236 241 544 256
713 362 214 489 182
94 410 160 413 160
54 521 177 402 178
887 822 265 661 250
341 791 137 321 133
743 491 228 521 189
996 280 270 601 250
486 668 136 311 111
987 906 293 617 226
760 590 164 409 221
23 183 192 532 217
570 469 127 310 165
367 560 37 169 43
296 951 193 512 229
625 910 218 496 243
227 99 207 465 203
781 614 222 464 217
126 853 206 500 171
610 593 159 407 135
373 23 214 557 228
88 315 165 439 219
104 457 162 335 159
236 318 160 403 195
746 790 212 444 222
357 305 159 391 165
695 783 162 392 216
867 776 241 523 209
471 12 228 483 240
958 182 236 622 304
54 327 192 449 229
697 262 166 462 240
969 178 317 775 237
320 782 140 317 137
813 252 211 545 184
970 107 304 699 324
456 63 182 480 240
105 203 201 526 181
713 91 254 635 234
31 117 237 490 260
848 701 213 441 200
149 749 148 358 144
73 883 210 513 189
92 302 199 467 201
221 662 161 352 143
998 991 306 744 254
276 931 201 516 200
296 635 125 320 126
897 80 267 668 260
858 738 266 570 258
284 601 119 280 109
236 776 144 390 156
909 310 211 517 217
394 543 50 137 40
316 144 192 440 176
572 476 118 320 150
408 710 115 317 140
446 193 224 516 176
209 533 150 305 111
454 968 201 440 168
131 795 181 415 180
307 30 271 628 251
767 355 242 488 237
375 889 192 442 204
671 915 238 562 177
210 476 112 255 161
123 506 159 365 194
0 166 188 503 262
332 865 148 355 194
260 34 189 427 214
21 903 248 592 265
890 36 281 711 287
570 629 156 345 133
724 400 160 445 164
941 331 285 603 292
198 445 134 346 131
939 107 255 684 233
349 306 144 309 175
994 685 241 571 277
897 216 257 564 289
253 298 185 440 183
801 792 237 531 261
449 380 121 308 150
53 8 222 480 295
245 741 129 354 170
431 922 188 459 158
928 853 221 523 201
410 989 186 416 193
684 329 208 515 230
352 911 196 388 224
186 856 218 437 195
954 318 215 602 207
992 742 275 696 248
837 916 255 547 215
981 261 232 590 229
600 935 169 417 229
71 339 210 503 193
956 567 260 564 242
795 771 206 484 252
111 327 187 442 163
260 916 202 509 215
820 349 225 562 240
333 261 192 458 163
940 318 258 642 203
842 396 223 535 180
955 316 220 534 226
823 614 252 598 214
432 198 217 537 164
582 800 156 335 200
443 853 185 382 198
650 782 179 441 178
664 22 237 529 243
273 192 200 443 181
98 280 210 504 195
718 811 218 548 198
859 744 209 565 243
918 677 228 518 212
892 851 216 493 231
989 989 285 622 316
564 158 236 533 251
825 407 194 422 186
864 938 199 491 237
636 54 213 569 243
355 299 163 355 168
895 357 242 589 230
431 977 236 482 235
58 103 234 525 250
238 87 222 558 234
468 364 136 325 120
121 537 190 439 147
583 695 157 318 157
90 279 238 571 228
130 570 177 384 181
505 400 144 348 164
740 791 207 460 244
844 164 269 564 289
340 351 157 385 134
811 41 307 762 233
576 126 228 563 245
763 983 237 546 196
419 845 144 362 194
353 546 61 205 57
710 374 207 434 181
359 886 185 375 206
757 819 213 454 189
106 814 209 466 182
78 675 198 458 146
171 127 225 482 240
78 625 145 367 165
111 295 193 399 184
303 267 156 411 168
36 36 216 473 255
74 372 180 427 176
170 736 160 410 147
312 416 130 300 102
96 344 193 418 200
56 881 191 405 240
119 599 194 411 185
293 296 198 463 146
677 351 161 457 157
351 945 204 413 160
487 500 104 279 107
279 812 149 413 138
564 208 196 475 216
312 422 121 267 108
466 856 161 353 174
238 63 265 550 232
206 338 196 441 149
139 954 229 466 176
735 147 225 497 220
597 387 173 413 150
735 181 229 490 230
416 309 128 310 157
170 282 195 480 174
111 280 175 372 171
616 692 133 396 154
706 319 161 428 238
662 822 208 469 189
601 394 150 342 145
227 648 147 321 108
761 874 179 480 193
173 72 256 641 210
820 24 224 518 227
427 992 228 470 234
765 261 234 577 182
333 573 74 230 79
605 848 174 473 225
695 952 180 434 179
205 961 170 414 211
848 553 207 532 174
459 732 142 340 143
953 622 279 680 197
197 65 205 527 191
272 648 108 250 127
398 298 171 436 142
522 760 159 413 129
617 556 172 334 174
361 858 140 329 166
328 508 69 202 94
541 970 220 490 238
954 891 297 709 238
260 727 142 346 124
833 464 252 596 207
81 345 229 511 179
841 953 223 567 215
167 518 150 353 121
43 929 194 415 192
668 902 248 568 223
950 621 283 664 262
452 294 156 418 140
784 126 252 528 286
955 213 211 520 247
551 60 246 510 192
842 699 260 540 195
251 202 158 461 182
782 576 230 564 217
306 15 277 562 201
848 380 199 432 193
314 437 114 274 102
515 45 254 525 250
221 621 121 313 107
373 951 236 559 221
556 961 197 483 226
605 475 149 306 149
517 880 183 435 172
644 947 182 423 256
101 957 242 489 183
354 73 211 475 253
865 933 266 626 212
906 101 302 762 242
437 207 206 452 176
418 926 204 446 215
933 622 195 511 188
521 104 221 472 228
948 477 270 629 258
499 628 114 297 117
40 834 167 387 203
785 106 268 681 258
754 808 234 510 253
983 933 252 599 284
211 800 181 398 201
684 133 183 429 183
716 374 196 428 157
637 834 213 529 164
750 954 225 572 227
242 853 198 425 209
957 271 299 648 213
237 669 138 277 122
296 540 91 227 101
78 977 217 475 249
98 920 195 419 198
879 833 239 593 242
428 533 76 217 78
47 459 170 451 203
307 130 243 511 176
47 537 153 341 177
560 604 108 250 112
391 968 226 487 164
323 513 74 224 95
753 110 230 588 241
703 17 279 592 266
795 836 247 620 249
838 649 239 551 232
954 449 285 640 274
364 893 147 375 198
906 380 276 621 217
149 173 203 436 206
125 316 211 422 176
189 107 213 497 202
105 861 218 533 188
560 460 153 383 131
654 987 211 547 266
957 186 306 746 248
175 589 166 345 142
665 939 186 461 227
703 992 276 579 260
702 741 207 455 191
60 544 144 401 167
280 481 92 276 135
750 642 190 461 193
668 97 249 523 206
822 452 209 477 189
502 540 116 241 126
723 96 266 612 226
503 132 179 385 213
143 881 225 531 222
511 759 163 320 124
107 908 169 377 244
402 8 212 511 240
349 258 172 447 157
190 163 189 472 185
539 748 127 339 156
41 891 181 455 182
194 683 170 334 170
500 851 207 495 185
320 886 215 516 159
377 37 210 462 272
653 375 173 438 208
230 334 197 428 158
211 966 233 581 214
528 984 194 479 190
193 814 211 458 200
240 423 139 364 119
726 414 175 454 171
387 844 189 437 178
908 642 253 554 244
760 68 218 476 235
331 545 60 189 86
937 410 273 652 210
626 764 146 381 160
748 485 168 436 181
160 173 238 554 174
321 299 192 383 131
100 295 218 485 157
204 964 225 516 220
786 142 200 547 277
468 968 230 548 193
879 983 300 660 290
743 193 204 478 255
10 737 210 474 179
251 269 197 483 196
312 323 172 375 159
617 208 189 428 212
938 889 278 707 225
662 163 211 466 184
488 210 219 460 192
313 592 100 202 95
203 99 217 470 265
637 366 143 426 182
213 46 190 457 233
657 93 223 528 225
296 991 192 504 189
503 427 118 345 148
459 295 136 325 197
809 672 197 522 242
322 26 213 485 195
534 378 169 349 161
425 111 172 414 253
143 310 148 408 215
813 610 166 466 241
580 938 192 499 229
950 566 245 573 251
618 684 176 370 149
555 210 234 541 212
118 137 248 541 191
469 354 166 400 175
999 714 220 527 277
846 564 212 546 183
997 952 245 665 312
521 442 138 368 160
707 351 234 518 216
717 589 214 427 146
138 811 170 455 207
613 648 173 423 174
826 715 215 477 195
785 478 209 421 194
667 676 160 383 180
957 858 251 592 235
508 855 144 321 206
442 526 89 191 98
619 884 234 497 207
253 394 155 342 163
129 693 186 387 168
693 696 206 424 172
229 316 160 378 143
629 882 185 384 178
508 419 118 345 121
295 134 177 391 189
457 553 98 216 90
495 171 184 403 226
147 419 194 444 138
845 50 273 658 294
432 461 106 298 117
577 638 120 291 148
315 937 197 402 202
965 265 289 611 213
218 161 180 403 194
264 417 161 389 139
3 709 221 455 235
914 384 253 616 237
689 95 203 465 222
532 711 138 369 172
893 318 244 619 221
697 594 163 396 185
966 553 256 558 240
99 425 203 461 206
438 4 278 612 212
167 966 181 448 182
973 964 221 589 275
535 799 149 408 195
636 41 201 465 249
8 837 224 451 224
596 909 196 448 192
771 717 218 479 224
813 189 244 617 259
638 932 202 448 182
735 146 218 538 242
424 498 69 176 77
70 936 259 513 236
341 608 70 210 65
165 535 152 380 146
206 465 117 270 158
342 868 164 367 201
516 717 165 321 154
941 712 248 525 236
1000 392 241 580 212
356 878 180 436 207
756 667 233 451 200
450 386 119 343 113
522 471 142 361 124
563 136 211 447 219
983 923 290 648 314
225 1000 174 442 173
278 38 191 451 256
245 705 139 356 129
616 29 240 612 216
677 945 245 569 232
859 502 204 496 209
442 504 98 224 86
763 296 200 458 191
838 892 222 568 283
32 777 231 458 196
701 860 205 464 219
148 9 283 649 215
888 511 203 523 183
121 521 158 392 174
709 146 196 438 200
814 71 237 537 300
964 509 237 606 235
595 382 180 405 189
583 275 211 519 190
182 108 184 503 246
463 401 112 266 145
431 840 156 405 186
157 703 166 330 173
647 656 192 456 147
903 749 254 622 280
650 998 211 538 239
785 461 177 386 191
706 258 202 520 205
953 965 298 635 256
339 394 153 349 127
921 893 260 660 229
748 956 229 575 259
391 399 115 294 132
667 795 182 376 221
836 964 221 598 227
92 729 199 465 201
618 356 190 374 206
786 889 252 598 228
105 969 230 521 182
889 376 235 598 232
315 577 70 225 100
728 962 185 409 214
838 15 257 638 271
561 901 216 462 201
87 616 192 376 178
916 764 218 541 251
130 141 262 584 203
440 520 77 201 69
390 39 242 561 260
63 774 184 474 207
776 739 227 508 227
827 245 206 474 211
934 884 236 582 215
719 24 208 596 291
115 76 235 586 240
516 185 181 487 236
382 443 116 251 93
256 835 180 368 168
407 219 171 356 150
934 661 219 584 250
681 905 246 569 253
600 559 123 319 140
364 582 54 202 48
5 595 179 380 181
551 506 149 375 127
14 616 207 411 167
83 425 165 343 194
117 856 205 444 238
53 462 206 430 150
392 602 68 182 75
619 470 156 317 161
765 118 221 510 271
158 753 163 417 198
674 142 220 492 200
948 302 232 626 289
4 652 166 421 235
959 861 283 633 239
348 446 122 284 101
280 770 153 313 131
521 966 165 405 231
234 592 130 295 115
199 495 148 351 152
89 904 195 530 208
721 885 253 564 258
307 966 164 477 205
35 647 210 447 153
899 849 202 446 246
162 905 187 406 218
730 143 229 594 273
812 408 252 549 236
866 95 218 536 246
900 477 218 485 271
99 592 181 365 178
901 266 247 553 283
359 681 128 255 94
955 441 244 543 255
890 67 227 577 217
263 396 155 353 129
311 189 190 467 201
482 407 119 311 136
94 598 181 394 197
636 449 159 420 181
846 633 227 534 222
859 176 242 571 237
969 378 204 542 273
115 147 180 431 198
35 266 182 406 225
321 923 165 362 184
991 833 307 655 233
189 604 165 335 126
389 604 68 171 78
297 324 159 355 141
677 121 257 589 200
135 259 166 448 202
251 607 97 234 140
363 982 230 559 166
738 89 195 485 265
672 980 231 494 233
159 713 143 318 151
730 319 211 426 220
814 358 184 497 202
961 711 284 620 283
693 879 250 515 232
640 833 196 509 201
785 510 164 363 237
186 849 181 436 202
273 260 187 377 156
721 737 209 507 187
861 616 196 459 227
196 20 210 577 218
891 765 218 575 206
123 982 224 580 220
196 257 199 481 209
429 313 185 404 176
997 401 227 542 272
59 639 158 365 193
254 699 161 328 144
154 201 199 523 193
988 165 255 597 232
178 761 170 403 146
596 874 194 499 182
863 694 231 540 210
365 353 116 312 156
979 725 290 633 249
876 987 275 623 234
895 135 278 650 236
629 20 243 532 259
551 928 219 509 203
615 101 183 531 220
861 348 192 458 264
510 557 122 301 132
795 819 249 594 234
119 916 194 420 215
330 563 59 164 64
506 381 158 396 137
373 225 157 377 160
83 501 149 361 177
550 923 210 452 214
234 376 123 291 159
551 500 141 340 148
824 420 180 417 253
73 35 244 546 289
757 213 222 517 263
768 287 181 437 221
431 184 215 466 160
320 791 137 301 152
463 748 128 346 152
208 927 168 432 208
773 957 209 513 228
329 457 114 246 111
987 626 253 523 218
260 911 194 454 217
793 128 256 625 198
846 700 257 538 177
271 467 118 306 132
142 204 221 498 182
210 153 231 558 235
410 332 170 384 140
715 823 207 511 209
635 629 163 400 149
679 734 167 375 171
982 58 270 681 232
121 839 219 475 175
699 883 207 545 203
997 383 280 709 233
528 745 167 422 158
628 842 218 503 161
712 221 195 479 228
494 368 135 309 127
462 275 153 329 164
985 582 201 443 277
251 909 220 474 210
135 127 255 511 216
705 241 200 522 171
514 418 165 379 120
376 452 97 269 85
205 972 222 469 193
909 419 230 548 202
893 974 222 507 228
218 886 162 392 221
761 163 258 612 266
647 753 147 339 150
43 144 237 484 216
880 567 182 480 180
14 520 198 399 207
883 500 204 510 239
45 856 233 490 179
374 790 177 345 150
741 449 221 514 211
634 420 143 334 182
553 625 159 322 136
171 314 172 430 150
477 72 200 447 188
295 335 174 416 140
754 661 217 436 199
257 481 122 304 107
900 371 242 578 265
349 52 185 427 233
896 770 242 524 242
417 104 178 502 196
48 778 180 376 191
665 935 245 577 244
965 213 240 570 308
397 995 187 436 189
81 218 194 480 254
857 564 190 525 204
764 422 232 456 203
542 68 271 626 200
286 913 204 445 179
409 234 211 491 170
911 271 276 590 245
485 719 134 321 145
467 582 82 222 109
30 638 166 375 182
849 479 224 491 258
431 629 77 222 92
474 208 190 421 173
224 723 152 400 147
533 763 185 397 142
517 852 173 416 200
587 158 222 470 186
641 990 229 519 259
199 783 148 362 203
759 970 205 507 271
261 664 131 323 139
