42
42
42
7
5
5
1
552
1000
1000
1700
1000
188 38 193 5770 115 0 0
612 447 409 25783 245 0 0
204 528 203 7169 165 0 0
376 75 355 14291 206 0 0
624 89 399 24566 256 0 0
270 450 247 8946 145 0 0
399 733 380 12127 191 0 0
976 770 475 35592 289 0 0
987 451 565 44285 265 0 0
888 10 444 40911 350 0 0
530 846 448 15237 217 0 0
838 914 449 35986 311 0 0
420 303 343 12808 236 0 0
224 598 213 6794 136 0 0
515 706 376 15383 235 0 0
709 143 392 25127 311 0 0
601 14 467 19286 252 0 0
953 131 601 32289 256 0 0
975 944 564 39126 288 0 0
833 527 469 30426 254 0 0
606 958 415 22440 228 0 0
567 961 384 19191 235 0 0
704 171 468 22526 252 0 0
491 583 299 19624 261 0 0
261 774 201 7560 132 0 0
688 577 516 28237 302 0 0
69 921 99 1899 75 0 0
822 666 484 33023 307 0 0
493 442 422 14005 233 0 0
612 851 419 19237 254 0 0
722 889 382 24202 289 0 0
843 938 524 28123 305 0 0
931 693 487 37525 259 0 0
189 504 217 5639 151 0 0
750 966 391 24016 292 0 0
951 718 564 42940 285 0 0
799 347 417 34955 336 0 0
588 550 413 18729 223 0 0
748 142 408 25396 248 0 0
995 309 474 39398 306 0 0
727 40 403 27638 293 0 0
650 745 427 25129 225 0 0
1000 882 606 41196 329 0 0
273 659 233 9616 180 0 0
218 835 211 5559 137 0 0
664 767 537 23747 219 0 0
793 279 450 33654 288 0 0
165 646 167 5137 148 0 0
933 750 467 36227 323 0 0
848 411 573 29707 303 0 0
609 518 502 24991 265 0 0
840 523 459 38755 283 0 0
90 482 108 2350 80 0 0
168 663 205 5630 144 0 0
777 496 399 31921 231 0 0
700 670 453 25543 232 0 0
544 83 418 19110 272 0 0
639 910 473 25584 298 0 0
167 998 195 4220 131 0 0
14 197 34 305 34 0 0
630 285 371 27096 245 0 0
154 252 141 5049 121 0 0
237 165 245 8150 183 0 0
166 315 178 4857 118 0 0
365 150 255 9721 209 0 0
731 762 409 24692 231 0 0
304 658 309 8089 174 0 0
735 262 412 22096 256 0 0
105 289 146 3059 97 0 0
955 215 591 33364 299 0 0
408 165 278 13547 201 0 0
764 692 533 28958 306 0 0
376 424 329 10877 193 0 0
486 805 293 19346 256 0 0
270 529 237 8570 178 0 0
167 200 188 5538 104 0 0
358 329 297 11765 180 0 0
861 868 427 28176 290 0 0
440 987 412 12720 223 0 0
239 798 236 7437 142 0 0
513 794 338 20729 192 0 0
512 808 330 19598 242 0 0
289 765 276 9175 181 0 0
232 314 245 7685 166 0 0
535 780 389 19568 190 0 0
404 656 333 13626 231 0 0
446 243 379 16705 179 0 0
705 393 447 23331 229 0 0
208 286 178 6462 122 0 0
626 247 508 19152 292 0 0
571 262 357 22364 282 0 0
490 345 388 19382 260 0 0
255 165 227 9231 151 0 0
326 732 339 8457 198 0 0
8 757 27 188 28 0 0
455 301 337 15969 201 0 0
525 763 320 18427 231 0 0
128 82 133 3533 121 0 0
734 768 561 31780 296 0 0
24 743 53 630 55 0 0
26 213 51 621 44 0 0
210 525 174 6058 146 0 0
42 365 89 906 57 0 0
584 436 385 18111 260 0 0
773 939 587 33610 246 0 0
436 731 342 14944 223 0 0
844 100 483 31192 318 0 0
669 994 392 29363 285 0 0
842 706 455 28010 320 0 0
460 920 304 18604 220 0 0
179 637 192 4567 112 0 0
74 455 91 1865 77 0 0
258 940 253 6349 148 0 0
780 464 553 31877 242 0 0
33 460 78 649 53 0 0
0 124 1 96 1 0 0
319 590 273 9932 189 0 0
238 49 230 8116 128 0 0
958 612 573 30780 295 0 0
120 731 158 3388 114 0 0
682 750 484 27718 281 0 0
855 494 536 31550 248 0 0
346 427 297 10848 209 0 0
924 540 446 31241 298 0 0
125 920 135 2945 89 0 0
21 770 52 522 53 0 0
635 614 475 26708 300 0 0
573 874 480 21938 191 0 0
331 750 249 8663 165 0 0
943 976 588 40204 330 0 0
634 220 467 26824 298 0 0
522 303 341 20792 216 0 0
647 937 493 26100 271 0 0
951 812 488 33677 271 0 0
39 21 58 1033 72 0 0
746 316 552 24268 320 0 0
461 928 332 15872 201 0 0
931 397 646 35339 269 0 0
26 817 67 646 57 0 0
469 846 335 18401 174 0 0
519 246 457 21798 224 0 0
69 240 102 1394 98 0 0
39 640 75 1024 73 0 0
75 805 90 1950 77 0 0
586 922 355 20749 229 0 0
935 248 503 35722 269 0 0
640 437 415 25854 228 0 0
578 142 488 19912 276 0 0
213 706 227 7461 140 0 0
428 668 363 14707 191 0 0
699 598 541 21918 293 0 0
687 141 399 24337 314 0 0
338 354 302 10286 198 0 0
155 574 152 4591 125 0 0
311 375 258 9194 141 0 0
323 308 271 11478 209 0 0
496 998 348 15943 216 0 0
300 561 240 7760 183 0 0
276 904 281 7585 156 0 0
874 639 544 39561 237 0 0
818 200 508 35180 318 0 0
183 888 192 4645 133 0 0
244 256 272 8820 146 0 0
965 226 681 41515 270 0 0
720 970 488 24051 288 0 0
659 600 445 23640 234 0 0
763 990 513 30465 244 0 0
496 129 430 14662 254 0 0
510 144 436 16920 189 0 0
483 735 325 17776 242 0 0
329 73 249 12203 209 0 0
3 53 12 153 20 0 0
128 874 136 3102 104 0 0
399 874 379 13576 214 0 0
17 576 50 472 39 0 0
507 995 442 14584 185 0 0
240 876 255 6536 172 0 0
141 69 144 3509 132 0 0
991 348 571 35731 275 0 0
956 558 509 43162 316 0 0
98 25 144 2606 95 0 0
510 77 346 18006 252 0 0
532 570 342 19204 222 0 0
989 64 481 33635 258 0 0
115 825 156 2904 90 0 0
102 273 153 2154 82 0 0
796 887 431 26345 316 0 0
98 434 138 2849 83 0 0
775 833 578 26710 277 0 0
478 195 387 16271 186 0 0
852 400 601 36782 302 0 0
327 404 306 9853 151 0 0
36 247 68 946 50 0 0
882 201 581 35033 239 0 0
794 912 402 33669 295 0 0
97 964 150 2945 96 0 0
953 45 452 39666 289 0 0
885 574 439 33930 316 0 0
571 772 456 21738 242 0 0
3 404 11 132 15 0 0
406 250 378 16106 210 0 0
209 766 214 4996 142 0 0
685 494 397 27584 289 0 0
383 646 360 12025 207 0 0
585 244 473 24389 210 0 0
684 912 446 24662 263 0 0
780 450 455 32933 295 0 0
774 275 533 32132 275 0 0
224 772 213 5380 148 0 0
208 886 188 6484 145 0 0
665 374 525 21631 215 0 0
427 891 287 13419 178 0 0
890 261 627 35773 305 0 0
693 935 415 29101 290 0 0
365 723 298 12828 158 0 0
246 233 278 8690 141 0 0
887 595 508 40115 251 0 0
57 993 105 1126 90 0 0
840 262 423 32302 326 0 0
751 591 440 31737 324 0 0
907 839 579 33451 259 0 0
441 132 401 14790 226 0 0
528 14 313 15043 217 0 0
652 494 357 21461 230 0 0
835 313 483 29924 268 0 0
173 975 222 4649 143 0 0
444 905 391 16221 243 0 0
747 412 466 29759 224 0 0
697 227 400 26256 302 0 0
296 982 317 8114 159 0 0
476 632 360 16231 248 0 0
619 941 374 18331 233 0 0
185 770 181 4986 133 0 0
259 617 245 8955 183 0 0
568 846 339 20320 206 0 0
353 831 354 11373 200 0 0
658 616 381 24869 276 0 0
629 357 487 27248 249 0 0
800 88 590 33462 229 0 0
226 512 269 5676 135 0 0
198 870 233 5211 142 0 0
178 897 177 4233 108 0 0
451 576 315 15578 248 0 0
776 19 469 31108 331 0 0
304 294 300 9744 159 0 0
514 228 334 17617 270 0 0
838 61 572 34250 341 0 0
572 936 460 23046 267 0 0
76 265 97 1877 79 0 0
476 531 331 14953 183 0 0
534 914 356 18185 254 0 0
830 61 420 34561 334 0 0
381 445 300 11089 184 0 0
801 702 422 27930 269 0 0
684 888 379 30057 291 0 0
123 867 165 2895 121 0 0
242 879 248 8755 155 0 0
732 773 563 22165 244 0 0
641 373 368 21391 300 0 0
200 52 181 6628 150 0 0
158 659 188 4887 141 0 0
444 513 407 15271 188 0 0
656 203 490 27417 258 0 0
308 135 259 9717 148 0 0
15 407 38 388 45 0 0
907 412 642 28619 313 0 0
119 149 150 3780 101 0 0
481 505 339 18108 203 0 0
611 762 388 25084 243 0 0
517 864 306 20674 268 0 0
455 431 375 17790 227 0 0
507 269 362 15422 234 0 0
580 422 461 22936 267 0 0
168 497 179 4986 105 0 0
494 86 411 16992 219 0 0
936 5 452 40874 268 0 0
339 46 338 13064 217 0 0
634 472 468 21841 289 0 0
22 301 45 433 55 0 0
675 532 510 24642 246 0 0
329 701 290 9418 181 0 0
476 104 378 19489 205 0 0
946 207 520 38098 253 0 0
648 887 491 24191 218 0 0
83 218 138 1778 76 0 0
736 827 407 22765 318 0 0
160 52 192 5331 101 0 0
641 251 524 26007 274 0 0
285 600 305 8670 163 0 0
872 426 594 35303 237 0 0
374 691 253 13565 195 0 0
468 139 327 13921 201 0 0
991 128 636 46914 310 0 0
935 566 544 44030 272 0 0
742 606 414 29732 294 0 0
621 913 482 19531 295 0 0
758 404 400 26603 222 0 0
436 386 407 14860 184 0 0
483 530 387 19213 242 0 0
392 536 357 14580 199 0 0
464 908 321 13241 187 0 0
507 465 345 16950 200 0 0
485 643 360 19217 251 0 0
993 156 520 35349 362 0 0
597 612 438 24771 271 0 0
449 537 291 13950 231 0 0
909 181 570 30189 325 0 0
618 552 468 22655 239 0 0
189 696 182 5059 154 0 0
525 914 349 21290 263 0 0
352 405 300 9206 156 0 0
238 430 195 7966 130 0 0
151 986 205 4124 111 0 0
288 790 218 10424 198 0 0
273 669 291 7789 177 0 0
26 890 63 516 56 0 0
54 385 87 1380 86 0 0
878 211 461 35975 274 0 0
667 718 423 23565 217 0 0
792 970 484 32285 278 0 0
309 779 306 10528 186 0 0
444 882 399 13135 236 0 0
583 452 429 20625 247 0 0
293 655 233 7505 147 0 0
743 298 546 23410 228 0 0
972 51 594 31132 306 0 0
534 810 419 21343 243 0 0
771 128 441 23583 263 0 0
111 88 148 3338 109 0 0
847 272 583 27417 239 0 0
838 162 417 36226 264 0 0
738 938 432 31101 323 0 0
513 704 314 16860 214 0 0
772 38 406 34391 271 0 0
475 506 353 16671 177 0 0
33 971 60 864 56 0 0
575 305 329 18739 241 0 0
182 107 203 4980 160 0 0
758 765 396 30296 240 0 0
541 581 454 16460 228 0 0
878 658 632 32542 340 0 0
815 337 549 33346 233 0 0
67 675 122 1783 73 0 0
356 496 255 10338 187 0 0
22 944 54 597 42 0 0
689 224 509 29862 264 0 0
872 231 598 33355 244 0 0
109 712 163 2774 87 0 0
376 811 334 14826 191 0 0
380 276 350 10849 221 0 0
333 408 310 12819 199 0 0
650 154 500 22978 272 0 0
875 918 595 38878 265 0 0
207 131 223 5016 167 0 0
671 927 519 28400 212 0 0
431 275 337 16563 246 0 0
535 500 381 20098 244 0 0
726 385 494 27850 286 0 0
770 884 517 34377 269 0 0
60 82 86 1295 78 0 0
86 266 109 2168 110 0 0
46 919 66 888 64 0 0
286 941 211 10414 159 0 0
739 184 522 28027 274 0 0
454 367 379 13539 235 0 0
110 552 118 2805 102 0 0
204 223 183 5529 142 0 0
611 639 390 21327 291 0 0
147 259 192 4359 110 0 0
991 750 595 45552 263 0 0
735 288 571 28955 255 0 0
301 827 259 8037 150 0 0
849 498 551 33475 293 0 0
783 446 415 27217 315 0 0
833 87 610 34935 335 0 0
481 431 361 15361 247 0 0
776 251 521 35098 232 0 0
177 279 159 4346 146 0 0
309 245 231 9959 145 0 0
270 838 274 8687 140 0 0
938 171 520 41556 352 0 0
798 14 530 33291 250 0 0
338 759 252 11708 164 0 0
433 153 288 15358 172 0 0
709 728 534 27738 234 0 0
235 414 186 6571 183 0 0
421 479 317 15396 243 0 0
568 293 441 24234 264 0 0
102 639 145 3054 94 0 0
406 485 367 11549 236 0 0
310 642 233 11558 187 0 0
94 661 106 1950 112 0 0
912 929 479 38275 286 0 0
669 876 452 22516 262 0 0
94 422 146 2888 79 0 0
681 531 446 21827 258 0 0
690 714 448 26266 263 0 0
335 438 287 10181 199 0 0
551 208 327 23299 222 0 0
927 121 493 32555 345 0 0
627 388 417 25892 249 0 0
887 53 481 34853 269 0 0
450 742 325 14716 193 0 0
424 301 375 15585 165 0 0
197 62 189 6091 135 0 0
550 754 412 19379 247 0 0
377 816 346 12895 212 0 0
538 546 319 18448 267 0 0
543 248 450 19252 248 0 0
350 632 306 13072 214 0 0
824 151 558 26366 328 0 0
309 494 236 11528 150 0 0
288 628 295 10048 183 0 0
227 912 217 7231 157 0 0
428 732 322 14780 221 0 0
783 719 453 29122 273 0 0
545 631 468 15983 203 0 0
213 650 237 5647 144 0 0
452 484 392 13844 217 0 0
87 353 123 2247 111 0 0
439 187 369 13637 214 0 0
962 478 473 32939 361 0 0
956 232 534 39862 306 0 0
121 172 123 2618 124 0 0
903 555 509 34261 271 0 0
436 18 275 14893 220 0 0
289 336 299 9138 194 0 0
976 423 530 39391 340 0 0
696 456 446 30485 235 0 0
18 715 39 396 48 0 0
707 402 505 24396 292 0 0
42 23 83 1082 63 0 0
810 274 484 25784 327 0 0
84 419 103 1736 74 0 0
125 319 167 3633 124 0 0
250 797 208 7488 153 0 0
946 329 501 42925 326 0 0
433 305 284 16023 221 0 0
415 383 360 16357 238 0 0
534 744 330 17974 215 0 0
726 65 410 27238 320 0 0
189 822 180 5907 142 0 0
738 809 556 30713 275 0 0
695 349 383 26551 300 0 0
747 109 559 30976 262 0 0
182 546 234 4206 156 0 0
121 945 171 3112 104 0 0
698 778 406 28956 215 0 0
137 290 171 3701 133 0 0
136 737 171 3718 134 0 0
180 634 162 4792 142 0 0
871 72 466 27943 246 0 0
158 480 207 5086 117 0 0
275 677 233 9898 147 0 0
550 158 396 18844 245 0 0
287 90 249 7393 143 0 0
719 483 438 31760 218 0 0
386 950 341 11234 231 0 0
629 660 463 25664 201 0 0
534 121 444 20933 269 0 0
892 265 527 39374 341 0 0
105 340 151 2945 88 0 0
277 357 223 8100 145 0 0
651 715 444 24541 211 0 0
639 888 434 19079 233 0 0
595 241 498 18227 254 0 0
707 557 489 25674 237 0 0
833 762 496 30816 332 0 0
942 351 663 39886 325 0 0
837 158 444 27343 273 0 0
108 451 114 3204 90 0 0
348 839 263 13565 192 0 0
493 105 307 16631 237 0 0
847 307 517 26780 265 0 0
787 290 431 25658 240 0 0
407 758 343 13028 228 0 0
884 974 496 30629 353 0 0
936 18 478 31169 351 0 0
0 608 1 101 1 0 0
337 924 346 12177 158 0 0
339 791 290 10784 154 0 0
907 5 506 34813 260 0 0
237 589 207 7971 168 0 0
893 707 648 40760 281 0 0
323 991 307 12093 153 0 0
188 208 170 5798 160 0 0
5 436 19 170 22 0 0
421 369 396 17004 192 0 0
992 702 583 32943 310 0 0
885 657 596 31826 281 0 0
338 432 345 11023 201 0 0
433 957 379 14098 239 0 0
120 509 177 2599 87 0 0
132 160 155 3560 136 0 0
74 372 119 1793 98 0 0
828 67 569 32542 287 0 0
109 379 132 2722 116 0 0
31 615 62 585 51 0 0
56 554 83 1247 65 0 0
239 990 230 7671 149 0 0
329 723 312 11329 197 0 0
806 876 434 28600 333 0 0
108 979 132 3236 112 0 0
713 471 503 25017 260 0 0
971 37 517 41549 327 0 0
865 496 615 29491 283 0 0
725 221 442 28859 239 0 0
258 374 197 7138 135 0 0
670 693 367 20680 269 0 0
759 749 523 25269 287 0 0
192 836 190 4916 133 0 0
859 910 433 26732 349 0 0
377 981 369 11369 186 0 0
154 952 147 4661 105 0 0
990 60 594 37843 324 0 0
585 659 431 23220 250 0 0
354 515 344 12267 153 0 0
431 212 366 16943 206 0 0
909 401 589 37353 288 0 0
534 103 340 18118 213 0 0
487 443 357 15964 239 0 0
149 418 205 3596 137 0 0
883 437 457 38529 331 0 0
283 585 208 10243 198 0 0
58 126 88 1463 88 0 0
90 481 137 2085 79 0 0
160 840 179 4170 105 0 0
580 640 369 16895 202 0 0
286 476 233 10426 199 0 0
936 877 449 36316 307 0 0
243 201 281 7279 145 0 0
724 832 552 27337 244 0 0
977 928 532 34575 251 0 0
479 328 361 14056 253 0 0
534 346 375 21605 235 0 0
288 505 227 7271 148 0 0
104 677 112 2882 99 0 0
327 603 264 12555 203 0 0
620 884 456 26846 230 0 0
663 848 372 25723 254 0 0
508 982 448 14786 222 0 0
277 237 250 9225 173 0 0
141 29 161 3478 95 0 0
630 983 468 21308 287 0 0
554 155 403 20562 192 0 0
208 550 220 7300 127 0 0
424 874 316 16518 174 0 0
378 691 311 11166 209 0 0
430 556 338 14737 172 0 0
933 519 594 38678 270 0 0
214 731 249 7490 133 0 0
975 314 513 32976 329 0 0
542 895 389 21087 211 0 0
883 881 513 30784 314 0 0
651 829 497 28078 290 0 0
200 128 195 5646 145 0 0
844 260 528 32368 239 0 0
349 153 354 9788 198 0 0
791 832 462 29826 336 0 0
944 62 603 42489 284 0 0
641 23 505 19404 285 0 0
887 386 535 29039 319 0 0
820 499 415 34965 302 0 0
11 855 33 250 35 0 0
667 61 428 23428 228 0 0
558 420 443 18975 225 0 0
448 471 353 15641 193 0 0
518 834 397 18715 233 0 0
990 202 505 44532 365 0 0
981 159 547 44984 267 0 0
660 973 383 24175 245 0 0
21 766 55 394 43 0 0
948 599 547 40389 249 0 0
785 104 595 34240 274 0 0
824 194 503 34253 238 0 0
891 92 617 37414 249 0 0
970 293 492 43321 268 0 0
152 602 175 4854 104 0 0
189 260 215 6132 156 0 0
974 245 674 37868 330 0 0
676 714 525 28047 262 0 0
445 223 329 14992 192 0 0
122 610 122 3375 106 0 0
408 429 309 13504 171 0 0
516 294 443 17984 186 0 0
648 180 508 22858 268 0 0
824 503 592 31664 313 0 0
937 440 455 31729 329 0 0
128 201 154 3580 95 0 0
749 258 434 26308 282 0 0
397 15 362 15026 233 0 0
849 341 608 32458 260 0 0
551 733 386 19519 272 0 0
583 221 461 17101 238 0 0
58 464 112 1389 89 0 0
839 173 449 30143 277 0 0
269 922 260 8618 145 0 0
222 238 245 7455 122 0 0
58 861 87 1456 61 0 0
498 706 374 20270 183 0 0
702 978 437 22927 236 0 0
670 845 516 25271 234 0 0
87 582 135 2094 77 0 0
406 923 294 15264 189 0 0
347 765 324 11232 159 0 0
890 9 492 40281 311 0 0
376 226 340 11198 195 0 0
600 87 495 18449 215 0 0
620 996 376 24202 281 0 0
692 963 493 25387 258 0 0
220 984 254 6257 125 0 0
538 539 428 21511 185 0 0
395 570 261 14917 196 0 0
199 207 216 6563 149 0 0
692 514 485 27247 301 0 0
275 614 287 6879 153 0 0
46 423 95 1213 68 0 0
90 781 138 2470 79 0 0
106 307 129 2563 107 0 0
124 727 146 3923 104 0 0
158 657 196 3608 150 0 0
978 986 673 33667 353 0 0
808 664 561 31039 259 0 0
590 407 382 20850 268 0 0
944 517 554 38877 270 0 0
666 33 492 21866 211 0 0
176 385 183 5560 132 0 0
528 320 412 16952 244 0 0
627 374 431 21044 297 0 0
15 309 39 340 41 0 0
631 370 359 20773 257 0 0
153 25 183 4617 111 0 0
70 162 121 1981 87 0 0
878 747 581 29247 322 0 0
451 871 376 16469 248 0 0
143 279 160 4006 106 0 0
943 676 623 42919 338 0 0
683 678 425 26464 265 0 0
432 323 377 16559 238 0 0
7 578 25 223 31 0 0
852 684 454 28962 328 0 0
455 745 384 15962 239 0 0
739 395 475 23951 292 0 0
895 111 632 32592 252 0 0
879 306 440 33186 337 0 0
957 920 575 33045 336 0 0
265 325 226 6755 163 0 0
899 174 576 36599 355 0 0
850 253 445 38666 270 0 0
687 0 443 20989 232 0 0
606 259 434 21455 235 0 0
914 15 643 36237 248 0 0
272 642 251 8232 186 0 0
797 330 458 29502 287 0 0
203 478 178 6432 141 0 0
424 225 340 12345 229 0 0
421 585 315 13824 219 0 0
938 418 499 42371 347 0 0
771 487 419 32296 276 0 0
832 573 548 34081 261 0 0
413 70 308 13873 179 0 0
819 810 474 27130 239 0 0
207 541 186 4975 165 0 0
546 337 432 22289 277 0 0
547 707 361 23247 273 0 0
767 443 508 30048 246 0 0
895 880 648 35153 340 0 0
876 749 578 31580 329 0 0
967 770 609 42043 358 0 0
89 713 140 1976 92 0 0
247 45 195 7894 155 0 0
9 937 30 229 33 0 0
590 261 433 22899 209 0 0
934 233 661 30811 288 0 0
568 854 346 22190 254 0 0
749 176 412 31248 312 0 0
103 554 148 2645 105 0 0
728 14 521 31013 233 0 0
58 521 108 1298 63 0 0
889 745 646 32610 311 0 0
484 964 431 15346 244 0 0
985 509 642 33705 351 0 0
971 831 558 37267 313 0 0
283 286 236 9680 152 0 0
748 395 489 27722 258 0 0
619 860 497 26515 291 0 0
708 75 386 28112 300 0 0
300 552 257 9465 169 0 0
682 108 419 24946 257 0 0
937 133 459 29741 278 0 0
624 500 401 23026 207 0 0
134 167 174 3485 119 0 0
102 607 154 2946 113 0 0
890 389 497 33710 329 0 0
639 949 479 22863 217 0 0
686 548 422 23139 307 0 0
222 75 194 5649 177 0 0
727 726 485 30623 304 0 0
427 282 333 11594 196 0 0
797 557 477 31376 230 0 0
321 784 258 8624 182 0 0
520 876 364 17280 201 0 0
213 638 176 7087 172 0 0
655 689 443 21566 296 0 0
714 697 404 31951 250 0 0
398 113 387 11557 167 0 0
391 557 288 15578 212 0 0
274 801 276 7922 153 0 0
931 10 638 37497 276 0 0
707 312 422 25980 258 0 0
507 432 365 18065 236 0 0
138 194 194 3884 134 0 0
227 715 236 8085 123 0 0
156 646 182 4362 129 0 0
112 422 164 2706 86 0 0
999 297 513 39206 345 0 0
756 708 403 25303 251 0 0
254 880 279 6559 129 0 0
618 9 354 19036 227 0 0
953 752 595 31309 263 0 0
603 88 501 24199 198 0 0
370 459 275 10021 194 0 0
495 148 379 17397 252 0 0
248 184 259 8035 148 0 0
59 112 110 1188 84 0 0
190 79 237 4890 152 0 0
969 385 576 45730 355 0 0
548 661 362 18934 239 0 0
960 719 650 32512 297 0 0
579 652 457 24027 192 0 0
224 115 211 7052 158 0 0
360 404 361 13397 176 0 0
984 920 461 45673 310 0 0
691 140 386 24558 267 0 0
207 296 230 4949 142 0 0
44 469 68 1106 70 0 0
95 642 142 2811 113 0 0
992 215 666 45236 296 0 0
823 450 488 31448 330 0 0
654 836 382 25186 276 0 0
109 134 147 2490 90 0 0
340 635 301 12871 195 0 0
592 856 446 18314 277 0 0
168 961 155 4352 115 0 0
31 737 68 753 55 0 0
442 685 345 12171 223 0 0
620 730 381 24340 282 0 0
607 348 466 20544 267 0 0
410 575 325 11541 199 0 0
403 182 342 10931 167 0 0
881 649 489 35221 278 0 0
396 336 309 14465 169 0 0
292 882 276 8915 166 0 0
681 326 467 28053 278 0 0
153 678 182 4591 145 0 0
806 778 491 25165 327 0 0
639 157 484 25153 225 0 0
832 637 585 26770 256 0 0
841 415 432 31719 333 0 0
756 643 457 30338 308 0 0
897 914 449 34791 276 0 0
155 646 156 4372 110 0 0
922 782 525 37265 296 0 0
240 930 239 7316 155 0 0
287 841 279 8597 154 0 0
529 205 444 22366 198 0 0
347 700 290 12550 159 0 0
396 645 319 13333 175 0 0
666 358 420 20011 211 0 0
84 868 108 2230 106 0 0
339 269 347 9829 212 0 0
422 711 336 13053 220 0 0
839 735 620 37053 294 0 0
34 452 62 853 68 0 0
179 326 203 4230 158 0 0
134 67 192 4195 123 0 0
363 39 317 9689 196 0 0
61 383 103 1446 81 0 0
742 12 538 29154 325 0 0
807 81 476 33959 329 0 0
819 730 546 29834 289 0 0
942 754 522 32759 262 0 0
652 956 406 24013 260 0 0
5 894 18 198 20 0 0
623 19 400 22720 281 0 0
845 44 620 27386 248 0 0
120 269 161 2675 92 0 0
389 366 347 10907 188 0 0
965 833 462 37990 341 0 0
548 51 466 19884 280 0 0
819 209 503 32420 239 0 0
650 407 484 26289 232 0 0
267 59 241 7238 176 0 0
565 757 326 19582 194 0 0
78 112 95 2067 95 0 0
247 715 279 9039 134 0 0
742 328 523 25925 279 0 0
981 900 526 37231 303 0 0
721 187 405 28996 298 0 0
295 77 299 9978 167 0 0
388 672 288 11820 175 0 0
5 429 19 165 20 0 0
301 20 285 9395 156 0 0
801 650 500 31146 331 0 0
571 388 326 21965 282 0 0
985 495 554 37522 275 0 0
647 15 514 26579 204 0 0
980 771 607 45264 285 0 0
337 600 269 11806 201 0 0
202 878 206 5105 158 0 0
576 281 407 21118 224 0 0
552 593 362 21948 212 0 0
163 868 213 4354 153 0 0
764 66 410 28127 326 0 0
15 866 40 291 33 0 0
269 118 236 6807 157 0 0
53 746 75 1119 82 0 0
84 920 137 2184 81 0 0
277 498 208 7043 142 0 0
390 329 296 14627 178 0 0
925 942 541 30166 330 0 0
214 157 220 6872 123 0 0
22 274 45 476 54 0 0
642 374 515 21971 209 0 0
659 587 393 26831 229 0 0
661 686 516 19797 278 0 0
961 31 628 35641 365 0 0
175 674 222 5880 135 0 0
547 377 390 19452 229 0 0
14 743 32 346 32 0 0
2 459 12 144 11 0 0
885 373 599 31003 273 0 0
350 391 284 12979 167 0 0
861 470 452 39197 334 0 0
924 816 493 29919 284 0 0
780 810 512 29381 239 0 0
338 324 319 8946 200 0 0
488 874 347 17405 213 0 0
525 556 371 21558 233 0 0
459 940 287 14223 191 0 0
46 232 95 1025 64 0 0
987 547 498 32420 268 0 0
769 597 450 29684 278 0 0
940 904 522 35263 343 0 0
868 829 507 28694 265 0 0
113 583 157 3405 106 0 0
295 836 290 8311 197 0 0
975 122 527 44381 275 0 0
444 342 301 12544 189 0 0
716 628 433 27560 281 0 0
64 348 85 1798 64 0 0
700 930 470 31184 307 0 0
888 725 547 39711 314 0 0
690 474 489 25009 267 0 0
526 895 347 14869 195 0 0
837 369 492 28648 335 0 0
78 125 115 1985 100 0 0
119 619 166 3017 97 0 0
374 961 311 13649 185 0 0
678 109 475 27800 220 0 0
884 788 597 34446 287 0 0
284 380 309 10436 181 0 0
416 835 284 14137 205 0 0
558 88 473 22326 206 0 0
655 705 403 25063 217 0 0
586 761 356 25075 251 0 0
272 26 234 7576 152 0 0
841 371 520 30087 255 0 0
190 139 183 6284 134 0 0
54 430 104 1178 60 0 0
122 139 133 3621 131 0 0
41 658 60 980 60 0 0
777 26 524 26383 331 0 0
511 58 361 14407 182 0 0
156 320 198 3725 133 0 0
175 262 167 5430 138 0 0
553 154 428 21132 238 0 0
610 294 365 19652 218 0 0
249 826 265 6440 164 0 0
175 214 195 4294 150 0 0
362 487 264 13256 212 0 0
950 174 541 30725 281 0 0
931 954 491 33317 282 0 0
674 294 475 23027 254 0 0
743 818 459 26359 239 0 0
386 874 335 14951 211 0 0
598 215 419 22332 276 0 0
167 445 183 5243 147 0 0
289 130 219 8075 169 0 0
356 662 307 9601 205 0 0
569 799 430 18661 235 0 0
344 264 317 10866 206 0 0
438 268 320 12641 187 0 0
891 830 536 39975 241 0 0
204 685 246 5602 129 0 0
808 365 546 25892 291 0 0
49 39 89 1047 80 0 0
786 170 589 29261 284 0 0
921 415 478 36530 349 0 0
383 403 294 15193 201 0 0
642 648 521 19002 296 0 0
522 854 366 18688 193 0 0
10 921 26 217 26 0 0
926 512 624 31814 273 0 0
0 177 1 86 1 0 0
224 120 257 6712 121 0 0
30 2 56 593 61 0 0
793 890 407 27852 302 0 0
418 305 283 14461 190 0 0
961 280 478 36236 287 0 0
411 690 294 11838 169 0 0
243 662 233 7902 162 0 0
161 177 207 5432 133 0 0
390 644 317 15326 198 0 0
486 860 419 15668 205 0 0
172 155 178 4152 122 0 0
652 470 394 23591 216 0 0
713 317 470 25873 283 0 0
917 228 596 36342 294 0 0
831 815 498 29543 312 0 0
966 59 460 40269 342 0 0
990 260 501 42448 353 0 0
246 116 202 7741 186 0 0
781 708 417 25271 234 0 0
490 254 303 16112 214 0 0
822 808 608 27597 262 0 0
608 599 488 21813 228 0 0
809 653 449 33282 259 0 0
488 503 376 16559 264 0 0
169 143 193 5363 116 0 0
19 975 51 402 35 0 0
0 391 1 104 1 0 0
911 604 607 32138 294 0 0
507 900 347 18534 180 0 0
872 785 586 38900 349 0 0
460 634 377 14858 175 0 0
361 2 346 14025 162 0 0
263 558 252 9076 193 0 0
947 692 503 40172 344 0 0
432 23 338 14782 199 0 0
325 638 336 11637 166 0 0
179 377 167 5881 130 0 0
252 982 240 6857 131 0 0
546 563 405 16659 272 0 0
539 329 323 19443 244 0 0
600 529 361 17860 197 0 0
381 3 334 14411 162 0 0
14 183 30 338 44 0 0
808 699 454 28310 295 0 0
614 44 470 22118 258 0 0
934 916 507 38678 267 0 0
149 55 184 4476 121 0 0
771 210 583 24872 280 0 0
53 355 84 1407 70 0 0
909 531 649 31094 299 0 0
472 437 386 18890 258 0 0
618 609 473 22266 279 0 0
176 88 186 4152 125 0 0
450 172 358 16421 225 0 0
511 181 313 21107 201 0 0
287 920 253 7239 187 0 0
671 250 467 24319 243 0 0
732 147 495 26502 225 0 0
25 257 65 658 45 0 0
200 775 234 5295 136 0 0
551 789 465 15831 206 0 0
81 179 110 1844 94 0 0
961 312 641 31063 312 0 0
165 451 171 3814 143 0 0
446 621 355 17405 199 0 0
904 230 595 28706 314 0 0
124 28 163 2858 96 0 0
362 55 286 11267 167 0 0
341 935 250 10772 159 0 0
643 714 453 25464 256 0 0
993 859 618 37463 315 0 0
380 736 332 13178 190 0 0
994 42 578 46848 313 0 0
778 79 401 35101 252 0 0
729 39 513 22791 307 0 0
538 665 467 16803 269 0 0
175 669 195 5261 134 0 0
610 706 415 21875 241 0 0
331 924 342 11749 207 0 0
741 247 488 22733 276 0 0
620 820 365 26351 203 0 0
318 211 230 12193 197 0 0
207 770 250 6468 131 0 0
896 740 625 41710 242 0 0
404 426 375 14041 213 0 0
300 849 276 8965 206 0 0
266 701 240 7096 154 0 0
777 704 545 25365 245 0 0
263 434 217 8855 192 0 0
157 571 179 3588 112 0 0
862 81 439 33511 278 0 0
10 847 28 288 29 0 0
368 257 314 11891 178 0 0
325 315 231 9555 145 0 0
940 783 527 34990 331 0 0
