42
75
25
5
5
7
1
354
2000
777
1234
1000
879 58 482 31155 341 0 0
1781 38 766 70370 374 0 0
1770 260 974 85964 423 0 0
1585 330 851 61562 361 0 0
839 745 563 32533 317 0 0
1410 624 813 64324 300 0 0
1760 712 879 83999 373 0 0
904 99 443 42317 331 0 0
1942 690 1026 74509 352 0 0
467 171 394 13908 225 0 0
696 37 462 21447 272 0 0
1153 480 601 55945 296 0 0
1580 129 813 80431 430 0 0
1357 455 580 61872 338 0 0
462 596 369 13918 208 0 0
438 397 360 13621 174 0 0
141 322 183 4315 105 0 0
522 114 404 20997 260 0 0
791 707 584 32955 320 0 0
1724 415 782 91702 456 0 0
184 293 159 6116 121 0 0
588 554 485 23819 201 0 0
668 562 434 24514 243 0 0
512 298 422 17970 226 0 0
1122 22 626 47436 373 0 0
1464 423 767 67836 389 0 0
1092 681 624 40985 334 0 0
1364 620 829 51425 359 0 0
1509 347 907 77821 404 0 0
357 57 312 13083 192 0 0
65 15 107 1878 82 0 0
1727 239 740 76235 391 0 0
1149 357 559 47988 393 0 0
818 24 551 27484 280 0 0
947 164 522 39420 323 0 0
1357 328 812 57198 383 0 0
1544 121 653 53789 454 0 0
1217 199 555 57733 364 0 0
852 766 429 32022 250 0 0
158 676 192 4723 109 0 0
1693 764 947 62279 415 0 0
1410 190 669 56243 393 0 0
1660 118 937 70396 470 0 0
1371 333 735 60191 397 0 0
335 288 279 10333 169 0 0
188 596 183 6105 143 0 0
2000 680 985 76318 459 0 0
1915 704 1026 96358 487 0 0
76 700 127 1888 100 0 0
1486 660 805 55009 453 0 0
432 652 354 17508 211 0 0
28 357 68 575 46 0 0
964 151 608 44347 264 0 0
71 564 101 2026 94 0 0
579 553 379 19061 264 0 0
1722 125 955 71618 415 0 0
528 52 430 18489 235 0 0
148 727 158 3810 122 0 0
919 23 616 36363 356 0 0
410 577 378 11524 207 0 0
1536 626 741 73572 358 0 0
734 260 443 24251 315 0 0
1259 584 582 52974 414 0 0
47 404 83 934 57 0 0
1294 118 571 57427 343 0 0
1044 133 703 47241 316 0 0
1457 580 767 60758 420 0 0
1848 68 877 69306 509 0 0
1834 416 901 66738 394 0 0
167 193 162 5475 109 0 0
1496 228 782 68749 371 0 0
1285 491 660 60058 353 0 0
1043 504 496 36512 358 0 0
1364 427 605 57712 387 0 0
1345 320 643 66234 388 0 0
478 91 404 16114 231 0 0
1084 556 567 35338 350 0 0
1195 328 694 51708 282 0 0
359 520 320 12426 190 0 0
1276 368 791 45078 386 0 0
1811 411 806 95371 484 0 0
1834 459 714 98263 471 0 0
128 589 163 3566 97 0 0
1157 617 712 53015 333 0 0
342 214 260 13243 186 0 0
1216 153 680 55003 379 0 0
617 12 443 20564 225 0 0
861 80 457 39935 291 0 0
1456 723 840 60724 376 0 0
86 24 135 2308 99 0 0
1050 302 663 44857 301 0 0
283 351 257 10145 154 0 0
1106 547 639 42477 319 0 0
532 545 337 15926 208 0 0
1463 751 665 73051 449 0 0
1178 23 523 43263 348 0 0
1519 390 631 67468 384 0 0
889 458 548 33803 280 0 0
357 696 254 12227 205 0 0
15 502 42 413 43 0 0
589 85 483 20908 257 0 0
865 489 460 35629 315 0 0
305 265 261 8196 196 0 0
419 652 398 11548 201 0 0
1638 37 693 68773 469 0 0
1910 640 1055 84820 489 0 0
1323 644 660 49725 428 0 0
605 151 477 20114 272 0 0
1710 363 961 61853 331 0 0
977 671 535 37919 283 0 0
200 85 208 6152 132 0 0
1334 727 671 60957 367 0 0
249 299 281 7019 153 0 0
126 561 162 3356 111 0 0
1569 225 637 78993 468 0 0
855 710 486 38517 236 0 0
418 774 279 14305 187 0 0
1676 17 812 78822 434 0 0
397 180 355 13565 212 0 0
389 680 279 14002 188 0 0
457 664 370 15431 237 0 0
1238 759 685 56684 304 0 0
318 413 269 9076 164 0 0
226 92 229 7798 150 0 0
555 102 382 21097 258 0 0
627 634 457 26954 300 0 0
1381 754 848 62216 362 0 0
183 330 174 4380 118 0 0
618 696 356 19558 216 0 0
304 348 251 10965 190 0 0
836 535 525 26890 248 0 0
887 395 574 31066 296 0 0
1750 451 706 85272 404 0 0
550 172 373 18953 230 0 0
339 714 255 11463 178 0 0
912 755 600 36562 248 0 0
1497 328 821 69186 328 0 0
1067 257 690 47422 325 0 0
1955 565 995 71868 418 0 0
636 145 500 24871 263 0 0
1 689 8 90 11 0 0
541 389 442 20065 240 0 0
1352 463 766 56688 383 0 0
1959 291 897 104728 404 0 0
270 505 254 8675 173 0 0
1403 445 694 66043 324 0 0
121 313 141 3092 118 0 0
146 285 151 4220 144 0 0
630 36 367 18766 249 0 0
482 45 400 16319 220 0 0
104 416 111 2474 121 0 0
483 560 388 17105 260 0 0
159 463 212 4213 144 0 0
1483 380 664 54910 424 0 0
1796 329 708 85541 476 0 0
746 729 439 30710 263 0 0
1647 562 933 62530 375 0 0
1903 385 885 91134 350 0 0
613 426 504 18116 291 0 0
1637 117 791 63003 367 0 0
1727 577 816 67212 460 0 0
1379 727 779 49834 404 0 0
1424 305 722 66440 303 0 0
818 84 541 30310 230 0 0
1146 481 621 42826 272 0 0
254 558 217 8705 166 0 0
1879 294 764 83294 484 0 0
918 157 565 35289 302 0 0
357 485 313 10884 185 0 0
2000 715 832 97821 525 0 0
1816 132 984 70958 470 0 0
1538 463 637 61823 402 0 0
1740 281 748 82258 397 0 0
502 546 347 16973 206 0 0
1796 224 999 96106 381 0 0
1437 547 613 58082 425 0 0
377 303 309 14288 198 0 0
1575 115 727 68382 334 0 0
1259 656 652 58941 392 0 0
148 4 197 3734 126 0 0
1929 141 861 104130 454 0 0
98 616 149 2592 104 0 0
1360 369 658 58729 412 0 0
107 504 157 2976 112 0 0
1054 137 527 49762 337 0 0
667 619 426 24277 249 0 0
1815 505 800 78089 509 0 0
517 261 363 18496 192 0 0
521 41 414 16358 252 0 0
1721 374 785 90811 412 0 0
1894 29 835 102126 457 0 0
1068 216 669 50726 390 0 0
1497 517 800 63340 365 0 0
1382 58 646 68783 403 0 0
1126 766 611 46070 391 0 0
824 133 582 32088 280 0 0
1335 731 684 63878 371 0 0
904 514 576 32655 260 0 0
1101 176 656 52266 357 0 0
1448 194 679 71784 333 0 0
178 226 223 4524 137 0 0
1735 142 877 86373 390 0 0
1503 717 789 54654 434 0 0
278 708 275 8995 138 0 0
450 506 355 17229 202 0 0
1179 152 721 56866 275 0 0
165 716 164 4632 140 0 0
1314 215 685 56762 352 0 0
1900 529 961 83572 442 0 0
196 259 191 6152 127 0 0
1936 575 1019 95457 501 0 0
1973 431 856 102275 410 0 0
406 116 318 11183 165 0 0
1202 152 636 48640 355 0 0
779 10 444 25401 307 0 0
1486 209 841 70588 409 0 0
1717 96 872 77836 436 0 0
1960 520 1036 71690 493 0 0
300 572 310 9179 166 0 0
1203 8 760 45420 296 0 0
258 9 203 8932 176 0 0
112 607 145 3545 125 0 0
113 167 149 3547 93 0 0
1183 691 524 54117 286 0 0
1155 614 543 39814 352 0 0
1343 310 650 56082 305 0 0
1077 192 506 48863 369 0 0
1682 523 759 84021 352 0 0
670 477 393 24387 304 0 0
486 639 421 14411 178 0 0
1098 337 703 37806 317 0 0
838 772 619 33146 290 0 0
1891 240 737 98746 464 0 0
1341 10 704 58052 330 0 0
346 92 246 10298 182 0 0
629 12 366 22956 238 0 0
519 522 409 17560 224 0 0
443 125 349 15756 217 0 0
939 594 599 34131 295 0 0
32 685 75 715 45 0 0
676 277 419 25703 290 0 0
353 243 345 12319 182 0 0
134 168 166 3277 133 0 0
1931 730 1055 72492 415 0 0
1192 383 725 41046 331 0 0
125 733 130 3986 117 0 0
420 777 337 12440 176 0 0
327 205 334 11017 189 0 0
1619 79 650 60264 398 0 0
68 440 90 1350 83 0 0
490 603 376 14699 230 0 0
1832 745 740 94750 358 0 0
817 679 497 30456 236 0 0
347 560 286 10841 150 0 0
1101 369 562 40267 365 0 0
694 692 499 23343 310 0 0
1504 358 836 61450 379 0 0
825 511 477 26890 318 0 0
835 110 595 36082 276 0 0
488 722 329 17828 247 0 0
1093 556 536 48845 391 0 0
654 52 500 26795 233 0 0
258 351 251 8127 140 0 0
1883 207 814 78458 386 0 0
843 208 540 32943 257 0 0
1973 333 928 80278 377 0 0
1993 710 844 90949 495 0 0
1399 180 619 48464 425 0 0
1087 473 573 51501 371 0 0
1278 628 754 54908 322 0 0
1299 172 796 55691 423 0 0
1472 700 868 66875 429 0 0
1664 61 843 62912 455 0 0
1734 708 929 79144 353 0 0
198 126 222 6120 139 0 0
1801 243 928 75591 445 0 0
835 691 455 33563 257 0 0
1591 636 901 56011 324 0 0
0 209 1 85 1 0 0
1092 695 627 41600 287 0 0
1780 203 696 90022 380 0 0
543 371 444 20472 224 0 0
1298 386 560 48163 338 0 0
1928 437 951 80799 442 0 0
456 343 294 15442 172 0 0
57 228 81 1295 87 0 0
650 292 373 22818 207 0 0
824 31 470 27298 333 0 0
753 429 419 27709 293 0 0
1837 235 823 86950 404 0 0
220 632 232 7063 171 0 0
165 507 212 5214 130 0 0
523 583 427 17583 184 0 0
827 742 488 29057 306 0 0
1830 264 977 80787 470 0 0
1298 414 696 50610 385 0 0
938 362 566 30999 343 0 0
677 88 369 28678 285 0 0
1536 507 863 63431 396 0 0
1997 254 730 78357 522 0 0
784 666 422 27088 280 0 0
1744 385 693 86584 472 0 0
497 318 339 14335 185 0 0
915 449 457 31969 329 0 0
441 694 346 14906 228 0 0
428 144 373 11718 230 0 0
800 419 565 31736 236 0 0
350 446 302 11221 199 0 0
1890 709 894 96563 417 0 0
688 637 401 25566 247 0 0
496 162 402 18763 235 0 0
1781 395 793 88285 450 0 0
1610 405 933 79685 324 0 0
759 81 416 24603 307 0 0
15 442 36 385 32 0 0
480 479 435 18372 204 0 0
392 727 260 11557 211 0 0
524 527 335 15308 195 0 0
495 106 333 16636 208 0 0
754 496 408 32683 233 0 0
1713 544 672 90614 368 0 0
780 161 426 26069 255 0 0
747 60 551 23734 312 0 0
375 316 353 13630 172 0 0
1462 379 630 59622 306 0 0
959 454 680 45205 282 0 0
1964 290 972 89490 428 0 0
561 292 382 20905 212 0 0
55 664 92 1352 69 0 0
866 93 623 32272 322 0 0
669 132 369 22001 256 0 0
1677 479 910 63780 416 0 0
1686 379 734 60763 365 0 0
1439 767 748 60277 367 0 0
522 15 315 20128 190 0 0
5 569 15 152 26 0 0
602 5 454 19019 243 0 0
1415 388 725 60552 320 0 0
1824 49 854 77656 385 0 0
1061 297 690 37379 349 0 0
1040 302 681 41610 371 0 0
424 160 294 11933 179 0 0
405 501 324 14052 238 0 0
1197 10 723 48638 316 0 0
1695 704 799 80323 474 0 0
627 652 499 24281 243 0 0
147 289 149 4445 112 0 0
1120 664 665 36634 301 0 0
85 250 133 1778 87 0 0
1253 321 690 51068 363 0 0
525 18 320 22061 210 0 0
374 56 290 12256 216 0 0
471 442 393 13005 220 0 0
1822 351 967 76684 485 0 0
285 278 273 9467 137 0 0
1810 343 921 75814 436 0 0
954 390 539 36276 289 0 0
179 557 199 5126 107 0 0
1060 138 584 38515 276 0 0
268 755 272 8358 175 0 0
1445 711 675 61088 379 0 0
609 672 391 24796 198 0 0
478 429 378 17460 256 0 0
495 734 306 20510 265 0 0
1279 637 775 59018 394 0 0
850 622 515 33686 273 0 0
1769 194 680 75829 418 0 0
341 751 277 11142 179 0 0
1661 566 711 63427 366 0 0
554 257 357 21441 270 0 0
1699 311 785 72315 342 0 0
185 67 216 4316 130 0 0
536 506 466 18190 261 0 0
714 186 558 21542 215 0 0
396 241 384 13503 174 0 0
1442 728 752 63365 411 0 0
54 51 91 1234 62 0 0
1508 69 794 57383 450 0 0
156 466 189 3950 116 0 0
450 529 369 13096 229 0 0
796 151 562 36397 309 0 0
295 274 255 11067 195 0 0
368 258 310 9685 185 0 0
982 277 533 44635 274 0 0
1835 364 813 82899 365 0 0
271 440 232 7816 137 0 0
25 419 59 533 45 0 0
249 286 227 6712 153 0 0
1729 374 730 72620 338 0 0
1959 676 801 77957 495 0 0
1698 772 820 71225 432 0 0
1656 326 711 67326 444 0 0
73 49 119 1684 75 0 0
1609 661 770 62225 417 0 0
1031 24 600 43865 317 0 0
1606 164 643 59874 441 0 0
897 650 528 30633 326 0 0
1697 120 936 87325 483 0 0
753 397 391 29438 254 0 0
361 59 261 10609 178 0 0
1835 558 1024 78794 466 0 0
1304 272 803 53336 413 0 0
1436 174 837 60882 309 0 0
1616 657 676 64317 448 0 0
918 455 632 38745 262 0 0
261 524 248 7563 189 0 0
889 76 558 38547 339 0 0
30 649 63 810 51 0 0
293 336 221 10405 146 0 0
1757 567 759 79000 438 0 0
998 536 541 40635 280 0 0
143 623 138 3962 126 0 0
711 313 409 30599 216 0 0
1480 419 802 64013 400 0 0
111 17 169 3297 104 0 0
811 573 528 25644 240 0 0
928 400 455 40083 363 0 0
1044 337 481 40028 317 0 0
510 512 344 16442 259 0 0
1396 518 730 49919 352 0 0
573 471 478 19660 276 0 0
1186 212 675 51427 326 0 0
3 11 16 139 19 0 0
1219 356 564 52567 402 0 0
1349 5 661 54300 355 0 0
53 432 88 1513 70 0 0
1314 402 682 58266 343 0 0
308 376 261 10925 145 0 0
1939 494 881 95622 476 0 0
1237 531 717 45431 328 0 0
26 480 49 532 58 0 0
211 557 248 5211 167 0 0
1740 560 833 82121 442 0 0
1713 201 854 63204 363 0 0
1069 86 524 45328 386 0 0
606 636 345 25516 293 0 0
329 19 283 11700 186 0 0
1323 176 604 53163 402 0 0
1894 414 743 97416 439 0 0
1596 324 925 72745 470 0 0
1509 204 869 68811 418 0 0
280 210 218 9365 170 0 0
83 582 131 1781 92 0 0
1285 334 673 43586 305 0 0
376 458 321 14509 222 0 0
1208 202 535 55239 390 0 0
78 494 111 2205 91 0 0
1184 170 598 45740 366 0 0
339 239 272 12039 183 0 0
1424 184 767 50292 350 0 0
926 113 597 34093 287 0 0
1187 261 695 45608 314 0 0
1544 209 818 75474 443 0 0
842 417 572 29377 285 0 0
345 22 307 9278 178 0 0
178 656 194 6062 156 0 0
851 482 461 37689 254 0 0
623 311 482 19016 216 0 0
1914 35 877 93456 403 0 0
226 21 262 7394 160 0 0
700 320 477 21969 265 0 0
1700 245 675 81693 390 0 0
1480 189 893 76468 393 0 0
974 684 520 37568 253 0 0
258 41 261 8476 133 0 0
1586 300 845 56639 374 0 0
521 17 331 17767 231 0 0
340 467 238 13204 172 0 0
696 649 369 26144 218 0 0
471 395 318 14483 203 0 0
1709 311 911 83708 477 0 0
118 100 167 3276 129 0 0
1452 307 605 71226 441 0 0
892 142 527 34789 263 0 0
612 625 449 21541 266 0 0
186 423 222 5428 154 0 0
1540 707 866 56735 391 0 0
590 539 475 24136 265 0 0
697 522 473 28099 247 0 0
1793 771 894 86419 433 0 0
667 355 479 26569 297 0 0
1952 710 1058 91900 376 0 0
1214 656 753 57470 304 0 0
1150 91 613 41344 362 0 0
1583 428 646 73886 404 0 0
149 326 202 3525 139 0 0
1701 739 720 86916 357 0 0
1182 179 737 48011 284 0 0
1955 288 866 90506 468 0 0
48 624 86 1006 61 0 0
829 357 603 29501 276 0 0
932 544 541 36944 290 0 0
205 107 179 6753 123 0 0
294 449 231 10402 148 0 0
718 0 474 23401 255 0 0
1732 501 835 78331 398 0 0
74 230 103 1598 71 0 0
436 76 323 15088 240 0 0
719 475 509 26624 245 0 0
649 395 408 27813 215 0 0
1382 662 817 56876 376 0 0
791 753 565 31255 320 0 0
1591 440 790 72974 464 0 0
882 280 507 37842 260 0 0
315 740 241 8347 144 0 0
1812 626 862 72001 357 0 0
114 735 164 2534 111 0 0
1189 336 547 41324 321 0 0
93 684 131 1961 97 0 0
1738 422 734 91353 455 0 0
42 336 74 826 58 0 0
368 555 324 9858 154 0 0
961 458 549 37011 358 0 0
56 484 94 1082 78 0 0
1108 638 741 38351 297 0 0
1015 113 656 48151 363 0 0
734 613 403 31919 321 0 0
502 480 438 17913 224 0 0
961 495 641 30993 263 0 0
1769 259 790 77012 405 0 0
54 445 85 1425 76 0 0
767 725 510 28791 244 0 0
421 542 302 11394 209 0 0
1910 718 927 100782 477 0 0
1910 544 941 70231 379 0 0
417 54 366 12497 170 0 0
1642 153 873 68568 447 0 0
231 488 203 6785 175 0 0
1332 562 820 47325 394 0 0
738 389 569 25141 230 0 0
808 81 586 28839 234 0 0
213 469 243 5304 157 0 0
1211 47 655 56890 406 0 0
652 496 392 28263 222 0 0
1858 510 1034 67874 393 0 0
1914 552 925 96194 513 0 0
1436 335 699 55480 388 0 0
461 623 375 18616 245 0 0
597 30 369 21710 199 0 0
1537 349 861 59936 324 0 0
1863 71 909 96845 359 0 0
1690 101 712 69841 371 0 0
1795 354 903 76780 437 0 0
1980 304 792 75029 520 0 0
1719 404 667 87688 411 0 0
537 727 431 15516 272 0 0
1840 710 768 89948 485 0 0
775 678 525 24864 232 0 0
1174 263 542 43062 339 0 0
912 540 444 42288 262 0 0
670 383 397 29500 253 0 0
1783 246 992 77744 494 0 0
327 141 268 11702 148 0 0
419 256 360 14245 212 0 0
195 749 196 4709 116 0 0
1644 716 703 58393 410 0 0
392 662 355 14004 225 0 0
767 485 485 32295 278 0 0
1208 540 558 58246 344 0 0
160 637 151 3627 108 0 0
1087 506 601 47864 293 0 0
1226 728 724 42255 312 0 0
265 658 258 8393 192 0 0
758 473 448 24818 308 0 0
1796 182 1006 87405 419 0 0
51 363 102 1007 77 0 0
2000 341 786 75698 484 0 0
855 245 612 33801 271 0 0
310 178 245 10599 169 0 0
1681 362 907 74045 475 0 0
1882 72 988 93027 513 0 0
522 613 328 18543 197 0 0
511 515 317 14411 237 0 0
580 605 338 22385 195 0 0
1847 650 1006 79619 413 0 0
800 113 448 35861 236 0 0
225 574 229 6174 159 0 0
321 291 261 10253 157 0 0
1643 153 897 68951 368 0 0
1431 326 777 61529 367 0 0
193 537 176 5856 129 0 0
715 566 504 30624 283 0 0
372 737 273 14409 189 0 0
1254 155 552 62580 402 0 0
272 471 244 7464 154 0 0
1646 266 777 75695 375 0 0
1169 217 719 42785 312 0 0
57 71 75 1483 78 0 0
1841 753 817 81888 404 0 0
545 686 372 15590 209 0 0
1731 744 692 87514 340 0 0
1873 244 985 74143 460 0 0
1318 74 792 63040 430 0 0
989 750 536 38414 350 0 0
1954 10 828 99799 414 0 0
203 128 203 5036 118 0 0
606 586 407 19250 242 0 0
796 26 505 32823 238 0 0
1752 707 711 67895 387 0 0
1843 385 869 72580 358 0 0
1266 772 581 47041 407 0 0
1361 549 576 62829 330 0 0
1885 656 754 98929 480 0 0
721 713 459 27283 302 0 0
1983 279 871 101502 378 0 0
1969 621 878 79337 503 0 0
114 461 172 3127 121 0 0
1997 124 913 106907 499 0 0
744 41 419 28821 219 0 0
656 417 492 20831 231 0 0
1325 701 760 66317 403 0 0
1380 540 775 47947 339 0 0
742 613 529 28153 285 0 0
1212 22 690 49428 286 0 0
435 641 404 14595 235 0 0
1790 169 819 94548 480 0 0
534 661 436 17090 199 0 0
744 166 505 30480 297 0 0
1205 55 662 49460 319 0 0
791 119 563 24822 318 0 0
324 280 319 11653 209 0 0
409 719 284 12414 183 0 0
1691 119 665 79964 391 0 0
147 696 186 4560 127 0 0
1461 58 853 59366 322 0 0
781 708 422 27028 304 0 0
822 164 566 35334 325 0 0
1819 248 819 76513 440 0 0
1124 677 548 54791 378 0 0
129 757 172 2973 113 0 0
587 727 434 19228 230 0 0
208 469 231 7345 140 0 0
130 255 140 3643 119 0 0
263 267 221 7146 131 0 0
1937 532 790 76575 493 0 0
326 65 229 9545 195 0 0
1098 650 506 46465 290 0 0
1978 556 743 83565 361 0 0
1063 144 566 44978 267 0 0
1951 457 821 102417 449 0 0
792 146 578 26620 281 0 0
1966 460 1051 73117 526 0 0
484 14 299 18886 195 0 0
509 717 338 18437 241 0 0
47 387 92 1305 71 0 0
1953 631 755 94487 511 0 0
875 140 595 31250 257 0 0
542 559 464 18574 199 0 0
290 204 211 8845 179 0 0
1787 161 804 66285 428 0 0
368 242 271 13121 193 0 0
960 350 588 30411 283 0 0
873 685 452 32127 320 0 0
1437 678 633 52231 452 0 0
797 361 493 34584 255 0 0
850 24 434 28716 305 0 0
863 547 532 30240 259 0 0
1630 682 783 66095 380 0 0
51 776 95 1270 61 0 0
1099 238 574 51142 355 0 0
510 353 339 15414 192 0 0
1667 282 740 79844 485 0 0
1801 588 987 72854 370 0 0
1694 61 929 78565 349 0 0
1102 303 545 49778 361 0 0
1205 724 727 53522 386 0 0
670 333 395 26039 292 0 0
1310 83 648 56597 301 0 0
1886 140 1041 84124 359 0 0
367 745 263 12790 225 0 0
977 267 499 44986 367 0 0
1213 759 528 54057 352 0 0
736 521 530 31613 239 0 0
673 96 402 23422 264 0 0
715 216 436 24653 300 0 0
1063 91 688 36549 263 0 0
1934 544 902 77030 513 0 0
233 407 247 6442 171 0 0
1523 256 799 55121 336 0 0
1098 210 557 41672 327 0 0
1493 648 866 71722 415 0 0
456 70 415 14332 227 0 0
1242 118 638 48742 380 0 0
1585 562 667 59460 341 0 0
1860 284 985 90472 374 0 0
1675 0 764 81585 443 0 0
1159 461 631 54076 299 0 0
377 656 369 13599 205 0 0
1439 51 622 70832 306 0 0
30 18 71 754 44 0 0
20 310 53 426 39 0 0
966 639 558 34932 253 0 0
1842 345 981 78507 439 0 0
396 595 267 15449 230 0 0
530 63 393 15933 214 0 0
0 740 1 82 1 0 0
75 738 131 1698 96 0 0
1259 3 603 49243 330 0 0
65 368 120 1711 81 0 0
56 2 76 1519 64 0 0
348 155 267 11284 153 0 0
173 665 186 5138 148 0 0
981 76 517 36871 315 0 0
1285 777 624 55190 315 0 0
1816 361 719 71770 462 0 0
1667 241 781 74565 487 0 0
1561 393 749 73400 351 0 0
1064 569 699 35377 278 0 0
1065 671 615 48164 270 0 0
623 377 504 19315 225 0 0
1245 435 691 44942 309 0 0
978 771 658 35370 269 0 0
1865 71 762 97637 350 0 0
88 88 109 2580 85 0 0
1691 104 863 61595 427 0 0
14 8 35 362 39 0 0
1656 664 666 72546 474 0 0
808 525 422 29093 294 0 0
1266 357 588 55144 366 0 0
808 14 477 29974 321 0 0
11 690 31 285 29 0 0
1395 490 676 58121 355 0 0
219 11 207 7687 141 0 0
320 102 307 9511 166 0 0
1767 326 770 89079 459 0 0
1790 419 992 78310 376 0 0
868 739 604 39898 253 0 0
363 81 338 9528 163 0 0
19 195 45 371 48 0 0
462 145 288 14966 225 0 0
868 735 566 34796 266 0 0
1625 270 811 57843 458 0 0
990 522 485 42518 308 0 0
610 555 444 18243 217 0 0
870 345 524 28485 265 0 0
364 690 284 9881 213 0 0
1731 409 905 65222 446 0 0
1674 133 899 67264 416 0 0
1447 182 741 51714 342 0 0
1074 645 691 43443 327 0 0
1833 681 759 67927 433 0 0
1425 283 685 68754 406 0 0
608 62 385 19406 247 0 0
1089 134 506 45858 309 0 0
414 177 392 14712 182 0 0
847 627 534 30765 288 0 0
1734 760 781 80164 451 0 0
558 621 361 23428 278 0 0
940 683 469 38607 346 0 0
597 400 438 18167 234 0 0
228 657 213 6770 177 0 0
1099 604 525 49120 364 0 0
661 74 406 23603 245 0 0
1001 347 494 41806 357 0 0
218 411 238 6277 151 0 0
1157 80 577 55654 299 0 0
755 71 476 31201 289 0 0
933 766 652 34368 280 0 0
869 66 450 37704 275 0 0
120 366 156 2759 108 0 0
1173 287 674 44141 323 0 0
494 518 420 18321 234 0 0
6 78 22 194 28 0 0
1709 564 835 85507 419 0 0
21 695 49 473 36 0 0
1365 179 790 59461 397 0 0
980 17 532 41542 268 0 0
65 420 103 1511 78 0 0
894 521 628 33239 261 0 0
635 761 417 25395 212 0 0
574 156 445 19037 269 0 0
1571 68 823 60781 366 0 0
20 236 49 412 36 0 0
100 638 128 2528 101 0 0
682 331 449 28320 305 0 0
281 261 229 9676 146 0 0
1101 387 662 39827 289 0 0
1675 59 881 68318 414 0 0
859 51 425 31631 279 0 0
478 332 414 13277 248 0 0
478 253 420 15870 235 0 0
979 655 574 45229 353 0 0
1152 659 696 45682 327 0 0
896 287 550 31426 329 0 0
1769 753 750 67460 495 0 0
123 58 146 3772 131 0 0
1426 222 810 62090 332 0 0
909 297 447 32730 321 0 0
1188 554 732 41879 410 0 0
1826 758 883 92644 481 0 0
1068 180 719 36673 295 0 0
642 232 451 24630 212 0 0
266 451 244 7412 170 0 0
1483 552 875 71848 415 0 0
899 93 447 39176 329 0 0
1210 307 615 40815 397 0 0
797 62 486 35219 300 0 0
1716 316 819 75050 384 0 0
1063 669 485 35888 341 0 0
1987 598 785 89634 464 0 0
1698 174 775 76511 476 0 0
1410 388 637 55461 416 0 0
533 284 347 22252 212 0 0
1447 772 661 58894 357 0 0
668 393 404 26432 289 0 0
21 677 57 435 41 0 0
598 646 384 18750 244 0 0
1568 70 708 70161 392 0 0
1399 381 809 59599 353 0 0
157 36 183 4673 135 0 0
1396 501 656 58444 364 0 0
58 460 83 1380 86 0 0
637 628 359 25057 300 0 0
237 46 259 7575 182 0 0
117 82 132 3659 112 0 0
1002 215 508 44817 259 0 0
1713 560 951 62065 359 0 0
1213 222 600 58747 341 0 0
5 175 20 170 19 0 0
1531 31 662 64108 379 0 0
273 754 238 9116 137 0 0
1000 320 613 32380 260 0 0
1426 107 866 60924 385 0 0
33 584 74 702 60 0 0
1354 186 713 48729 330 0 0
931 54 533 32173 288 0 0
1717 649 785 81999 339 0 0
389 315 297 11599 172 0 0
1386 340 774 49003 411 0 0
92 641 122 2194 92 0 0
275 110 221 9413 160 0 0
1293 478 664 52695 428 0 0
327 283 329 9020 154 0 0
71 277 91 1796 92 0 0
240 162 215 7505 130 0 0
1639 446 665 70842 377 0 0
1018 376 522 34220 360 0 0
684 49 411 22138 254 0 0
1262 47 610 47319 334 0 0
567 510 363 18350 227 0 0
1395 141 641 62873 334 0 0
594 342 469 22960 258 0 0
452 325 398 12621 232 0 0
1934 563 1000 102855 522 0 0
1026 35 512 33785 365 0 0
1195 319 602 54804 335 0 0
106 280 135 2427 104 0 0
511 439 348 15433 229 0 0
880 504 502 28760 262 0 0
1811 310 690 85712 491 0 0
1194 90 605 51069 316 0 0
695 130 374 22852 277 0 0
1836 372 719 68279 473 0 0
449 247 387 16364 229 0 0
129 89 187 3040 103 0 0
711 93 496 22740 313 0 0
873 731 502 27859 346 0 0
99 757 154 2881 91 0 0
1719 690 749 78407 492 0 0
287 281 286 10721 166 0 0
1956 670 870 78655 379 0 0
164 483 188 4095 108 0 0
901 271 623 30512 341 0 0
1473 607 756 58498 393 0 0
31 564 56 745 60 0 0
39 89 65 851 71 0 0
1450 99 664 49905 390 0 0
241 679 230 6617 146 0 0
878 560 500 38708 338 0 0
590 237 437 17618 244 0 0
767 700 564 26256 254 0 0
1263 511 684 59653 364 0 0
1803 577 803 96905 443 0 0
1786 277 678 86127 471 0 0
1301 394 718 59473 361 0 0
1684 111 818 60465 347 0 0
365 429 266 11399 191 0 0
1919 277 902 89376 405 0 0
1532 294 837 63922 342 0 0
1846 323 926 67386 424 0 0
1035 530 489 35543 349 0 0
15 626 45 422 34 0 0
179 548 194 5180 138 0 0
1215 241 658 57765 375 0 0
1631 337 859 85042 420 0 0
1712 774 940 81652 335 0 0
1179 73 520 44954 277 0 0
1083 573 549 52244 321 0 0
699 601 397 29913 231 0 0
386 325 325 10824 201 0 0
1049 557 665 50237 351 0 0
1326 744 595 50261 326 0 0
997 288 530 40161 320 0 0
1542 339 895 68442 414 0 0
917 140 523 37056 354 0 0
1790 166 877 69984 447 0 0
91 730 139 2451 100 0 0
1861 601 911 99991 395 0 0
1651 604 791 80036 399 0 0
799 228 587 29674 315 0 0
1875 634 1008 68909 361 0 0
862 518 514 27787 313 0 0
1113 326 575 39488 370 0 0
15 53 38 290 43 0 0
1665 147 699 61387 437 0 0
1283 751 643 55251 384 0 0
550 37 342 16455 242 0 0
950 697 639 41832 263 0 0
665 639 469 24204 206 0 0
1198 373 664 49884 384 0 0
994 185 645 39836 255 0 0
1683 317 788 72917 423 0 0
908 252 592 38050 263 0 0
1165 351 670 57220 288 0 0
1043 65 669 46289 355 0 0
1822 450 986 71322 508 0 0
648 385 390 26407 237 0 0
905 244 637 40360 298 0 0
171 136 212 5136 141 0 0
740 309 525 33342 321 0 0
1587 107 875 63117 431 0 0
1959 49 866 85938 442 0 0
1534 610 824 64627 425 0 0
1179 248 595 50859 284 0 0
1876 361 888 86035 380 0 0
1180 718 709 57618 404 0 0
1840 693 690 75365 429 0 0
1482 7 762 71716 416 0 0
664 627 458 27900 272 0 0
1624 582 731 73518 406 0 0
1667 305 816 60540 480 0 0
216 62 247 5922 145 0 0
757 567 526 25836 252 0 0
615 135 369 25110 212 0 0
3 210 14 121 19 0 0
850 313 590 31829 346 0 0
853 601 450 39083 324 0 0
1835 765 896 92702 470 0 0
1311 505 566 63522 335 0 0
1962 702 916 105884 480 0 0
1899 464 824 83958 431 0 0
1392 180 596 60930 361 0 0
1572 485 783 81801 449 0 0
1689 186 759 74571 408 0 0
615 576 397 19747 239 0 0
1665 445 795 87417 347 0 0
1657 14 643 68860 470 0 0
1047 268 593 35013 367 0 0
1309 332 823 58550 342 0 0
464 142 363 14835 178 0 0
895 433 640 30001 247 0 0
326 275 331 12175 181 0 0
1761 579 875 90306 493 0 0
1470 697 761 53472 315 0 0
540 16 373 20422 241 0 0
1412 459 698 50678 354 0 0
1115 637 576 41308 308 0 0
929 520 574 31571 259 0 0
1395 765 604 47878 400 0 0
646 435 470 24322 262 0 0
1818 366 832 75381 491 0 0
1281 238 703 51514 363 0 0
1678 222 769 78027 465 0 0
69 97 85 1522 85 0 0
886 356 605 31767 238 0 0
511 390 436 18795 210 0 0
460 87 319 15608 217 0 0
590 428 387 21528 275 0 0
715 382 504 25838 289 0 0
987 770 501 41761 332 0 0
1484 411 842 63455 414 0 0
1774 6 903 90903 359 0 0
53 501 91 1499 83 0 0
1802 465 774 77334 351 0 0
574 16 426 19833 219 0 0
43 758 85 905 63 0 0
420 540 312 16611 191 0 0
849 196 583 29353 294 0 0
611 767 374 19747 207 0 0
253 201 201 8400 137 0 0
1840 215 817 71911 441 0 0
968 441 674 36437 310 0 0
209 114 205 5872 158 0 0
1492 94 679 64493 327 0 0
225 483 225 5796 171 0 0
424 485 348 16032 240 0 0
1656 5 890 77461 465 0 0
253 430 203 7439 182 0 0
1148 665 604 41635 319 0 0
298 536 317 11046 195 0 0
1445 266 647 62912 440 0 0
1486 464 666 59962 438 0 0
1277 1 549 43205 423 0 0
671 775 464 27252 212 0 0
669 82 525 27747 221 0 0
1366 741 775 47199 395 0 0
1589 593 674 79366 381 0 0
1268 184 641 55628 347 0 0
1338 742 572 46627 414 0 0
307 72 231 10815 201 0 0
