32
25
25
8
5
3
384
393
1000
1000
2222
656
841 532 834 8086 45 0 0
835 515 150 212 42 0 0
859 518 206 999 20 0 0
854 535 413 2324 152 0 0
856 522 221 205 134 0 0
867 546 164 320 44 0 0
841 534 191 243 25 0 0
853 536 228 464 123 0 0
259 296 681 2077 145 0 0
259 293 311 826 216 0 0
226 322 384 1617 282 0 0
241 311 455 1866 163 0 0
247 330 112 284 44 0 0
227 309 167 293 19 0 0
227 292 288 449 44 0 0
228 311 238 447 83 0 0
257 299 268 475 36 0 0
240 298 420 1050 126 0 0
428 371 924 2769 234 0 0
425 371 303 871 29 0 0
398 348 451 1775 94 0 0
402 344 475 3239 25 0 0
409 342 109 432 52 0 0
404 346 293 1466 61 0 0
400 367 348 465 59 0 0
423 361 103 118 33 0 0
402 347 421 780 134 0 0
408 333 364 882 34 0 0
412 358 488 475 284 0 0
956 968 813 4522 328 0 0
969 951 463 999 60 0 0
962 961 491 1115 71 0 0
948 946 278 1693 45 0 0
950 950 113 195 87 0 0
955 966 430 530 288 0 0
965 960 135 118 20 0 0
972 962 317 1822 79 0 0
972 965 453 850 69 0 0
958 940 107 449 30 0 0
951 966 278 411 206 0 0
957 937 262 215 26 0 0
1000 273 581 5164 65 0 0
990 264 160 957 71 0 0
1000 241 387 489 81 0 0
973 271 167 206 81 0 0
973 260 111 324 21 0 0
978 263 103 139 39 0 0
1000 251 451 624 56 0 0
1000 250 363 793 50 0 0
894 765 604 2489 412 0 0
878 759 219 1166 25 0 0
904 758 464 2554 199 0 0
911 784 436 779 217 0 0
888 779 329 1196 26 0 0
903 772 336 541 31 0 0
882 761 461 1156 75 0 0
876 773 484 548 125 0 0
908 752 193 229 110 0 0
909 760 279 923 131 0 0
889 761 170 754 142 0 0
907 765 401 3292 49 0 0
971 344 664 4328 430 0 0
981 360 289 1009 176 0 0
984 357 358 1590 199 0 0
983 343 223 1409 37 0 0
956 348 456 3653 204 0 0
948 336 319 959 30 0 0
963 358 309 1125 44 0 0
977 352 435 991 135 0 0
967 371 294 269 62 0 0
960 343 225 666 47 0 0
144 21 663 635 53 0 0
142 1 131 236 56 0 0
152 17 264 1001 67 0 0
145 32 392 1119 81 0 0
175 26 105 171 51 0 0
149 25 418 479 79 0 0
155 6 351 297 35 0 0
147 4 173 432 102 0 0
775 858 926 1103 229 0 0
771 859 156 682 27 0 0
802 857 114 329 21 0 0
770 860 142 157 40 0 0
771 843 216 338 71 0 0
776 853 453 1546 27 0 0
773 861 385 416 47 0 0
775 865 150 435 78 0 0
458 232 732 2040 131 0 0
447 230 216 281 81 0 0
450 227 363 436 202 0 0
455 237 152 532 62 0 0
440 210 340 592 127 0 0
467 226 425 948 94 0 0
463 212 343 1476 116 0 0
445 233 332 618 22 0 0
439 209 264 279 56 0 0
461 238 255 243 28 0 0
454 235 197 1015 60 0 0
430 217 458 2444 103 0 0
660 236 605 392 42 0 0
637 242 441 2695 110 0 0
644 246 382 1230 131 0 0
650 239 193 315 27 0 0
653 242 366 999 31 0 0
637 233 371 1389 80 0 0
641 233 415 1672 108 0 0
383 927 925 7387 172 0 0
365 909 455 2394 234 0 0
364 909 276 236 55 0 0
371 911 362 619 161 0 0
367 937 383 1947 57 0 0
385 942 234 318 72 0 0
366 944 333 1475 129 0 0
388 918 488 2319 59 0 0
382 916 477 1537 243 0 0
364 913 355 523 25 0 0
391 911 388 1986 141 0 0
541 500 670 3529 259 0 0
552 513 486 613 113 0 0
561 526 327 473 155 0 0
565 520 326 935 70 0 0
537 527 330 343 112 0 0
549 520 383 2784 96 0 0
544 525 322 977 61 0 0
529 531 390 1645 40 0 0
564 501 443 2682 46 0 0
153 330 556 2548 281 0 0
146 316 131 390 40 0 0
129 352 266 904 98 0 0
143 326 100 98 45 0 0
148 330 240 834 96 0 0
121 345 330 443 80 0 0
683 29 547 574 47 0 0
680 57 359 2163 121 0 0
680 33 158 277 17 0 0
667 51 278 431 37 0 0
689 43 131 361 43 0 0
685 51 309 720 193 0 0
704 412 618 683 57 0 0
719 431 302 508 89 0 0
715 440 258 226 68 0 0
694 434 153 696 25 0 0
696 416 365 1162 33 0 0
692 424 174 850 51 0 0
695 428 103 152 68 0 0
713 442 342 1577 56 0 0
651 743 681 2676 448 0 0
630 763 132 324 98 0 0
646 746 456 380 121 0 0
632 744 338 1010 42 0 0
665 737 286 556 55 0 0
666 764 366 387 104 0 0
641 755 261 866 88 0 0
654 760 271 1593 141 0 0
642 748 221 209 102 0 0
642 739 183 372 44 0 0
648 747 118 176 42 0 0
648 742 298 695 59 0 0
945 653 813 2650 61 0 0
927 631 347 600 141 0 0
940 625 101 124 13 0 0
935 649 182 258 83 0 0
937 656 121 110 17 0 0
913 633 346 833 124 0 0
918 626 497 299 44 0 0
559 833 599 3189 406 0 0
556 817 461 986 207 0 0
555 830 406 1848 28 0 0
558 803 351 295 30 0 0
541 831 484 1293 31 0 0
564 829 495 460 148 0 0
571 806 152 315 115 0 0
553 36 927 5792 62 0 0
555 64 174 288 125 0 0
549 68 285 1081 222 0 0
567 70 255 357 24 0 0
546 65 121 360 22 0 0
558 72 323 492 225 0 0
189 622 786 557 123 0 0
208 633 172 387 86 0 0
201 620 189 504 119 0 0
204 630 148 390 91 0 0
189 610 262 230 44 0 0
212 613 112 137 20 0 0
203 621 432 329 242 0 0
199 623 102 149 22 0 0
35 704 610 1222 58 0 0
19 705 402 760 150 0 0
45 700 253 198 97 0 0
46 727 493 904 74 0 0
17 712 329 1256 141 0 0
20 710 462 355 79 0 0
53 732 188 222 31 0 0
36 730 497 1332 31 0 0
601 669 632 557 255 0 0
573 654 228 296 28 0 0
580 654 278 1398 53 0 0
609 653 293 1838 26 0 0
596 687 443 1345 75 0 0
594 671 480 525 81 0 0
607 654 384 2303 240 0 0
582 658 283 295 172 0 0
270 976 864 775 46 0 0
289 998 388 290 130 0 0
282 968 359 2005 121 0 0
279 979 277 652 96 0 0
271 976 393 1857 135 0 0
265 964 495 672 338 0 0
298 998 386 331 40 0 0
57 852 849 480 107 0 0
50 836 171 592 66 0 0
46 855 166 846 21 0 0
67 829 475 2542 25 0 0
65 836 464 1466 121 0 0
68 859 359 2139 24 0 0
79 838 355 739 20 0 0
62 854 153 526 25 0 0
861 0 771 7350 96 0 0
853 7 340 713 70 0 0
825 4 199 1088 101 0 0
849 19 299 1538 25 0 0
830 23 188 953 34 0 0
836 0 145 529 32 0 0
851 27 208 723 29 0 0
849 6 253 220 114 0 0
375 788 883 9499 242 0 0
342 797 199 748 46 0 0
352 812 184 591 133 0 0
367 806 375 1368 80 0 0
371 803 446 2790 39 0 0
377 785 137 166 30 0 0
356 804 194 1305 59 0 0
347 782 399 2060 151 0 0
682 599 896 878 68 0 0
674 600 427 1177 144 0 0
663 620 227 298 160 0 0
657 614 183 244 27 0 0
660 601 427 507 37 0 0
669 593 395 1445 147 0 0
665 608 239 498 88 0 0
679 623 183 369 43 0 0
666 623 387 787 179 0 0
675 619 270 1355 77 0 0
144 180 589 2911 58 0 0
121 193 127 303 13 0 0
142 173 443 432 32 0 0
148 182 404 262 76 0 0
138 172 339 545 58 0 0
148 188 419 2429 50 0 0
114 166 416 2333 134 0 0
137 176 323 468 149 0 0
125 178 405 2166 225 0 0
148 168 483 446 36 0 0
122 166 332 765 40 0 0
301 504 732 799 53 0 0
301 475 393 1537 90 0 0
336 498 443 429 299 0 0
307 480 172 526 64 0 0
302 469 161 215 19 0 0
299 503 391 352 71 0 0
335 486 334 498 75 0 0
61 96 889 1601 204 0 0
66 111 405 566 117 0 0
67 87 280 245 129 0 0
38 122 324 609 121 0 0
73 120 426 1334 42 0 0
42 120 273 507 148 0 0
63 100 383 323 129 0 0
57 94 159 182 92 0 0
66 94 200 354 33 0 0
43 103 157 345 68 0 0
9 577 696 715 36 0 0
16 544 474 2536 164 0 0
8 543 335 1653 44 0 0
26 563 100 205 18 0 0
12 570 370 1062 175 0 0
23 557 290 1630 152 0 0
25 572 230 626 58 0 0
96 667 799 3104 51 0 0
126 648 144 228 97 0 0
102 662 123 360 97 0 0
103 647 356 1975 182 0 0
127 666 379 1631 166 0 0
108 639 429 3670 30 0 0
113 657 461 1418 303 0 0
224 200 889 1966 86 0 0
198 209 400 2540 177 0 0
213 216 365 511 46 0 0
228 188 381 1185 195 0 0
211 191 237 929 143 0 0
214 189 245 795 105 0 0
229 195 138 288 31 0 0
320 94 732 663 83 0 0
303 111 358 966 48 0 0
313 112 389 1224 48 0 0
317 105 219 395 93 0 0
297 89 272 295 52 0 0
327 126 361 1384 26 0 0
297 116 242 236 39 0 0
330 104 291 684 30 0 0
205 422 848 717 145 0 0
195 402 401 1851 225 0 0
177 425 165 167 50 0 0
193 420 170 305 111 0 0
210 426 315 1199 209 0 0
195 406 237 1526 85 0 0
207 431 188 982 52 0 0
186 411 436 1384 136 0 0
209 429 284 815 96 0 0
198 413 363 1938 84 0 0
156 829 574 2195 165 0 0
156 828 166 308 54 0 0
161 823 460 503 47 0 0
154 804 235 446 21 0 0
171 834 125 333 70 0 0
171 832 257 425 28 0 0
182 798 242 542 138 0 0
453 895 831 3068 85 0 0
470 873 183 546 86 0 0
458 875 231 195 23 0 0
471 892 247 487 18 0 0
478 881 228 920 61 0 0
485 911 250 209 24 0 0
466 886 247 251 28 0 0
475 874 410 2070 147 0 0
488 882 120 256 14 0 0
470 896 156 512 90 0 0
476 897 290 239 56 0 0
481 901 481 675 59 0 0
4 208 788 2106 44 0 0
21 195 334 354 20 0 0
36 186 153 207 24 0 0
21 186 254 443 17 0 0
26 195 426 386 91 0 0
21 216 109 415 66 0 0
20 223 445 394 53 0 0
15 216 497 575 263 0 0
2 220 418 286 56 0 0
15 190 458 1690 46 0 0
789 366 942 3906 381 0 0
803 381 196 353 58 0 0
776 378 362 347 159 0 0
777 363 226 1115 136 0 0
783 356 479 2381 26 0 0
777 364 442 470 162 0 0
757 566 723 793 153 0 0
755 563 188 205 64 0 0
730 545 176 185 23 0 0
752 547 379 377 79 0 0
758 553 138 365 14 0 0
749 541 115 116 18 0 0
875 997 611 4149 40 0 0
856 995 162 450 40 0 0
867 988 282 657 33 0 0
848 977 499 3123 87 0 0
871 987 173 216 47 0 0
860 998 142 289 32 0 0
282 708 734 688 183 0 0
314 719 349 430 51 0 0
304 738 414 796 121 0 0
305 741 228 1205 44 0 0
299 709 162 167 36 0 0
289 720 373 2325 207 0 0
287 715 413 336 73 0 0
622 127 795 7328 58 0 0
599 127 377 1055 138 0 0
594 138 227 263 139 0 0
627 138 315 532 113 0 0
602 123 204 702 25 0 0
621 124 422 844 153 0 0
614 126 212 286 148 0 0
515 980 936 1157 63 0 0
535 1000 447 398 266 0 0
539 992 116 189 39 0 0
535 1000 458 848 108 0 0
523 983 256 1523 36 0 0
526 989 201 246 91 0 0
873 257 724 798 243 0 0
878 278 449 274 38 0 0
891 279 332 570 158 0 0
883 261 267 212 129 0 0
882 275 385 421 30 0 0
904 255 241 580 41 0 0
878 273 190 217 47 0 0
865 260 331 825 142 0 0
870 267 322 1414 48 0 0
884 246 274 1024 18 0 0
733 156 786 1672 74 0 0
711 153 451 681 81 0 0
703 129 402 1508 46 0 0
697 159 285 173 49 0 0
731 159 267 1130 52 0 0
724 142 282 818 27 0 0
722 144 434 288 126 0 0
697 157 462 1790 262 0 0
702 162 415 483 29 0 0
736 151 372 1865 105 0 0
704 158 120 292 67 0 0
585 879 617 1571 97 0 0
595 891 396 768 72 0 0
584 879 210 205 72 0 0
584 879 411 1861 104 0 0
612 909 255 219 110 0 0
574 896 344 298 222 0 0
608 886 180 208 74 0 0
611 907 228 322 39 0 0
605 914 361 603 113 0 0
618 355 741 800 37 0 0
632 356 486 403 68 0 0
611 324 473 959 38 0 0
650 345 451 3414 50 0 0
629 335 237 1177 24 0 0
615 332 284 1333 102 0 0
619 359 251 760 84 0 0
612 343 257 1422 116 0 0
612 342 215 823 103 0 0
637 348 124 191 50 0 0
635 323 141 436 18 0 0
152 718 819 773 364 0 0
145 733 319 331 65 0 0
156 735 173 164 133 0 0
152 738 462 631 240 0 0
165 731 430 1559 73 0 0
165 723 233 424 73 0 0
919 141 894 646 77 0 0
912 168 257 1391 191 0 0
912 159 338 579 144 0 0
911 169 215 458 60 0 0
915 162 320 569 194 0 0
948 162 353 826 38 0 0
944 168 354 507 29 0 0
935 169 349 1212 37 0 0
402 670 940 8061 79 0 0
372 658 434 366 264 0 0
407 668 228 741 27 0 0
405 674 281 1615 177 0 0
393 673 445 1193 99 0 0
400 654 346 629 112 0 0
392 671 485 1590 38 0 0
379 678 331 933 23 0 0
387 674 164 349 45 0 0
688 838 928 1412 162 0 0
669 832 235 876 32 0 0
678 839 210 1145 41 0 0
664 847 191 178 87 0 0
670 864 377 329 88 0 0
682 832 299 1624 63 0 0
676 852 419 381 65 0 0
665 846 240 626 44 0 0
671 854 212 182 122 0 0
660 862 292 745 67 0 0
847 182 745 5868 382 0 0
848 168 413 1459 37 0 0
828 174 109 124 19 0 0
843 193 384 330 202 0 0
820 171 467 364 50 0 0
840 206 311 540 82 0 0
750 951 672 1437 286 0 0
726 944 499 780 42 0 0
740 966 329 534 50 0 0
719 958 185 169 22 0 0
749 956 138 437 85 0 0
728 939 238 332 48 0 0
727 940 278 2143 183 0 0
328 199 786 1617 44 0 0
300 238 310 320 53 0 0
309 218 355 2221 92 0 0
297 205 107 202 68 0 0
314 223 424 1193 206 0 0
306 236 396 958 111 0 0
312 207 378 1235 185 0 0
299 232 254 1046 94 0 0
332 200 158 404 86 0 0
1000 44 935 1758 525 0 0
982 41 179 589 19 0 0
993 23 154 551 34 0 0
972 50 284 583 181 0 0
984 33 458 708 30 0 0
984 33 296 1221 26 0 0
987 52 371 1910 70 0 0
973 33 128 346 32 0 0
984 33 498 1991 126 0 0
1000 21 128 117 42 0 0
1000 50 491 502 119 0 0
554 422 927 7110 68 0 0
568 427 334 2164 41 0 0
539 418 121 371 32 0 0
554 441 316 784 21 0 0
554 421 279 409 102 0 0
569 436 178 417 85 0 0
553 408 302 284 63 0 0
546 439 220 478 17 0 0
573 406 362 325 200 0 0
554 412 374 858 98 0 0
571 423 180 642 100 0 0
97 979 866 6128 501 0 0
89 964 187 197 123 0 0
87 981 195 679 94 0 0
103 951 171 957 81 0 0
92 971 421 720 109 0 0
107 966 125 320 19 0 0
87 951 130 361 39 0 0
98 954 381 1903 55 0 0
1000 566 662 1479 165 0 0
989 560 174 180 67 0 0
982 589 447 628 211 0 0
984 573 317 240 63 0 0
1000 563 169 283 59 0 0
995 575 148 358 57 0 0
997 571 225 232 54 0 0
992 558 465 342 26 0 0
475 569 825 1794 50 0 0
472 566 122 323 26 0 0
473 580 295 501 101 0 0
439 596 180 120 41 0 0
456 586 108 273 10 0 0
455 590 478 763 150 0 0
443 580 123 432 14 0 0
24 429 784 885 38 0 0
42 420 216 515 32 0 0
57 441 410 1686 50 0 0
20 423 164 113 56 0 0
28 446 431 501 53 0 0
25 434 349 239 25 0 0
41 446 438 853 86 0 0
491 338 765 1693 69 0 0
510 329 129 329 55 0 0
521 342 401 837 79 0 0
502 329 260 469 59 0 0
520 317 189 721 94 0 0
514 317 321 845 102 0 0
486 310 268 704 28 0 0
490 336 288 1982 62 0 0
503 313 156 214 73 0 0
520 342 146 247 17 0 0
975 886 816 700 132 0 0
1000 884 292 282 75 0 0
1000 857 290 317 58 0 0
976 852 199 466 147 0 0
998 890 166 370 114 0 0
988 866 273 340 94 0 0
1000 864 200 196 27 0 0
997 864 115 248 83 0 0
424 457 755 727 101 0 0
446 442 355 2040 194 0 0
446 441 101 293 29 0 0
441 474 313 1804 68 0 0
433 459 228 539 34 0 0
443 473 338 713 51 0 0
451 450 482 434 87 0 0
413 458 104 199 21 0 0
435 471 293 400 84 0 0
434 469 314 1794 45 0 0
446 467 245 793 84 0 0
287 588 792 2822 133 0 0
283 587 335 1746 124 0 0
280 577 477 1845 99 0 0
290 580 133 681 115 0 0
274 573 493 4261 65 0 0
286 592 163 710 100 0 0
279 589 487 583 33 0 0
279 603 301 1420 43 0 0
310 579 419 3033 185 0 0
276 589 122 574 92 0 0
433 66 643 2423 199 0 0
397 86 459 630 119 0 0
408 78 190 609 25 0 0
427 76 427 2924 61 0 0
420 88 379 1296 116 0 0
405 68 302 1872 65 0 0
397 79 194 410 74 0 0
429 70 309 400 243 0 0
868 865 658 2216 75 0 0
893 878 172 433 90 0 0
871 880 343 284 87 0 0
870 879 403 1101 63 0 0
864 892 149 163 37 0 0
871 864 451 2352 251 0 0
889 892 230 316 107 0 0
885 895 383 318 54 0 0
781 735 749 1390 128 0 0
806 712 230 605 32 0 0
773 722 185 980 41 0 0
794 734 309 285 46 0 0
801 719 228 356 168 0 0
783 723 442 3174 266 0 0
783 716 370 1863 43 0 0
105 497 578 2558 65 0 0
96 504 366 556 85 0 0
96 504 272 297 107 0 0
107 517 239 721 92 0 0
126 504 237 585 83 0 0
101 514 300 1263 68 0 0
132 533 427 1687 38 0 0
112 528 369 246 176 0 0
113 504 304 787 139 0 0
124 503 343 626 45 0 0
34 291 885 7520 488 0 0
27 324 230 742 107 0 0
19 304 162 880 57 0 0
42 294 192 560 151 0 0
43 313 117 217 31 0 0
23 285 340 1549 129 0 0
924 467 705 1117 106 0 0
935 480 446 2122 35 0 0
957 484 459 547 209 0 0
957 452 362 627 119 0 0
938 451 451 2388 147 0 0
937 485 128 276 68 0 0
948 455 473 4234 51 0 0
925 476 407 709 35 0 0
946 486 427 1134 218 0 0
244 839 625 635 70 0 0
254 864 400 325 168 0 0
249 856 237 461 157 0 0
257 847 295 520 142 0 0
258 852 219 304 107 0 0
261 872 349 617 157 0 0
237 855 334 765 184 0 0
253 870 309 1340 86 0 0
180 914 586 388 203 0 0
169 938 280 577 42 0 0
167 922 119 248 22 0 0
193 900 207 819 45 0 0
154 916 451 636 99 0 0
193 920 455 2143 32 0 0
159 914 354 887 48 0 0
180 916 191 532 104 0 0
7 932 683 706 129 0 0
0 907 333 1525 42 0 0
9 907 236 1224 18 0 0
0 933 130 246 22 0 0
17 912 307 1082 22 0 0
6 911 339 386 121 0 0
282 380 559 514 103 0 0
283 406 162 332 93 0 0
303 382 319 1491 70 0 0
278 384 439 408 61 0 0
275 390 330 266 106 0 0
303 399 176 572 48 0 0
311 405 385 1028 91 0 0
299 385 149 221 39 0 0
310 392 112 477 46 0 0
311 407 497 1742 55 0 0
308 411 112 121 59 0 0
481 713 895 5459 498 0 0
483 707 378 1040 217 0 0
501 729 472 550 104 0 0
508 696 403 1311 28 0 0
495 712 147 449 18 0 0
506 730 419 2760 103 0 0
507 726 272 647 93 0 0
494 721 466 557 115 0 0
520 723 193 141 36 0 0
514 693 366 1686 40 0 0
505 692 373 483 27 0 0
