16
70
20
4
12
5
50
1073
1123
1123
500
157
309 322 628 33 150
300 313 674 32 163
307 322 655 34 157
340 121 465 27 123
323 148 495 25 126
333 128 499 25 130
352 489 632 31 161
370 511 632 32 157
366 495 589 32 149
355 270 407 20 89
376 293 416 19 89
365 291 416 19 86
368 62 454 19 94
376 80 472 19 93
357 66 436 20 89
432 364 678 25 128
422 354 742 26 124
436 373 742 26 133
456 807 606 33 164
457 811 593 34 150
454 822 600 32 149
444 1062 666 35 149
445 1044 679 33 149
436 1045 672 31 157
472 100 671 33 158
495 82 619 32 150
481 82 665 33 160
501 236 597 32 164
484 243 660 33 155
482 246 629 35 164
557 993 634 28 124
547 1007 622 26 131
576 1007 586 25 132
560 690 578 31 157
562 694 590 33 163
562 715 561 31 149
597 400 587 32 149
593 386 593 31 150
572 401 581 32 160
597 143 769 27 132
608 120 696 27 128
609 124 732 25 132
581 787 647 27 130
589 783 686 28 132
591 769 673 27 123
635 301 515 26 132
631 329 500 28 126
656 305 490 26 132
666 1064 575 33 163
666 1055 563 32 157
688 1069 569 35 149
721 61 595 32 153
727 74 595 33 150
721 71 632 32 157
749 768 549 28 128
756 771 566 26 128
759 743 544 27 131
793 641 655 33 158
774 637 681 34 152
779 647 662 32 157
788 866 408 19 87
785 876 425 18 90
791 860 429 19 90
823 1065 444 18 89
828 1038 440 19 89
815 1064 440 20 86
860 975 579 28 131
869 998 540 27 124
859 998 585 26 126
855 788 669 32 163
860 785 611 33 161
869 809 611 33 155
84 504 1152 54 317
96 529 1260 52 314
72 514 1188 55 298
293 573 1081 57 329
272 579 1092 56 323
289 563 1160 52 301
819 557 1310 54 320
810 559 1260 52 329
824 579 1197 56 320
1058 629 1232 55 314
1048 646 1295 54 320
1066 632 1244 55 304
250 859 550 38 228
260 880 550 38 228
241 882 550 36 228
240 888 300 48 276
881 258 550 36 228
860 236 550 36 228
878 247 550 37 228
871 244 300 45 276
274 927 550 37 228
290 927 550 38 228
284 927 550 37 228
272 937 300 51 276
842 189 550 39 228
849 199 550 35 228
851 199 550 39 228
844 204 300 43 276
947 268 550 38 228
938 272 550 35 228
930 288 550 39 228
935 264 300 45 276
193 854 550 34 228
203 836 550 36 228
197 837 550 39 228
193 837 300 47 276
385 746 550 37 228
365 749 550 38 228
380 758 550 38 228
372 757 300 47 276
739 368 550 36 228
763 382 550 38 228
753 361 550 37 228
737 385 300 45 276
510 926 550 38 228
502 922 550 36 228
503 945 550 36 228
499 926 300 46 276
627 192 550 34 228
621 197 550 39 228
619 179 550 38 228
640 180 300 47 276
929 504 550 37 228
943 483 550 34 228
927 494 550 36 228
944 483 300 49 276
196 616 550 38 228
184 632 550 35 228
178 618 550 36 228
202 630 300 51 276
495 618 550 38 228
493 620 550 39 228
484 616 550 39 228
483 617 300 49 276
632 490 550 36 228
638 498 550 35 228
640 492 550 38 228
623 509 300 51 276
729 934 550 34 228
727 941 550 35 228
728 948 550 37 228
727 936 300 45 276
390 176 550 39 228
401 189 550 36 228
392 193 550 39 228
417 183 300 52 276
928 733 550 38 228
940 729 550 35 228
940 722 550 36 228
918 707 300 45 276
181 393 550 39 228
198 399 550 39 228
184 412 550 39 228
197 411 300 51 276
100 100 10000 926 2000
