32
50
20
2
33
5
50
1073
1123
1123
500
157
293 322 668 33 157 0 0
299 313 668 32 158 0 0
283 326 661 32 164 0 0
333 141 516 27 132 0 0
331 145 511 27 132 0 0
329 146 521 28 123 0 0
358 495 653 34 158 0 0
343 509 680 31 150 0 0
363 511 686 32 155 0 0
365 287 438 18 90 0 0
354 281 447 18 85 0 0
356 282 404 20 92 0 0
380 90 429 20 87 0 0
362 71 425 19 89 0 0
370 90 412 20 94 0 0
434 367 515 28 130 0 0
421 343 505 26 131 0 0
409 371 510 28 136 0 0
463 809 580 33 164 0 0
458 814 562 32 161 0 0
458 824 586 31 149 0 0
437 1067 607 32 163 0 0
440 1071 601 33 152 0 0
463 1048 613 32 164 0 0
468 86 655 34 153 0 0
481 92 649 34 155 0 0
474 86 681 32 155 0 0
495 246 637 34 164 0 0
477 241 600 31 158 0 0
490 239 618 34 158 0 0
573 997 676 27 130 0 0
573 1019 663 26 135 0 0
562 991 676 28 124 0 0
557 713 622 33 153 0 0
582 697 593 32 153 0 0
582 692 575 33 155 0 0
590 394 599 34 164 0 0
576 387 605 33 153 0 0
594 396 599 34 149 0 0
583 141 502 25 131 0 0
605 142 477 27 132 0 0
580 137 507 27 124 0 0
581 791 508 27 135 0 0
601 792 502 28 124 0 0
596 798 523 26 131 0 0
648 308 614 26 124 0 0
635 328 632 27 124 0 0
651 318 589 25 132 0 0
667 1058 550 31 160 0 0
684 1062 550 34 149 0 0
686 1067 591 33 158 0 0
706 89 643 33 152 0 0
703 66 682 31 150 0 0
706 84 637 34 164 0 0
744 759 495 25 136 0 0
733 755 526 26 133 0 0
752 753 485 27 136 0 0
790 646 717 32 164 0 0
792 648 697 33 161 0 0
780 630 690 32 150 0 0
787 872 429 18 86 0 0
801 867 438 20 91 0 0
782 880 434 19 94 0 0
817 1050 436 19 88 0 0
813 1054 472 19 89 0 0
827 1036 427 19 91 0 0
854 997 629 27 127 0 0
849 993 642 26 133 0 0
844 996 655 25 124 0 0
874 785 544 33 161 0 0
857 813 579 32 152 0 0
867 791 567 32 149 0 0
90 522 1191 57 326 0 0
85 517 1167 56 317 0 0
87 510 1227 53 326 0 0
264 586 1212 56 323 0 0
284 568 1248 52 307 0 0
282 575 1176 57 301 0 0
808 576 1094 51 304 0 0
812 576 1186 57 329 0 0
825 579 1094 51 317 0 0
1066 649 1101 53 304 0 0
1054 640 1136 51 307 0 0
1063 650 1159 56 317 0 0
250 884 550 34 228 0 0
253 873 550 36 228 0 0
250 886 550 35 228 0 0
240 874 300 45 276 0 0
863 236 550 36 228 0 0
858 265 550 36 228 0 0
888 248 550 39 228 0 0
874 248 300 44 276 0 0
278 944 550 39 228 0 0
267 933 550 38 228 0 0
279 941 550 38 228 0 0
266 930 300 47 276 0 0
861 192 550 36 228 0 0
856 176 550 38 228 0 0
837 181 550 39 228 0 0
848 177 300 43 276 0 0
935 290 550 38 228 0 0
932 282 550 37 228 0 0
940 280 550 38 228 0 0
935 272 300 46 276 0 0
196 857 550 36 228 0 0
192 862 550 39 228 0 0
188 859 550 36 228 0 0
176 850 300 49 276 0 0
379 746 550 39 228 0 0
362 763 550 34 228 0 0
370 740 550 34 228 0 0
385 764 300 47 276 0 0
751 371 550 34 228 0 0
761 364 550 37 228 0 0
747 373 550 34 228 0 0
743 375 300 50 276 0 0
506 927 550 34 228 0 0
508 922 550 35 228 0 0
502 945 550 38 228 0 0
497 924 300 51 276 0 0
615 184 550 36 228 0 0
615 195 550 37 228 0 0
611 190 550 38 228 0 0
639 184 300 52 276 0 0
939 495 550 38 228 0 0
942 508 550 35 228 0 0
948 509 550 35 228 0 0
938 500 300 49 276 0 0
203 629 550 37 228 0 0
192 619 550 36 228 0 0
191 639 550 39 228 0 0
182 628 300 52 276 0 0
480 625 550 38 228 0 0
493 617 550 39 228 0 0
483 618 550 35 228 0 0
490 633 300 43 276 0 0
644 505 550 34 228 0 0
614 506 550 37 228 0 0
637 486 550 38 228 0 0
640 480 300 47 276 0 0
705 918 550 35 228 0 0
729 918 550 39 228 0 0
711 922 550 37 228 0 0
734 918 300 46 276 0 0
411 175 550 36 228 0 0
412 205 550 39 228 0 0
391 195 550 38 228 0 0
401 196 300 48 276 0 0
946 728 550 35 228 0 0
926 704 550 39 228 0 0
918 726 550 36 228 0 0
934 704 300 47 276 0 0
199 415 550 39 228 0 0
198 393 550 39 228 0 0
203 408 550 39 228 0 0
175 405 300 48 276 0 0
100 100 10000 962 2000 0 0
