25
25
25
10
25
16
500
664
1000
1000
777
1000
680 332 228 2080 1 0 0
556 590 104 596 1 0 0
847 316 335 3245 1 0 0
801 360 292 2630 1 0 0
650 950 153 1760 1 0 0
523 940 76 296 1 0 0
555 131 92 744 1 0 0
890 567 284 4557 1 0 0
578 355 136 1028 1 0 0
857 41 302 4182 1 0 0
932 637 292 5106 1 0 0
688 189 215 1595 1 0 0
741 603 196 2273 1 0 0
622 496 150 1373 1 0 0
840 408 293 3496 1 0 0
702 251 217 1889 1 0 0
610 65 179 1190 1 0 0
714 689 262 1863 1 0 0
373 59 167 1 821 0 0
740 660 197 2775 1 0 0
889 160 362 3234 1 0 0
573 130 101 774 1 0 0
858 667 265 3071 1 0 0
950 868 319 4693 1 0 0
128 152 297 1 1779 0 0
804 528 331 2928 1 0 0
670 307 175 1930 1 0 0
913 12 358 4299 1 0 0
771 535 296 3282 1 0 0
600 153 120 960 1 0 0
979 718 424 4709 1 0 0
946 92 352 3675 1 0 0
913 874 325 4288 1 0 0
924 619 338 4623 1 0 0
859 801 332 3760 1 0 0
841 131 291 3209 1 0 0
857 910 320 3537 1 0 0
898 639 389 4165 1 0 0
553 888 97 570 1 0 0
507 245 49 184 1 0 0
949 865 341 5195 1 0 0
502 436 28 116 1 0 0
915 168 396 3448 1 0 0
652 887 160 1811 1 0 0
996 308 407 4540 1 0 0
618 118 181 1292 1 0 0
2 74 313 1 2426 0 0
937 565 414 4277 1 0 0
973 393 408 5496 1 0 0
762 613 299 2834 1 0 0
803 593 276 2794 1 0 0
943 459 339 4133 1 0 0
951 799 300 4628 1 0 0
715 134 225 2537 1 0 0
398 799 129 1 559 0 0
781 7 243 2583 1 0 0
539 92 93 517 1 0 0
806 800 260 3582 1 0 0
694 775 196 2238 1 0 0
799 14 248 3574 1 0 0
392 960 126 1 587 0 0
976 960 317 5413 1 0 0
935 893 329 4754 1 0 0
650 149 173 1855 1 0 0
936 458 363 4877 1 0 0
732 102 196 2790 1 0 0
540 591 97 547 1 0 0
711 855 232 2340 1 0 0
688 505 173 2016 1 0 0
777 244 213 2437 1 0 0
936 352 369 4109 1 0 0
953 505 390 5469 1 0 0
11 927 308 1 2045 0 0
864 435 249 4083 1 0 0
715 20 185 2593 1 0 0
723 811 262 2268 1 0 0
40 86 407 1 2172 0 0
71 66 345 1 1929 0 0
863 649 259 3154 1 0 0
696 661 173 2142 1 0 0
837 980 322 3736 1 0 0
863 240 272 3659 1 0 0
742 388 194 2780 1 0 0
326 766 164 1 1081 0 0
506 356 36 161 1 0 0
579 203 119 888 1 0 0
899 643 274 4152 1 0 0
864 426 271 3194 1 0 0
939 783 373 4609 1 0 0
897 747 351 3290 1 0 0
370 247 186 1 832 0 0
632 226 175 1321 1 0 0
984 294 304 4302 1 0 0
802 267 249 3542 1 0 0
427 836 116 1 480 0 0
626 489 160 1373 1 0 0
613 797 149 1372 1 0 0
943 37 300 4726 1 0 0
564 220 112 872 1 0 0
583 390 136 978 1 0 0
803 786 282 3283 1 0 0
690 56 171 2043 1 0 0
663 961 153 1926 1 0 0
565 667 98 805 1 0 0
873 641 346 3757 1 0 0
585 335 121 973 1 0 0
846 810 290 4232 1 0 0
668 812 219 1795 1 0 0
850 267 257 3936 1 0 0
635 572 192 1494 1 0 0
414 88 120 1 471 0 0
834 705 249 3068 1 0 0
509 945 44 221 1 0 0
527 516 57 370 1 0 0
866 556 352 3648 1 0 0
830 730 327 3173 1 0 0
547 568 102 591 1 0 0
649 659 195 1619 1 0 0
696 341 180 2023 1 0 0
578 873 128 996 1 0 0
706 354 196 2474 1 0 0
247 513 275 1 1109 0 0
736 565 276 2532 1 0 0
762 19 222 3217 1 0 0
832 720 341 3028 1 0 0
604 159 138 950 1 0 0
948 930 311 4791 1 0 0
752 861 251 2774 1 0 0
881 694 353 3825 1 0 0
882 944 335 4266 1 0 0
785 777 299 2363 1 0 0
538 872 97 565 1 0 0
766 507 229 2564 1 0 0
628 771 132 1195 1 0 0
562 512 92 617 1 0 0
833 618 351 3613 1 0 0
961 606 340 3776 1 0 0
601 817 153 901 1 0 0
831 700 281 4044 1 0 0
805 268 332 3173 1 0 0
875 584 379 4498 1 0 0
685 412 231 2150 1 0 0
910 247 371 3729 1 0 0
35 796 314 1 2358 0 0
681 21 167 2194 1 0 0
545 740 87 607 1 0 0
786 249 238 2401 1 0 0
804 670 269 2710 1 0 0
582 22 122 817 1 0 0
583 321 143 1031 1 0 0
529 357 71 315 1 0 0
556 884 110 614 1 0 0
863 311 370 4142 1 0 0
624 249 173 1373 1 0 0
692 369 211 1990 1 0 0
891 894 263 3616 1 0 0
692 481 217 1722 1 0 0
958 992 334 4179 1 0 0
638 279 204 1205 1 0 0
638 579 196 1530 1 0 0
522 620 74 321 1 0 0
907 961 357 4730 1 0 0
604 770 131 1280 1 0 0
533 715 75 490 1 0 0
709 918 239 2035 1 0 0
517 240 59 278 1 0 0
884 626 337 3297 1 0 0
557 672 95 778 1 0 0
294 757 216 1 992 0 0
850 627 357 3126 1 0 0
759 692 216 2900 1 0 0
847 782 341 3103 1 0 0
619 56 160 1380 1 0 0
792 609 242 2742 1 0 0
741 217 279 2479 1 0 0
958 459 339 5024 1 0 0
525 495 60 315 1 0 0
595 941 134 1168 1 0 0
822 821 293 3569 1 0 0
570 129 133 925 1 0 0
817 193 317 3791 1 0 0
510 559 55 160 1 0 0
945 732 411 3699 1 0 0
914 298 324 4458 1 0 0
452 684 112 1 341 0 0
613 418 171 1418 1 0 0
818 507 265 3099 1 0 0
855 245 354 3170 1 0 0
917 611 311 4322 1 0 0
843 413 300 3077 1 0 0
788 694 219 2637 1 0 0
850 669 262 3508 1 0 0
902 110 355 4004 1 0 0
614 161 174 1089 1 0 0
676 15 165 1668 1 0 0
820 966 339 3313 1 0 0
982 361 431 5449 1 0 0
792 105 236 2697 1 0 0
524 303 61 321 1 0 0
538 357 81 524 1 0 0
973 174 355 3965 1 0 0
537 688 74 528 1 0 0
811 136 336 3374 1 0 0
272 975 218 1 1298 0 0
663 259 168 1678 1 0 0
932 762 280 4400 1 0 0
944 612 373 4018 1 0 0
835 70 305 3975 1 0 0
895 412 353 4596 1 0 0
860 269 318 4044 1 0 0
863 7 307 3930 1 0 0
795 856 241 2521 1 0 0
82 348 327 1 1781 0 0
818 225 298 3432 1 0 0
819 276 270 2668 1 0 0
944 957 413 5181 1 0 0
541 75 93 578 1 0 0
662 124 199 1877 1 0 0
704 998 203 2119 1 0 0
342 856 217 1 771 0 0
80 536 304 1 2338 0 0
837 551 253 3383 1 0 0
718 634 256 2142 1 0 0
483 147 49 1 133 0 0
913 447 369 3474 1 0 0
619 901 134 1361 1 0 0
757 56 213 3151 1 0 0
593 527 154 1041 1 0 0
745 644 247 2610 1 0 0
544 742 95 503 1 0 0
867 431 327 4346 1 0 0
790 268 248 2834 1 0 0
589 741 128 937 1 0 0
969 981 412 4379 1 0 0
605 495 149 1239 1 0 0
2 784 408 1 2626 0 0
893 197 305 3281 1 0 0
722 611 200 2126 1 0 0
695 645 170 1821 1 0 0
747 149 251 2544 1 0 0
722 670 191 1871 1 0 0
693 716 194 1879 1 0 0
936 719 292 4571 1 0 0
587 97 148 1108 1 0 0
738 425 242 1986 1 0 0
890 306 335 4383 1 0 0
902 509 322 3645 1 0 0
751 101 218 2230 1 0 0
764 664 304 3069 1 0 0
602 877 145 1059 1 0 0
810 962 327 3158 1 0 0
626 156 145 1134 1 0 0
723 128 250 2220 1 0 0
946 642 283 4845 1 0 0
972 245 431 4895 1 0 0
850 147 273 3566 1 0 0
521 210 58 290 1 0 0
660 490 184 1432 1 0 0
858 994 251 3698 1 0 0
834 150 317 3651 1 0 0
969 332 400 5306 1 0 0
835 22 338 2780 1 0 0
645 242 204 1310 1 0 0
718 325 211 2316 1 0 0
689 224 233 2199 1 0 0
570 77 133 663 1 0 0
569 274 132 754 1 0 0
933 672 338 4118 1 0 0
743 416 261 2273 1 0 0
941 785 414 4214 1 0 0
686 864 228 1716 1 0 0
945 429 283 4933 1 0 0
507 708 35 150 1 0 0
896 802 315 4434 1 0 0
764 546 237 2238 1 0 0
553 23 118 612 1 0 0
889 593 320 4092 1 0 0
700 975 203 2427 1 0 0
922 300 300 3794 1 0 0
662 141 164 1548 1 0 0
753 66 265 2972 1 0 0
722 895 243 2678 1 0 0
804 254 316 2866 1 0 0
910 854 361 4319 1 0 0
732 56 219 2639 1 0 0
749 290 276 2979 1 0 0
647 161 200 1305 1 0 0
512 488 49 188 1 0 0
979 119 323 5414 1 0 0
851 106 288 3109 1 0 0
584 844 153 1002 1 0 0
842 307 274 2866 1 0 0
305 20 228 1 908 0 0
535 812 88 388 1 0 0
288 133 208 1 998 0 0
912 541 385 4506 1 0 0
793 259 325 2584 1 0 0
861 510 365 4018 1 0 0
504 680 37 125 1 0 0
413 807 155 1 432 0 0
637 603 198 1438 1 0 0
914 721 287 3792 1 0 0
325 669 222 1 775 0 0
935 600 386 4238 1 0 0
160 704 354 1 1997 0 0
693 225 171 2263 1 0 0
667 279 218 1926 1 0 0
630 669 183 1269 1 0 0
575 478 143 907 1 0 0
574 397 138 707 1 0 0
835 660 240 3963 1 0 0
728 599 274 2815 1 0 0
477 916 53 1 168 0 0
903 859 305 3373 1 0 0
612 444 168 1236 1 0 0
727 46 189 2165 1 0 0
953 872 297 4017 1 0 0
893 328 377 3242 1 0 0
556 535 109 594 1 0 0
652 60 174 1706 1 0 0
509 884 41 195 1 0 0
890 49 296 4770 1 0 0
696 349 242 2000 1 0 0
545 224 93 483 1 0 0
785 502 273 3013 1 0 0
88 542 296 1 1907 0 0
751 950 217 2450 1 0 0
616 137 156 1068 1 0 0
668 775 171 1639 1 0 0
875 492 341 3110 1 0 0
875 430 364 4520 1 0 0
495 282 45 1 76 0 0
731 726 275 2394 1 0 0
702 110 258 2106 1 0 0
936 587 353 4410 1 0 0
142 318 343 1 2123 0 0
27 927 374 1 2162 0 0
512 240 41 187 1 0 0
730 749 232 1950 1 0 0
22 704 382 1 2535 0 0
551 178 105 722 1 0 0
852 392 327 3676 1 0 0
361 396 142 1 793 0 0
522 166 77 343 1 0 0
545 438 102 579 1 0 0
894 578 323 3881 1 0 0
743 740 221 2074 1 0 0
748 666 240 2757 1 0 0
420 755 106 1 537 0 0
737 19 202 2457 1 0 0
911 77 350 3965 1 0 0
906 828 291 3374 1 0 0
731 698 201 2781 1 0 0
205 249 267 1 1292 0 0
694 961 242 2066 1 0 0
836 789 282 3233 1 0 0
770 184 279 3130 1 0 0
574 525 140 1001 1 0 0
969 419 383 4189 1 0 0
835 752 283 3417 1 0 0
711 777 208 2417 1 0 0
939 20 290 5038 1 0 0
724 723 266 2132 1 0 0
696 523 223 2006 1 0 0
707 422 213 1756 1 0 0
665 228 226 1622 1 0 0
936 280 298 4201 1 0 0
661 304 169 1708 1 0 0
856 377 301 3908 1 0 0
602 494 165 1221 1 0 0
350 746 167 1 900 0 0
738 656 200 2110 1 0 0
551 928 95 594 1 0 0
813 279 294 3604 1 0 0
650 281 164 1826 1 0 0
624 614 136 1286 1 0 0
924 17 306 3508 1 0 0
749 560 244 2353 1 0 0
380 744 182 1 623 0 0
964 393 413 4939 1 0 0
729 542 252 2850 1 0 0
597 824 165 1075 1 0 0
958 337 364 4842 1 0 0
925 988 408 5153 1 0 0
625 911 166 1614 1 0 0
908 791 380 3739 1 0 0
932 306 407 3872 1 0 0
235 9 243 1 1317 0 0
509 539 38 192 1 0 0
626 672 188 1501 1 0 0
958 832 308 5150 1 0 0
773 149 260 3335 1 0 0
625 1000 167 1444 1 0 0
937 581 391 5314 1 0 0
595 623 135 1027 1 0 0
247 851 259 1 1545 0 0
598 55 155 1111 1 0 0
402 264 164 1 451 0 0
835 879 313 2947 1 0 0
736 753 271 2301 1 0 0
436 637 119 1 417 0 0
706 771 182 2041 1 0 0
713 428 220 2244 1 0 0
980 937 364 5793 1 0 0
611 150 162 1286 1 0 0
864 138 313 3683 1 0 0
607 894 174 1057 1 0 0
678 88 218 1753 1 0 0
999 20 444 4100 1 0 0
522 893 53 338 1 0 0
950 718 306 5060 1 0 0
566 814 115 812 1 0 0
629 660 180 1360 1 0 0
578 695 106 1044 1 0 0
505 240 35 146 1 0 0
878 275 269 3273 1 0 0
812 881 243 3256 1 0 0
811 443 314 3310 1 0 0
599 919 142 1199 1 0 0
212 501 320 1 1205 0 0
740 124 258 2168 1 0 0
795 506 294 2857 1 0 0
701 781 249 2406 1 0 0
924 364 368 4833 1 0 0
683 603 243 1753 1 0 0
791 958 221 2731 1 0 0
725 648 194 2146 1 0 0
99 167 306 1 2111 0 0
562 190 113 678 1 0 0
544 439 72 458 1 0 0
687 760 215 2161 1 0 0
814 699 297 2606 1 0 0
642 430 146 1764 1 0 0
880 513 323 4631 1 0 0
600 525 150 931 1 0 0
706 670 226 2294 1 0 0
703 500 240 2141 1 0 0
848 401 311 3276 1 0 0
840 691 334 4116 1 0 0
872 742 360 4485 1 0 0
717 947 181 2218 1 0 0
561 931 99 791 1 0 0
664 635 214 1545 1 0 0
797 584 325 2865 1 0 0
600 620 118 1194 1 0 0
577 755 104 968 1 0 0
778 177 258 2462 1 0 0
238 808 253 1 1137 0 0
990 878 340 4866 1 0 0
516 514 52 220 1 0 0
965 307 391 4848 1 0 0
991 772 447 4849 1 0 0
658 477 162 1460 1 0 0
535 257 76 505 1 0 0
661 226 185 1764 1 0 0
637 592 192 1552 1 0 0
730 48 190 2844 1 0 0
941 266 331 4206 1 0 0
543 560 71 572 1 0 0
658 52 219 1644 1 0 0
873 824 376 3710 1 0 0
580 174 128 973 1 0 0
820 786 329 3412 1 0 0
706 754 184 2127 1 0 0
732 640 274 2409 1 0 0
893 422 266 4695 1 0 0
890 37 271 3236 1 0 0
748 242 261 2809 1 0 0
195 425 289 1 1653 0 0
707 896 190 2307 1 0 0
693 644 203 2394 1 0 0
583 477 150 933 1 0 0
815 222 250 2641 1 0 0
619 769 170 1378 1 0 0
748 548 240 3083 1 0 0
909 859 361 4088 1 0 0
1000 461 371 6019 1 0 0
668 292 188 2079 1 0 0
989 720 332 4961 1 0 0
937 37 392 3736 1 0 0
524 659 74 389 1 0 0
747 333 225 2358 1 0 0
919 8 349 4820 1 0 0
823 978 231 3580 1 0 0
570 291 133 850 1 0 0
811 898 287 2711 1 0 0
745 394 221 2382 1 0 0
553 603 112 737 1 0 0
114 893 259 1 1656 0 0
953 452 330 4784 1 0 0
771 623 287 3358 1 0 0
817 113 331 3478 1 0 0
769 150 289 2957 1 0 0
653 870 170 1581 1 0 0
673 691 163 1647 1 0 0
797 254 294 2830 1 0 0
523 497 59 290 1 0 0
393 511 131 1 527 0 0
595 63 142 1251 1 0 0
821 949 337 3320 1 0 0
626 869 180 1441 1 0 0
715 896 203 2574 1 0 0
946 875 283 4198 1 0 0
650 387 187 1606 1 0 0
859 179 297 3215 1 0 0
257 646 275 1 1025 0 0
770 424 277 3200 1 0 0
847 993 337 3826 1 0 0
853 300 355 3920 1 0 0
635 328 140 1452 1 0 0
814 529 284 3726 1 0 0
752 833 208 3066 1 0 0
528 340 63 381 1 0 0
790 493 304 2741 1 0 0
971 971 342 5510 1 0 0
801 614 317 3595 1 0 0
964 403 338 4578 1 0 0
756 711 244 3146 1 0 0
824 829 232 3635 1 0 0
902 503 372 4529 1 0 0
804 393 309 2704 1 0 0
790 119 301 2959 1 0 0
588 143 121 963 1 0 0
593 524 159 955 1 0 0
680 129 197 2190 1 0 0
628 948 153 1634 1 0 0
939 551 279 5046 1 0 0
830 762 259 3437 1 0 0
949 821 393 5485 1 0 0
981 780 329 4396 1 0 0
685 98 242 1788 1 0 0
525 801 70 378 1 0 0
885 146 365 3969 1 0 0
865 22 279 4447 1 0 0
724 24 261 2393 1 0 0
787 279 278 3292 1 0 0
612 906 131 1226 1 0 0
934 452 394 4809 1 0 0
883 542 328 3331 1 0 0
925 134 362 5017 1 0 0
554 616 90 523 1 0 0
594 346 134 1078 1 0 0
918 451 320 4051 1 0 0
889 633 308 4784 1 0 0
507 133 47 139 1 0 0
733 589 223 2692 1 0 0
545 842 89 608 1 0 0
664 705 214 1571 1 0 0
808 463 312 3629 1 0 0
974 729 331 5428 1 0 0
788 469 258 2927 1 0 0
805 375 272 2707 1 0 0
741 512 194 2087 1 0 0
689 897 206 1847 1 0 0
713 654 225 1938 1 0 0
578 714 125 749 1 0 0
654 398 219 1360 1 0 0
912 929 359 4045 1 0 0
700 537 191 1979 1 0 0
701 75 190 2005 1 0 0
275 852 239 1 1330 0 0
745 183 281 2075 1 0 0
462 397 90 1 203 0 0
575 286 104 732 1 0 0
737 875 224 2796 1 0 0
670 222 162 1656 1 0 0
709 143 232 2542 1 0 0
549 878 103 617 1 0 0
416 568 108 1 507 0 0
450 377 90 1 334 0 0
931 430 406 4384 1 0 0
554 817 83 670 1 0 0
757 152 274 2506 1 0 0
969 462 425 5374 1 0 0
755 454 278 2287 1 0 0
748 364 284 2143 1 0 0
960 732 416 5482 1 0 0
819 915 288 2802 1 0 0
554 790 114 572 1 0 0
777 626 218 3325 1 0 0
505 740 31 155 1 0 0
761 417 300 2559 1 0 0
988 774 391 4558 1 0 0
567 115 115 819 1 0 0
798 203 292 2772 1 0 0
888 100 320 3375 1 0 0
734 105 230 2662 1 0 0
582 665 120 865 1 0 0
877 28 255 3803 1 0 0
687 571 171 2333 1 0 0
665 648 212 1532 1 0 0
705 243 213 2092 1 0 0
756 722 223 2629 1 0 0
704 903 228 1884 1 0 0
833 810 314 3951 1 0 0
529 438 70 421 1 0 0
818 308 342 2664 1 0 0
800 366 296 3236 1 0 0
762 905 263 2318 1 0 0
785 893 305 2669 1 0 0
951 753 346 4814 1 0 0
508 384 40 191 1 0 0
753 121 243 2316 1 0 0
75 143 392 1 1888 0 0
880 443 287 4014 1 0 0
782 144 213 2916 1 0 0
804 92 299 2584 1 0 0
593 42 146 1006 1 0 0
867 22 357 4470 1 0 0
728 939 264 2666 1 0 0
769 619 278 2409 1 0 0
602 812 146 909 1 0 0
974 232 338 5437 1 0 0
935 985 370 3560 1 0 0
661 494 152 1719 1 0 0
520 196 50 277 1 0 0
890 878 304 3304 1 0 0
515 439 53 292 1 0 0
591 457 113 905 1 0 0
281 751 223 1 927 0 0
722 87 268 2362 1 0 0
858 139 258 4076 1 0 0
801 867 283 3225 1 0 0
836 971 291 3726 1 0 0
997 113 396 4833 1 0 0
201 955 312 1 1634 0 0
600 880 152 1121 1 0 0
546 174 85 623 1 0 0
554 576 86 571 1 0 0
551 661 112 522 1 0 0
769 800 247 2922 1 0 0
827 878 247 2710 1 0 0
771 273 229 3160 1 0 0
609 886 153 1070 1 0 0
611 942 177 1298 1 0 0
886 999 308 4659 1 0 0
556 398 90 579 1 0 0
859 31 342 3060 1 0 0
712 222 225 2294 1 0 0
19 40 386 1 2494 0 0
562 287 99 598 1 0 0
638 804 163 1769 1 0 0
967 568 318 4730 1 0 0
544 402 93 523 1 0 0
679 861 174 1670 1 0 0
753 704 218 3124 1 0 0
941 170 404 4822 1 0 0
378 821 132 1 578 0 0
744 596 267 2371 1 0 0
578 732 136 913 1 0 0
899 843 317 3591 1 0 0
697 460 235 1808 1 0 0
661 38 198 1621 1 0 0
586 594 109 1031 1 0 0
899 770 273 4676 1 0 0
727 339 187 2142 1 0 0
831 632 267 2920 1 0 0
56 748 299 1 2083 0 0
582 248 129 1077 1 0 0
628 901 190 1399 1 0 0
977 552 362 5186 1 0 0
549 77 94 636 1 0 0
885 764 369 4197 1 0 0
672 377 163 1646 1 0 0
820 29 289 2948 1 0 0
541 71 96 511 1 0 0
871 179 322 3123 1 0 0
552 566 115 649 1 0 0
501 176 36 101 1 0 0
736 776 225 2039 1 0 0
775 387 209 2672 1 0 0
560 677 91 751 1 0 0
712 904 215 2450 1 0 0
894 82 333 4302 1 0 0
729 627 208 2617 1 0 0
925 313 300 3783 1 0 0
640 164 201 1649 1 0 0
848 359 342 2900 1 0 0
997 684 377 4399 1 0 0
809 883 277 3068 1 0 0
785 785 302 3526 1 0 0
755 870 271 2181 1 0 0
857 195 361 3431 1 0 0
881 735 272 3536 1 0 0
894 884 291 4526 1 0 0
729 329 260 2830 1 0 0
841 956 320 2950 1 0 0
988 531 398 4683 1 0 0
665 517 228 1953 1 0 0
981 190 380 4206 1 0 0
707 264 202 1873 1 0 0
619 63 136 1465 1 0 0
757 81 270 2180 1 0 0
578 111 105 898 1 0 0
510 83 40 193 1 0 0
645 954 142 1541 1 0 0
663 427 216 2046 1 0 0
82 890 384 1 2474 0 0
916 488 329 4859 1 0 0
836 417 265 3491 1 0 0
726 232 199 1987 1 0 0
523 390 70 272 1 0 0
740 459 269 2244 1 0 0
646 593 156 1631 1 0 0
645 535 195 1839 1 0 0
938 347 339 4783 1 0 0
573 216 104 809 1 0 0
907 645 382 4192 1 0 0
707 775 248 2178 1 0 0
739 70 262 2806 1 0 0
752 18 209 3083 1 0 0
631 4 186 1148 1 0 0
512 612 43 179 1 0 0
733 729 239 2436 1 0 0
591 241 150 1182 1 0 0
569 544 121 858 1 0 0
523 871 56 299 1 0 0
745 359 265 2538 1 0 0
504 940 44 129 1 0 0
982 938 372 5101 1 0 0
947 652 310 4649 1 0 0
40 977 384 1 1946 0 0
550 705 86 509 1 0 0
898 199 290 4658 1 0 0
721 807 250 2395 1 0 0
590 428 158 1156 1 0 0
570 547 93 643 1 0 0
690 760 203 2049 1 0 0
758 540 217 2847 1 0 0
847 809 321 3466 1 0 0
631 554 144 1525 1 0 0
978 926 314 5421 1 0 0
680 847 197 2155 1 0 0
572 499 102 702 1 0 0
912 444 292 4855 1 0 0
701 752 225 2425 1 0 0
881 290 360 4063 1 0 0
981 29 347 4446 1 0 0
812 74 297 3097 1 0 0
801 726 284 3683 1 0 0
756 498 255 2827 1 0 0
875 371 256 4383 1 0 0
986 648 416 5314 1 0 0
595 707 158 1060 1 0 0
345 637 205 1 737 0 0
593 379 113 1198 1 0 0
852 12 283 4270 1 0 0
819 934 328 3226 1 0 0
547 202 97 683 1 0 0
293 417 213 1 1027 0 0
577 830 129 805 1 0 0
929 845 280 4347 1 0 0
875 618 371 3861 1 0 0
911 242 391 5027 1 0 0
169 486 318 1 2015 0 0
719 795 256 2121 1 0 0
544 140 102 549 1 0 0
865 572 291 3911 1 0 0
518 341 53 295 1 0 0
980 417 432 4956 1 0 0
890 267 316 4112 1 0 0
506 7 39 172 1 0 0
532 29 78 433 1 0 0
872 896 314 3707 1 0 0
834 507 306 3645 1 0 0
760 180 206 2234 1 0 0
772 394 299 2534 1 0 0
923 975 336 4160 1 0 0
819 935 236 3283 1 0 0
507 527 48 138 1 0 0
626 73 179 1280 1 0 0
750 819 248 2854 1 0 0
876 671 324 4198 1 0 0
450 31 77 1 252 0 0
923 779 304 3793 1 0 0
751 79 282 3118 1 0 0
513 451 46 271 1 0 0
430 368 114 1 322 0 0
854 85 342 2946 1 0 0
538 889 94 539 1 0 0
932 379 344 4663 1 0 0
967 565 310 5460 1 0 0
682 847 225 1974 1 0 0
579 444 143 806 1 0 0
770 725 215 2995 1 0 0
721 479 239 2131 1 0 0
727 88 254 2767 1 0 0
961 863 422 4268 1 0 0
971 685 400 5590 1 0 0
691 662 210 1626 1 0 0
980 18 363 5064 1 0 0
602 565 147 1005 1 0 0
525 85 76 283 1 0 0
865 845 356 3485 1 0 0
735 864 196 2125 1 0 0
549 404 97 504 1 0 0
970 231 314 5067 1 0 0
646 547 208 1326 1 0 0
925 181 342 4423 1 0 0
741 787 278 2378 1 0 0
835 2 287 3630 1 0 0
538 616 67 530 1 0 0
804 864 292 3633 1 0 0
333 575 191 1 728 0 0
700 316 224 2131 1 0 0
762 143 264 3014 1 0 0
507 974 34 198 1 0 0
621 195 150 1544 1 0 0
990 788 320 4830 1 0 0
581 493 126 926 1 0 0
961 872 403 4241 1 0 0
588 224 143 854 1 0 0
906 302 339 4399 1 0 0
535 542 73 407 1 0 0
112 224 371 1 1620 0 0
671 931 233 1575 1 0 0
836 490 349 3400 1 0 0
591 276 160 868 1 0 0
703 482 184 1974 1 0 0
846 220 335 3420 1 0 0
504 674 36 129 1 0 0
481 314 62 1 161 0 0
987 2 328 5885 1 0 0
591 607 126 927 1 0 0
849 250 311 3755 1 0 0
522 704 69 300 1 0 0
637 889 183 1386 1 0 0
623 547 183 1165 1 0 0
976 637 410 4270 1 0 0
676 821 169 1646 1 0 0
759 201 291 2273 1 0 0
674 984 223 1834 1 0 0
642 466 198 1443 1 0 0
937 798 289 4684 1 0 0
19 932 436 1 2067 0 0
735 518 233 2882 1 0 0
602 830 124 1038 1 0 0
460 864 68 1 269 0 0
917 613 271 5052 1 0 0
869 891 259 4025 1 0 0
804 990 278 2774 1 0 0
519 57 72 280 1 0 0
952 612 343 4131 1 0 0
668 702 195 2075 1 0 0
829 36 288 3299 1 0 0
815 560 322 3539 1 0 0
391 967 152 1 544 0 0
814 567 238 3004 1 0 0
691 474 218 1768 1 0 0
707 536 220 2234 1 0 0
423 789 122 1 392 0 0
613 711 160 1379 1 0 0
813 415 290 2586 1 0 0
786 255 216 2965 1 0 0
849 143 250 3234 1 0 0
596 816 159 1213 1 0 0
398 206 119 1 662 0 0
552 147 80 502 1 0 0
777 73 308 2432 1 0 0
508 223 36 193 1 0 0
874 475 368 3370 1 0 0
662 346 203 1662 1 0 0
594 714 135 994 1 0 0
518 817 61 323 1 0 0
652 97 154 1834 1 0 0
606 588 164 1254 1 0 0
611 608 172 1172 1 0 0
848 673 360 3916 1 0 0
519 690 68 294 1 0 0
794 664 226 3098 1 0 0
611 531 144 1076 1 0 0
563 217 99 669 1 0 0
702 373 228 1893 1 0 0
583 798 144 874 1 0 0
532 978 76 349 1 0 0
590 371 158 961 1 0 0
450 880 84 1 274 0 0
651 999 177 1759 1 0 0
585 759 109 828 1 0 0
634 663 173 1308 1 0 0
229 318 268 1 1588 0 0
23 708 299 1 2221 0 0
596 784 133 1190 1 0 0
537 857 76 549 1 0 0
789 318 289 3567 1 0 0
672 12 219 1722 1 0 0
699 988 173 1735 1 0 0
660 712 194 1442 1 0 0
675 123 159 2208 1 0 0
608 78 144 1261 1 0 0
548 93 96 655 1 0 0
915 257 309 3624 1 0 0
515 702 47 222 1 0 0
901 349 272 4813 1 0 0
971 63 415 5657 1 0 0
605 220 136 1311 1 0 0
960 362 397 5226 1 0 0
662 353 180 1904 1 0 0
327 667 191 1 1050 0 0
788 580 243 2878 1 0 0
865 47 279 3969 1 0 0
589 982 150 981 1 0 0
452 628 98 1 334 0 0
963 955 356 4028 1 0 0
520 995 54 348 1 0 0
564 939 94 835 1 0 0
906 329 276 4070 1 0 0
532 201 88 396 1 0 0
160 135 350 1 2032 0 0
895 369 348 3757 1 0 0
795 791 272 3020 1 0 0
859 950 267 4415 1 0 0
918 810 353 4163 1 0 0
572 464 108 976 1 0 0
501 203 33 99 1 0 0
951 487 328 5254 1 0 0
767 252 275 3253 1 0 0
526 308 67 358 1 0 0
342 257 148 1 928 0 0
837 900 280 3667 1 0 0
886 25 381 3729 1 0 0
603 145 130 968 1 0 0
703 439 244 1796 1 0 0
916 137 278 3976 1 0 0
835 229 276 3913 1 0 0
970 573 308 4346 1 0 0
7 965 439 1 2379 0 0
973 73 303 4696 1 0 0
865 99 338 4325 1 0 0
544 564 77 467 1 0 0
995 885 441 6025 1 0 0
171 105 271 1 1730 0 0
580 859 142 817 1 0 0
724 913 222 2497 1 0 0
787 574 241 2622 1 0 0
647 755 162 1417 1 0 0
567 423 97 824 1 0 0
873 976 257 4118 1 0 0
535 921 84 478 1 0 0
851 53 271 3004 1 0 0
606 733 160 1105 1 0 0
513 86 44 229 1 0 0
854 63 320 2929 1 0 0
541 979 91 449 1 0 0
825 580 295 3160 1 0 0
798 430 245 3211 1 0 0
696 15 217 2266 1 0 0
601 383 130 1128 1 0 0
561 546 89 712 1 0 0
662 322 181 1734 1 0 0
791 691 308 2904 1 0 0
720 514 249 2017 1 0 0
701 874 233 1761 1 0 0
674 391 208 2009 1 0 0
900 890 374 3856 1 0 0
872 274 367 4504 1 0 0
598 280 167 1133 1 0 0
590 516 138 837 1 0 0
159 591 249 1 1917 0 0
538 602 71 454 1 0 0
125 645 278 1 1956 0 0
571 785 132 803 1 0 0
171 862 238 1 2025 0 0
996 371 449 4413 1 0 0
704 826 202 1961 1 0 0
761 302 253 2284 1 0 0
568 304 99 725 1 0 0
518 964 57 293 1 0 0
976 858 407 5122 1 0 0
775 758 307 2339 1 0 0
582 369 127 808 1 0 0
760 957 263 3011 1 0 0
525 16 55 341 1 0 0
621 957 151 1317 1 0 0
841 529 283 3285 1 0 0
679 566 202 1778 1 0 0
646 368 210 1527 1 0 0
935 636 292 4608 1 0 0
186 722 287 1 1778 0 0
648 399 158 1419 1 0 0
139 921 308 1 1690 0 0
753 327 294 2335 1 0 0
604 725 172 1297 1 0 0
759 468 292 2467 1 0 0
239 349 280 1 1596 0 0
862 689 324 3545 1 0 0
677 270 189 1619 1 0 0
637 880 189 1259 1 0 0
839 692 268 3989 1 0 0
707 251 214 2536 1 0 0
921 767 314 3670 1 0 0
468 684 62 1 221 0 0
594 845 163 1075 1 0 0
862 730 330 3157 1 0 0
347 593 168 1 692 0 0
640 625 186 1633 1 0 0
135 988 256 1 2168 0 0
569 411 135 640 1 0 0
937 515 312 3661 1 0 0
870 536 275 4104 1 0 0
