25
75
25
25
25
25
1024
253
2048
640
512
1000
1595 610 373 4810 1 0 0
1315 377 270 2953 1 0 0
1730 193 523 6424 1 0 0
1862 329 567 8330 1 0 0
1850 148 422 8346 1 0 0
1988 33 555 11648 1 0 0
1925 236 440 10089 1 0 0
1354 258 330 3294 1 0 0
1507 273 376 5630 1 0 0
1643 252 357 6311 1 0 0
279 106 491 1 3993 0 0
1042 421 70 299 1 0 0
1128 369 126 1343 1 0 0
1580 546 330 4936 1 0 0
1915 152 640 9340 1 0 0
1182 482 210 1832 1 0 0
1431 500 363 4678 1 0 0
1411 444 262 3522 1 0 0
1414 55 260 4614 1 0 0
1096 59 139 763 1 0 0
1442 580 361 4157 1 0 0
1942 250 511 10694 1 0 0
278 550 397 1 3762 0 0
1424 366 326 3835 1 0 0
1529 245 411 4365 1 0 0
1244 578 229 2492 1 0 0
1775 603 428 7676 1 0 0
1030 476 42 184 1 0 0
1225 395 199 2380 1 0 0
1162 483 146 1364 1 0 0
2015 449 489 11469 1 0 0
1996 40 640 9222 1 0 0
1272 341 240 2771 1 0 0
1318 249 276 2854 1 0 0
1127 153 163 990 1 0 0
1362 553 244 3929 1 0 0
1714 20 439 5936 1 0 0
1765 247 549 8179 1 0 0
1462 173 392 5170 1 0 0
444 84 350 1 2902 0 0
1907 297 607 8816 1 0 0
1899 217 568 8277 1 0 0
1585 246 345 6837 1 0 0
1484 505 427 4835 1 0 0
1101 495 104 822 1 0 0
1156 110 142 1412 1 0 0
1664 363 416 7380 1 0 0
977 244 77 1 337 0 0
902 111 137 1 756 0 0
1143 604 167 1056 1 0 0
1600 518 380 6183 1 0 0
1298 552 236 2285 1 0 0
1159 162 150 1219 1 0 0
1325 371 273 3576 1 0 0
1306 595 235 2609 1 0 0
1670 254 483 5757 1 0 0
941 572 115 1 540 0 0
1801 292 420 7984 1 0 0
1246 363 224 2758 1 0 0
1384 109 294 3465 1 0 0
1771 238 487 6719 1 0 0
1601 184 490 6422 1 0 0
1865 37 458 8926 1 0 0
1898 101 506 8025 1 0 0
1252 220 199 2256 1 0 0
1609 556 430 5032 1 0 0
1875 219 599 7670 1 0 0
1646 337 410 6245 1 0 0
233 529 604 1 3354 0 0
1336 525 317 3126 1 0 0
1938 181 475 8602 1 0 0
1080 608 117 628 1 0 0
1457 432 347 4596 1 0 0
1240 403 197 2037 1 0 0
2048 170 652 10610 1 0 0
1837 505 415 8710 1 0 0
1034 304 54 167 1 0 0
1230 387 212 2539 1 0 0
1776 550 458 7691 1 0 0
1516 414 304 5049 1 0 0
1941 234 567 10019 1 0 0
1614 163 410 6229 1 0 0
1519 422 333 4857 1 0 0
1803 88 420 8767 1 0 0
1290 456 219 2804 1 0 0
1625 293 375 5384 1 0 0
1605 116 340 6260 1 0 0
1122 470 158 967 1 0 0
264 125 447 1 3586 0 0
1530 1 328 4632 1 0 0
1087 167 89 732 1 0 0
1997 356 680 10419 1 0 0
1484 32 303 4668 1 0 0
1744 567 518 8460 1 0 0
1911 85 494 8518 1 0 0
1244 512 260 2039 1 0 0
1218 332 195 1923 1 0 0
2003 100 665 9551 1 0 0
2004 602 691 11723 1 0 0
1765 618 414 6742 1 0 0
1289 594 233 2480 1 0 0
1046 46 61 291 1 0 0
744 413 222 1 1415 0 0
1617 583 481 5976 1 0 0
56 100 539 1 4000 0 0
1621 175 484 5113 1 0 0
1936 0 657 9212 1 0 0
1477 505 336 4685 1 0 0
1770 38 390 8745 1 0 0
1935 139 490 10731 1 0 0
1243 473 237 2518 1 0 0
1367 568 298 3267 1 0 0
1632 81 424 6148 1 0 0
1129 400 150 1377 1 0 0
2025 486 682 12075 1 0 0
1646 6 507 6128 1 0 0
1440 438 281 3610 1 0 0
1792 639 469 6343 1 0 0
1856 496 423 8992 1 0 0
1736 346 466 5799 1 0 0
1393 290 363 3501 1 0 0
1488 633 330 4484 1 0 0
1499 86 371 5507 1 0 0
1814 1 564 7275 1 0 0
1452 316 294 4857 1 0 0
1940 357 489 9534 1 0 0
973 222 104 1 256 0 0
1817 379 566 9133 1 0 0
1908 15 633 7531 1 0 0
1218 481 216 1755 1 0 0
1518 448 417 5606 1 0 0
1794 581 580 6728 1 0 0
1319 511 237 3448 1 0 0
476 405 475 1 3028 0 0
1873 213 425 10274 1 0 0
1874 280 446 9577 1 0 0
1779 360 546 9119 1 0 0
1447 633 396 4026 1 0 0
1512 15 396 5340 1 0 0
1704 39 530 7080 1 0 0
1685 69 383 5380 1 0 0
1131 39 141 1161 1 0 0
1785 80 397 7356 1 0 0
1193 28 173 1625 1 0 0
1959 42 455 9279 1 0 0
1444 49 348 3914 1 0 0
1279 228 232 2424 1 0 0
1713 310 415 6498 1 0 0
1585 401 410 5026 1 0 0
713 56 276 1 1365 0 0
1222 65 249 2288 1 0 0
1056 364 76 422 1 0 0
1097 408 108 982 1 0 0
1221 228 186 2374 1 0 0
1455 57 303 4922 1 0 0
1065 219 98 533 1 0 0
1413 611 264 4589 1 0 0
890 440 184 1 742 0 0
1835 55 590 9325 1 0 0
1281 348 289 2326 1 0 0
1542 0 370 4233 1 0 0
1329 419 230 3337 1 0 0
51 616 626 1 5344 0 0
1498 477 338 5398 1 0 0
1705 123 517 5964 1 0 0
1954 521 448 8214 1 0 0
1786 114 474 8693 1 0 0
1344 105 300 3046 1 0 0
1647 532 408 7584 1 0 0
1783 222 525 7373 1 0 0
36 191 475 1 5423 0 0
1456 103 389 5091 1 0 0
2043 443 557 9982 1 0 0
1852 270 469 8978 1 0 0
874 388 175 1 926 0 0
2021 555 650 9502 1 0 0
1544 376 397 6048 1 0 0
1976 18 565 11391 1 0 0
1719 528 529 6278 1 0 0
1350 268 248 3919 1 0 0
1599 633 363 6706 1 0 0
1385 129 362 4232 1 0 0
395 595 399 1 2948 0 0
1343 429 324 2956 1 0 0
985 46 68 1 254 0 0
804 54 184 1 1092 0 0
1025 531 36 107 1 0 0
1518 545 440 5374 1 0 0
1766 614 403 8743 1 0 0
1059 332 71 396 1 0 0
116 44 509 1 4417 0 0
1424 409 343 3982 1 0 0
1521 428 328 5928 1 0 0
1366 378 315 3943 1 0 0
1676 244 461 5860 1 0 0
2045 450 687 11659 1 0 0
1154 189 149 1361 1 0 0
1258 613 273 2510 1 0 0
1200 187 229 1899 1 0 0
1884 447 526 9608 1 0 0
1515 51 416 5116 1 0 0
1525 318 319 4863 1 0 0
1278 15 251 2898 1 0 0
1825 548 554 9357 1 0 0
1175 25 168 1368 1 0 0
710 281 291 1 1733 0 0
1190 595 194 1498 1 0 0
1637 410 418 7179 1 0 0
1690 423 517 6023 1 0 0
1464 106 354 4280 1 0 0
2020 71 602 9926 1 0 0
1181 570 215 1539 1 0 0
1348 135 260 3070 1 0 0
1296 509 236 2771 1 0 0
1225 471 175 1765 1 0 0
1845 632 532 7790 1 0 0
1230 482 175 1948 1 0 0
1475 553 359 4640 1 0 0
1744 568 421 8047 1 0 0
1188 194 180 1975 1 0 0
1624 235 419 6195 1 0 0
1207 547 243 1685 1 0 0
1767 185 508 7861 1 0 0
1129 172 146 1299 1 0 0
1168 236 163 1794 1 0 0
1811 226 497 7650 1 0 0
1968 194 576 9732 1 0 0
1088 174 129 689 1 0 0
1100 496 136 870 1 0 0
1922 299 582 10766 1 0 0
61 435 638 1 5029 0 0
1396 496 254 3983 1 0 0
1204 122 224 1727 1 0 0
1149 244 166 1178 1 0 0
1722 163 427 6206 1 0 0
1137 595 140 1260 1 0 0
1567 377 379 6198 1 0 0
1799 135 434 7930 1 0 0
1810 536 430 7167 1 0 0
2014 299 573 11236 1 0 0
1317 410 279 3286 1 0 0
1337 177 302 2593 1 0 0
1987 445 567 8236 1 0 0
1362 84 333 3476 1 0 0
218 629 482 1 4739 0 0
1534 323 341 5120 1 0 0
1238 80 204 2287 1 0 0
1595 437 331 6244 1 0 0
1857 72 514 8923 1 0 0
1093 506 118 796 1 0 0
1404 498 318 3652 1 0 0
1670 161 531 7781 1 0 0
1481 67 332 4551 1 0 0
1127 480 167 996 1 0 0
1791 229 541 8897 1 0 0
1192 530 226 1986 1 0 0
1044 557 50 319 1 0 0
1933 476 476 7392 1 0 0
1656 77 444 7043 1 0 0
1875 175 630 8229 1 0 0
1383 333 264 3286 1 0 0
2011 234 488 8954 1 0 0
1381 485 262 3334 1 0 0
1824 57 568 7146 1 0 0
1245 9 268 2744 1 0 0
1262 234 274 2446 1 0 0
1069 102 107 603 1 0 0
769 211 247 1 1399 0 0
1643 388 371 5601 1 0 0
1985 87 563 9012 1 0 0
1042 370 52 227 1 0 0
1574 472 353 6381 1 0 0
1561 193 372 6430 1 0 0
1859 378 474 8722 1 0 0
1404 536 357 3436 1 0 0
1373 606 265 2947 1 0 0
1077 554 88 665 1 0 0
1678 534 482 7774 1 0 0
1796 365 499 7515 1 0 0
1693 562 460 6437 1 0 0
1720 352 390 6164 1 0 0
1759 625 474 6360 1 0 0
1548 458 328 4414 1 0 0
1077 31 89 589 1 0 0
435 454 360 1 3495 0 0
1671 621 392 5549 1 0 0
1682 82 399 5565 1 0 0
1483 63 363 4258 1 0 0
1276 119 225 2879 1 0 0
1852 497 477 9354 1 0 0
1409 161 286 4474 1 0 0
1096 170 139 947 1 0 0
1649 421 447 5160 1 0 0
360 223 463 1 3493 0 0
1987 482 472 9186 1 0 0
1507 471 360 5634 1 0 0
1771 75 445 6790 1 0 0
1519 626 391 5764 1 0 0
2014 410 670 10269 1 0 0
1288 451 300 3251 1 0 0
907 167 135 1 602 0 0
704 107 237 1 1791 0 0
793 129 278 1 1136 0 0
1604 27 381 5965 1 0 0
1946 619 480 10291 1 0 0
1289 359 204 3185 1 0 0
1374 371 253 3762 1 0 0
1198 42 168 1883 1 0 0
1150 350 159 1242 1 0 0
421 270 451 1 2662 0 0
1798 306 505 6566 1 0 0
1563 588 463 5596 1 0 0
1640 300 506 5276 1 0 0
1176 454 170 1350 1 0 0
584 535 320 1 2292 0 0
1852 244 523 6810 1 0 0
775 217 231 1 1140 0 0
1737 449 506 8315 1 0 0
1332 502 295 3092 1 0 0
2023 607 684 11362 1 0 0
1705 245 455 8118 1 0 0
1805 492 513 6669 1 0 0
1364 318 327 3560 1 0 0
1262 332 200 2016 1 0 0
1752 114 516 7891 1 0 0
1966 313 586 7776 1 0 0
1849 553 419 7461 1 0 0
1441 235 305 3897 1 0 0
1902 606 566 7149 1 0 0
1120 138 118 854 1 0 0
1377 565 340 3466 1 0 0
1844 551 595 8233 1 0 0
2027 109 537 8258 1 0 0
1267 632 251 2227 1 0 0
1457 0 374 3551 1 0 0
2021 467 654 10403 1 0 0
1900 264 445 9624 1 0 0
1349 538 302 3537 1 0 0
1201 386 178 1565 1 0 0
1988 550 613 10035 1 0 0
1302 553 281 2333 1 0 0
1427 265 390 3501 1 0 0
1874 238 533 8130 1 0 0
1543 271 325 5484 1 0 0
1309 273 217 3142 1 0 0
2033 237 500 11504 1 0 0
1696 289 503 7617 1 0 0
1745 569 389 8062 1 0 0
1418 130 307 3688 1 0 0
1369 360 309 3817 1 0 0
1632 49 501 6702 1 0 0
1375 56 281 3584 1 0 0
1294 280 297 2747 1 0 0
1096 151 129 765 1 0 0
1266 124 245 2606 1 0 0
1680 632 359 6030 1 0 0
1365 187 243 3632 1 0 0
338 126 447 1 3405 0 0
1052 401 85 452 1 0 0
1865 264 542 7529 1 0 0
1429 115 266 4013 1 0 0
1504 100 330 5109 1 0 0
1503 324 438 5312 1 0 0
1697 335 494 5649 1 0 0
1949 123 575 10951 1 0 0
1095 317 111 911 1 0 0
1777 596 485 6406 1 0 0
131 521 552 1 4490 0 0
1369 539 322 3941 1 0 0
1697 325 388 7283 1 0 0
1800 495 463 7477 1 0 0
1968 553 660 9392 1 0 0
1458 526 364 3606 1 0 0
1333 257 240 2979 1 0 0
1731 411 397 6722 1 0 0
1229 160 203 1741 1 0 0
1865 510 477 7000 1 0 0
1261 44 257 2176 1 0 0
1318 109 285 2438 1 0 0
1426 556 264 3994 1 0 0
1126 387 128 1212 1 0 0
1280 0 240 2722 1 0 0
1406 252 334 4189 1 0 0
1786 201 428 8357 1 0 0
1670 519 403 7286 1 0 0
1958 237 529 9161 1 0 0
1354 579 348 3524 1 0 0
2046 109 512 12002 1 0 0
1913 552 441 8462 1 0 0
900 389 144 1 618 0 0
1583 114 369 5337 1 0 0
1972 429 479 7793 1 0 0
1993 476 504 8321 1 0 0
1816 328 482 8025 1 0 0
2006 605 565 10302 1 0 0
304 324 410 1 4146 0 0
1811 396 514 9194 1 0 0
1824 87 436 8139 1 0 0
1650 565 415 5453 1 0 0
1532 470 423 4453 1 0 0
1397 540 308 3932 1 0 0
1083 438 105 711 1 0 0
1846 167 414 7080 1 0 0
1296 366 299 2562 1 0 0
1590 48 485 5227 1 0 0
1247 490 256 1916 1 0 0
1042 236 68 300 1 0 0
1569 19 439 4834 1 0 0
1968 510 539 10115 1 0 0
1237 569 251 2513 1 0 0
1575 490 339 6378 1 0 0
1993 94 581 8700 1 0 0
1226 76 258 1823 1 0 0
1244 567 186 2056 1 0 0
1722 288 491 5947 1 0 0
1996 187 625 8057 1 0 0
1672 591 530 7597 1 0 0
1289 82 269 2474 1 0 0
1329 74 297 2591 1 0 0
1240 282 209 1989 1 0 0
1371 14 250 3025 1 0 0
1668 182 422 6170 1 0 0
1411 609 270 4478 1 0 0
1671 259 454 6584 1 0 0
1258 579 251 2751 1 0 0
1762 473 444 7953 1 0 0
1914 28 445 9738 1 0 0
62 637 637 1 4806 0 0
1930 94 616 8800 1 0 0
786 126 204 1 1331 0 0
1772 506 394 7996 1 0 0
1821 38 509 8986 1 0 0
1938 410 591 10246 1 0 0
1668 208 472 7455 1 0 0
1286 605 262 3011 1 0 0
1882 522 495 10298 1 0 0
1235 170 199 1886 1 0 0
1426 170 339 4840 1 0 0
1334 513 291 3044 1 0 0
1331 518 325 2769 1 0 0
1675 496 509 7633 1 0 0
432 365 384 1 2701 0 0
1422 241 343 4373 1 0 0
323 296 546 1 3401 0 0
1216 583 218 1682 1 0 0
2002 282 627 11606 1 0 0
162 462 516 1 5115 0 0
1273 296 213 2965 1 0 0
884 280 177 1 819 0 0
2007 433 488 11828 1 0 0
1729 629 516 6849 1 0 0
325 136 538 1 3619 0 0
1719 608 548 7509 1 0 0
1844 190 493 8713 1 0 0
1091 139 134 871 1 0 0
1528 443 442 5333 1 0 0
1208 507 230 2213 1 0 0
2048 193 667 10529 1 0 0
1095 75 119 885 1 0 0
88 328 558 1 4121 0 0
1138 625 134 1159 1 0 0
1402 627 276 4186 1 0 0
1611 165 363 6952 1 0 0
1222 77 244 2436 1 0 0
1450 536 353 4171 1 0 0
1043 608 67 292 1 0 0
301 576 430 1 3541 0 0
1618 114 407 6747 1 0 0
870 409 185 1 902 0 0
1888 400 535 9683 1 0 0
1208 530 217 1589 1 0 0
1616 132 448 4930 1 0 0
2041 581 579 11206 1 0 0
856 350 216 1 722 0 0
1867 513 527 9839 1 0 0
1693 188 470 6224 1 0 0
1858 36 618 8834 1 0 0
1950 54 555 8637 1 0 0
1383 128 254 3264 1 0 0
1333 561 327 3783 1 0 0
1654 266 506 6606 1 0 0
1202 354 197 1947 1 0 0
1575 622 427 5426 1 0 0
1407 243 312 3317 1 0 0
1859 621 536 7186 1 0 0
1008 180 64 1 108 0 0
1581 535 379 4714 1 0 0
1177 269 209 1550 1 0 0
1325 539 275 2702 1 0 0
853 328 169 1 935 0 0
546 458 385 1 2259 0 0
1826 265 490 6816 1 0 0
1147 98 133 1595 1 0 0
2028 30 574 12163 1 0 0
545 221 319 1 2555 0 0
1914 605 631 10752 1 0 0
1873 286 475 7116 1 0 0
1572 112 347 5913 1 0 0
959 238 107 1 414 0 0
1514 273 422 5754 1 0 0
1900 570 492 9255 1 0 0
1965 185 463 10676 1 0 0
1542 437 447 5072 1 0 0
1582 15 420 4728 1 0 0
378 399 361 1 3347 0 0
119 512 553 1 3864 0 0
1557 299 454 5851 1 0 0
488 588 365 1 3148 0 0
1385 189 340 3050 1 0 0
1422 468 333 4361 1 0 0
1118 55 122 1041 1 0 0
2015 389 674 10195 1 0 0
1585 24 415 5134 1 0 0
1894 134 593 8025 1 0 0
1947 419 517 10234 1 0 0
1709 101 545 7183 1 0 0
502 329 399 1 2644 0 0
1747 46 455 7170 1 0 0
87 318 582 1 4040 0 0
1680 476 403 5526 1 0 0
1337 330 247 3508 1 0 0
1785 27 493 6453 1 0 0
1306 597 296 3415 1 0 0
1461 284 332 4356 1 0 0
1441 85 337 5056 1 0 0
980 618 100 1 260 0 0
1343 608 241 3129 1 0 0
1364 487 291 3252 1 0 0
1045 181 58 326 1 0 0
1190 535 183 1587 1 0 0
1417 401 344 3951 1 0 0
1833 338 572 7384 1 0 0
1304 169 309 3436 1 0 0
1748 239 404 7424 1 0 0
1839 522 446 8378 1 0 0
1880 190 484 7266 1 0 0
1046 98 58 280 1 0 0
1303 395 267 3226 1 0 0
1741 326 464 8114 1 0 0
1626 483 490 7005 1 0 0
1984 52 577 11138 1 0 0
1582 556 429 5885 1 0 0
1739 402 414 7441 1 0 0
1830 277 593 8687 1 0 0
1193 254 173 2133 1 0 0
741 128 260 1 1291 0 0
1499 613 366 3919 1 0 0
1714 46 393 5737 1 0 0
1285 334 268 2630 1 0 0
1320 417 259 3150 1 0 0
1623 195 343 5164 1 0 0
1119 514 156 1157 1 0 0
1345 68 249 2818 1 0 0
1180 283 178 1818 1 0 0
1397 489 273 4457 1 0 0
1952 524 465 9675 1 0 0
1557 106 399 4525 1 0 0
368 494 493 1 3889 0 0
1820 160 411 7947 1 0 0
1744 306 544 5896 1 0 0
1651 456 485 5283 1 0 0
2019 60 653 8836 1 0 0
640 602 362 1 2211 0 0
1079 133 91 603 1 0 0
1073 227 109 513 1 0 0
1473 484 340 5453 1 0 0
1435 459 310 4469 1 0 0
1077 147 85 711 1 0 0
1691 102 384 7969 1 0 0
1635 95 473 6564 1 0 0
1119 338 157 1198 1 0 0
1176 307 181 1905 1 0 0
1733 134 555 7934 1 0 0
1159 429 153 1688 1 0 0
1146 484 172 1175 1 0 0
1795 576 565 6629 1 0 0
1925 478 552 10631 1 0 0
1715 54 428 5963 1 0 0
1437 524 324 3586 1 0 0
1361 149 245 3962 1 0 0
1939 502 560 7927 1 0 0
1513 468 426 4772 1 0 0
1661 507 379 7758 1 0 0
1109 92 112 1130 1 0 0
1684 271 476 6213 1 0 0
1485 432 401 4666 1 0 0
1802 486 459 9154 1 0 0
1450 447 395 3797 1 0 0
1929 608 651 8208 1 0 0
1907 45 512 9547 1 0 0
1242 369 244 2692 1 0 0
1413 207 287 4128 1 0 0
1842 378 461 8578 1 0 0
1186 583 168 1437 1 0 0
1065 319 89 605 1 0 0
1760 160 402 7355 1 0 0
1482 560 405 4723 1 0 0
1352 149 317 3683 1 0 0
1888 469 586 9625 1 0 0
1989 419 539 10718 1 0 0
1436 630 400 4582 1 0 0
1538 444 459 6251 1 0 0
603 377 366 1 2320 0 0
998 561 72 1 171 0 0
1549 292 330 5356 1 0 0
812 437 207 1 1063 0 0
1307 523 293 2824 1 0 0
1297 389 296 3337 1 0 0
1207 614 202 1889 1 0 0
1074 571 77 563 1 0 0
1511 348 410 5251 1 0 0
1146 58 173 1146 1 0 0
249 408 520 1 3343 0 0
1283 384 267 2374 1 0 0
1907 6 607 9644 1 0 0
1860 32 455 8472 1 0 0
1508 210 377 5354 1 0 0
1345 188 317 2923 1 0 0
1709 623 461 6632 1 0 0
1209 499 166 1964 1 0 0
1062 598 89 420 1 0 0
1164 433 148 1576 1 0 0
157 55 539 1 3575 0 0
1711 296 477 6758 1 0 0
1811 360 456 8107 1 0 0
1459 437 367 4376 1 0 0
1639 260 473 6346 1 0 0
1024 257 26 82 1 0 0
622 433 381 1 2158 0 0
1877 538 464 8954 1 0 0
1241 423 232 2303 1 0 0
1718 145 425 8154 1 0 0
1259 2 200 2588 1 0 0
1301 306 246 2475 1 0 0
1278 410 205 2679 1 0 0
2005 207 634 9553 1 0 0
1306 216 257 3005 1 0 0
1460 457 322 4759 1 0 0
1483 600 356 4421 1 0 0
1673 171 411 5579 1 0 0
1227 199 215 1757 1 0 0
1906 305 621 9951 1 0 0
48 317 683 1 5186 0 0
1556 160 436 6344 1 0 0
1068 298 88 573 1 0 0
1729 422 547 7825 1 0 0
1700 350 541 5912 1 0 0
1050 137 56 374 1 0 0
1122 515 121 941 1 0 0
1791 92 396 6352 1 0 0
1784 469 549 9000 1 0 0
1550 397 408 6091 1 0 0
1593 86 384 6946 1 0 0
1672 114 437 6652 1 0 0
1167 536 153 1788 1 0 0
1568 318 331 4738 1 0 0
1683 265 364 6425 1 0 0
252 102 506 1 3501 0 0
1856 609 619 8903 1 0 0
1924 526 472 9382 1 0 0
1807 243 593 8971 1 0 0
1306 5 250 3243 1 0 0
1410 119 364 3524 1 0 0
1249 442 187 2678 1 0 0
1623 60 451 5140 1 0 0
1921 233 643 7505 1 0 0
1532 485 348 4316 1 0 0
1502 626 417 5599 1 0 0
289 216 531 1 3210 0 0
2009 169 679 9442 1 0 0
1746 195 449 6147 1 0 0
1794 153 592 6400 1 0 0
1044 47 64 258 1 0 0
1392 154 256 4081 1 0 0
1738 138 534 6614 1 0 0
1367 503 258 3510 1 0 0
1930 310 530 8149 1 0 0
193 156 470 1 4777 0 0
1318 290 317 3502 1 0 0
1889 8 476 9123 1 0 0
1290 592 267 2692 1 0 0
1649 149 363 6478 1 0 0
1541 80 326 4742 1 0 0
1938 627 571 8877 1 0 0
1676 635 431 7917 1 0 0
1254 67 253 2409 1 0 0
1646 202 355 6737 1 0 0
1378 60 334 3350 1 0 0
1482 281 415 4972 1 0 0
926 216 122 1 516 0 0
1985 595 630 11226 1 0 0
1203 602 217 1768 1 0 0
1326 288 329 3162 1 0 0
1397 283 284 3269 1 0 0
1110 214 137 1124 1 0 0
1038 36 48 230 1 0 0
1389 260 300 4489 1 0 0
1954 58 456 8788 1 0 0
1752 464 418 6725 1 0 0
1712 237 405 6446 1 0 0
1248 144 259 2241 1 0 0
1502 221 415 4082 1 0 0
201 133 509 1 4120 0 0
1084 147 113 712 1 0 0
1277 140 261 2398 1 0 0
1881 361 507 7347 1 0 0
1091 489 113 837 1 0 0
1302 58 308 3011 1 0 0
1200 429 232 1825 1 0 0
1811 608 494 7595 1 0 0
1799 327 571 7171 1 0 0
1406 334 350 3802 1 0 0
1564 268 377 5858 1 0 0
1453 205 378 4672 1 0 0
1473 213 344 4711 1 0 0
1508 45 427 5890 1 0 0
1395 373 374 3294 1 0 0
1510 202 330 5768 1 0 0
857 79 220 1 1003 0 0
1457 597 378 4907 1 0 0
2030 186 524 8893 1 0 0
1038 345 49 238 1 0 0
1265 156 281 2596 1 0 0
2009 212 586 8331 1 0 0
1281 253 251 2682 1 0 0
1072 550 103 551 1 0 0
1601 379 439 5087 1 0 0
1635 70 447 6317 1 0 0
1028 364 39 121 1 0 0
1223 110 213 2220 1 0 0
1591 210 331 5779 1 0 0
1265 596 213 2449 1 0 0
1120 118 161 1095 1 0 0
1480 460 358 4796 1 0 0
1920 154 603 7279 1 0 0
2025 534 483 11822 1 0 0
1690 595 459 5502 1 0 0
240 576 586 1 4360 0 0
898 171 151 1 793 0 0
1032 377 45 187 1 0 0
1607 545 360 5143 1 0 0
62 128 644 1 5797 0 0
256 207 435 1 4457 0 0
1817 115 561 8842 1 0 0
1177 222 161 1479 1 0 0
1920 230 438 7732 1 0 0
1063 423 85 469 1 0 0
1365 497 255 4076 1 0 0
1581 232 422 5085 1 0 0
1214 560 181 2198 1 0 0
1573 216 384 5914 1 0 0
954 581 113 1 419 0 0
1511 223 333 5874 1 0 0
1545 346 422 6289 1 0 0
1065 96 82 520 1 0 0
1398 594 309 4345 1 0 0
1338 599 295 3268 1 0 0
1542 562 445 4922 1 0 0
1244 419 190 2151 1 0 0
1084 505 103 793 1 0 0
1952 63 647 8661 1 0 0
1954 28 544 7612 1 0 0
1459 41 296 4453 1 0 0
1787 119 455 7326 1 0 0
1178 636 205 1323 1 0 0
1718 491 386 7233 1 0 0
1488 143 314 4049 1 0 0
1954 438 552 8828 1 0 0
1088 602 110 752 1 0 0
1202 598 160 2017 1 0 0
1350 147 256 3969 1 0 0
1115 119 157 1140 1 0 0
1810 126 599 7528 1 0 0
1414 492 272 4476 1 0 0
1876 9 509 7156 1 0 0
1752 5 463 6914 1 0 0
1078 126 112 591 1 0 0
1347 430 289 3709 1 0 0
1308 261 317 3477 1 0 0
1477 354 364 4376 1 0 0
2044 455 561 10034 1 0 0
2013 562 636 9957 1 0 0
720 520 324 1 1659 0 0
1052 223 83 450 1 0 0
1134 573 169 1018 1 0 0
1443 35 303 4228 1 0 0
1142 419 157 1345 1 0 0
1347 587 282 3936 1 0 0
1657 6 390 5531 1 0 0
1991 117 542 9139 1 0 0
1075 340 80 571 1 0 0
1763 330 467 7451 1 0 0
1277 391 288 3066 1 0 0
1055 164 85 459 1 0 0
2005 260 605 8027 1 0 0
1627 424 419 6783 1 0 0
1781 392 561 7083 1 0 0
1895 582 562 7967 1 0 0
1871 491 510 10175 1 0 0
580 425 357 1 2309 0 0
1435 513 387 4890 1 0 0
1401 560 375 3273 1 0 0
2013 277 536 8018 1 0 0
1540 305 462 5235 1 0 0
1458 511 293 4118 1 0 0
1372 447 249 3399 1 0 0
698 63 292 1 1637 0 0
1168 159 185 1516 1 0 0
1862 411 585 7943 1 0 0
1506 317 312 4542 1 0 0
1823 322 512 7584 1 0 0
665 354 309 1 1981 0 0
1218 546 214 2054 1 0 0
1589 147 344 4824 1 0 0
1193 184 179 1894 1 0 0
1714 264 378 6800 1 0 0
1936 166 445 8586 1 0 0
1659 421 470 5497 1 0 0
1722 145 522 7408 1 0 0
1882 562 429 9154 1 0 0
1367 328 306 3485 1 0 0
1760 299 568 6441 1 0 0
1243 394 192 2684 1 0 0
1481 348 288 4020 1 0 0
1804 605 415 9365 1 0 0
1236 451 245 2159 1 0 0
146 160 494 1 3746 0 0
1058 252 88 359 1 0 0
2032 111 643 8459 1 0 0
1779 185 464 7874 1 0 0
2004 610 625 10193 1 0 0
1274 38 204 2979 1 0 0
1387 115 366 3843 1 0 0
48 203 643 1 4552 0 0
1663 314 369 7558 1 0 0
1264 171 251 2748 1 0 0
1238 53 201 2096 1 0 0
1277 249 235 3037 1 0 0
1594 621 338 6751 1 0 0
1604 163 462 6749 1 0 0
1441 354 397 4639 1 0 0
1990 379 519 8002 1 0 0
1302 95 218 2892 1 0 0
1474 466 350 4636 1 0 0
1594 369 368 6543 1 0 0
1597 379 362 5147 1 0 0
1549 451 377 5166 1 0 0
995 315 80 1 231 0 0
1922 137 459 10222 1 0 0
1714 168 531 7448 1 0 0
1501 563 370 4390 1 0 0
1508 402 442 4665 1 0 0
1821 554 601 8805 1 0 0
1374 567 251 3647 1 0 0
1118 535 137 1247 1 0 0
1595 572 437 6484 1 0 0
1817 282 504 7397 1 0 0
1206 75 214 1599 1 0 0
1693 492 486 6563 1 0 0
94 569 571 1 4995 0 0
1830 448 518 8518 1 0 0
1300 43 281 3399 1 0 0
1713 317 374 6532 1 0 0
1307 521 298 2638 1 0 0
1870 59 614 8786 1 0 0
1353 351 235 2900 1 0 0
692 79 310 1 1824 0 0
1515 15 336 5966 1 0 0
1537 586 374 4434 1 0 0
1935 203 561 8492 1 0 0
1771 46 526 8656 1 0 0
205 307 547 1 4777 0 0
1771 434 579 8661 1 0 0
1211 213 246 1776 1 0 0
1686 75 539 7228 1 0 0
747 531 237 1 1194 0 0
1652 580 509 5662 1 0 0
1712 532 549 5765 1 0 0
1698 138 526 7747 1 0 0
1764 258 540 6608 1 0 0
1385 346 270 3207 1 0 0
431 631 393 1 3355 0 0
1628 15 410 6018 1 0 0
1297 374 280 3352 1 0 0
1323 590 294 2668 1 0 0
1609 545 417 6705 1 0 0
1255 40 231 2576 1 0 0
1301 42 295 3245 1 0 0
1448 461 408 4668 1 0 0
1740 418 441 7834 1 0 0
912 594 180 1 491 0 0
2043 636 624 10229 1 0 0
1628 275 433 5096 1 0 0
2002 399 474 10295 1 0 0
1634 394 403 6149 1 0 0
1030 472 47 131 1 0 0
1451 159 316 4381 1 0 0
1898 35 518 10417 1 0 0
1558 158 427 5006 1 0 0
2040 484 484 9333 1 0 0
1778 224 528 7829 1 0 0
1425 6 284 3393 1 0 0
1965 293 594 9366 1 0 0
1129 107 142 1105 1 0 0
1040 83 52 290 1 0 0
1139 381 158 1194 1 0 0
1761 441 418 6596 1 0 0
1141 195 149 1342 1 0 0
1442 35 282 4300 1 0 0
1666 433 438 5529 1 0 0
1925 486 541 9166 1 0 0
1865 215 503 9919 1 0 0
446 338 464 1 2581 0 0
247 636 516 1 3347 0 0
1747 113 476 7493 1 0 0
1687 116 382 6703 1 0 0
1403 370 301 4500 1 0 0
1513 47 403 5373 1 0 0
1078 352 87 628 1 0 0
1138 508 165 1411 1 0 0
1157 214 166 1590 1 0 0
1875 295 608 9248 1 0 0
1425 212 340 4021 1 0 0
1627 579 371 6412 1 0 0
1176 421 195 1606 1 0 0
1107 433 107 1015 1 0 0
1522 111 360 4970 1 0 0
2037 298 612 10148 1 0 0
1091 354 135 829 1 0 0
1310 182 297 2427 1 0 0
1630 139 376 5766 1 0 0
1093 306 92 729 1 0 0
1130 420 158 1029 1 0 0
1941 271 620 10762 1 0 0
485 256 437 1 3122 0 0
1377 280 326 3076 1 0 0
1772 568 466 8424 1 0 0
1448 90 281 3506 1 0 0
1366 375 249 2873 1 0 0
1643 462 513 5467 1 0 0
1759 144 515 7291 1 0 0
1038 77 56 242 1 0 0
1247 158 234 2486 1 0 0
1504 149 352 5439 1 0 0
1362 37 278 3634 1 0 0
1239 331 255 2501 1 0 0
1300 640 261 3036 1 0 0
496 611 405 1 3180 0 0
1517 400 358 5447 1 0 0
1620 182 487 5151 1 0 0
2027 541 669 11822 1 0 0
1614 227 454 5364 1 0 0
1369 330 348 3074 1 0 0
1542 313 448 5869 1 0 0
1918 536 646 7356 1 0 0
1108 361 149 1009 1 0 0
1896 386 620 7324 1 0 0
1050 229 76 368 1 0 0
1256 144 207 2646 1 0 0
916 335 127 1 547 0 0
1107 12 152 939 1 0 0
1081 225 123 774 1 0 0
2031 134 540 9682 1 0 0
1501 411 312 4444 1 0 0
1308 466 306 2617 1 0 0
1187 172 188 1416 1 0 0
1947 639 662 8104 1 0 0
1489 294 306 4148 1 0 0
1352 239 261 2817 1 0 0
356 99 379 1 3708 0 0
1895 590 436 7311 1 0 0
1170 389 187 1637 1 0 0
1643 376 490 5734 1 0 0
1999 369 691 10440 1 0 0
1045 64 67 262 1 0 0
1960 517 454 8377 1 0 0
2012 281 570 8071 1 0 0
1078 346 106 541 1 0 0
1811 77 548 7964 1 0 0
2024 380 551 9034 1 0 0
81 604 626 1 5629 0 0
1753 458 548 7392 1 0 0
1102 139 140 868 1 0 0
1951 110 467 8160 1 0 0
358 517 532 1 2945 0 0
1495 363 358 4450 1 0 0
1049 99 81 386 1 0 0
1161 71 196 1326 1 0 0
1706 529 379 6624 1 0 0
1292 267 289 3178 1 0 0
1238 640 244 2619 1 0 0
1746 243 439 7079 1 0 0
1456 590 314 5116 1 0 0
1056 32 62 467 1 0 0
1227 248 203 2502 1 0 0
1931 303 608 8482 1 0 0
1646 567 403 7577 1 0 0
1143 296 147 1452 1 0 0
1404 532 350 3550 1 0 0
1550 202 430 5136 1 0 0
