64
64
64
33
32
31
320
786
640
2048
512
1000
567 227 201 2928 1
376 164 105 561 1
568 958 251 2942 1
398 13 114 836 1
557 359 245 2813 1
427 1499 169 1396 1
365 1046 96 627 1
347 1644 66 377 1
328 1662 46 157 1
605 272 225 2628 1
353 163 92 504 1
391 983 94 937 1
571 1012 198 2671 1
396 1721 133 1021 1
596 723 251 2993 1
619 843 259 3463 1
579 1909 243 2862 1
506 618 223 2188 1
461 948 175 1354 1
341 566 62 359 1
446 826 138 1511 1
588 636 216 3295 1
458 1875 144 1771 1
408 1606 145 850 1
545 194 253 1894 1
506 503 222 1897 1
517 1996 184 2462 1
298 1835 75 1 154
356 309 97 477 1
640 168 329 3582 1
2 1323 315 1 1348
620 1407 281 3039 1
278 1703 94 1 241
584 433 234 2340 1
490 319 193 1949 1
565 1361 195 2541 1
591 440 266 2329 1
329 1411 49 197 1
362 830 96 503 1
353 375 73 446 1
492 1879 182 1775 1
544 866 264 2283 1
181 1458 154 1 667
565 941 273 3014 1
420 435 142 1028 1
487 291 224 1470 1
370 1487 78 614 1
548 613 191 2438 1
467 757 156 1637 1
321 1294 31 119 1
614 310 314 3348 1
625 1121 223 2997 1
436 935 134 1407 1
449 302 151 1581 1
536 687 181 2092 1
609 1510 255 2562 1
363 748 93 476 1
514 1563 209 2365 1
534 1385 264 2356 1
355 1425 65 439 1
568 927 206 2708 1
149 410 183 1 1017
541 993 200 2073 1
506 1625 214 1734 1
444 702 140 1139 1
26 57 312 1 1592
330 570 47 189 1
511 1975 177 1610 1
532 1968 224 1815 1
364 1077 95 617 1
376 1038 119 531 1
569 1262 252 2505 1
530 955 197 1925 1
328 590 51 157 1
563 1872 204 2782 1
260 186 100 1 384
406 855 149 921 1
377 485 101 699 1
481 546 223 2037 1
361 1674 97 549 1
530 278 185 1843 1
582 998 254 2805 1
79 1311 227 1 1043
608 1896 218 3337 1
625 636 330 3307 1
514 805 182 2346 1
67 314 292 1 1560
544 1097 270 2586 1
397 1400 126 815 1
587 1878 291 2466 1
484 1840 179 1907 1
444 1223 161 1421 1
101 892 187 1 1019
484 602 213 1481 1
616 1328 246 3334 1
394 1997 127 930 1
407 1627 144 842 1
404 1684 123 763 1
547 1650 277 2332 1
574 1274 265 2414 1
373 1261 106 618 1
500 220 174 1749 1
466 1529 193 1265 1
380 1623 85 647 1
530 1467 241 2550 1
568 543 262 3010 1
564 1654 275 2606 1
627 888 328 2734 1
539 929 262 1997 1
525 16 241 2073 1
409 4 143 983 1
544 1961 269 2555 1
447 1205 135 1168 1
635 1769 255 3256 1
628 203 246 3721 1
547 1699 233 2682 1
306 1208 52 1 126
493 514 232 1855 1
392 407 138 893 1
504 1144 193 1957 1
628 241 264 2754 1
628 205 316 2939 1
339 523 68 283 1
638 579 341 3760 1
345 1474 60 320 1
525 349 257 1896 1
628 953 315 2638 1
494 302 191 1847 1
439 525 164 1413 1
156 580 208 1 1025
397 34 123 877 1
85 329 262 1 1347
630 1647 322 2599 1
599 1006 254 2408 1
392 1017 134 922 1
563 1897 231 2912 1
585 1084 260 2834 1
404 1217 113 771 1
533 1004 260 2578 1
597 1941 217 2575 1
521 983 220 1983 1
598 179 306 3198 1
589 392 286 2615 1
241 350 126 1 446
521 567 187 1991 1
563 1844 255 2439 1
456 748 187 1371 1
615 547 236 3153 1
425 1210 141 1190 1
506 1162 164 2311 1
374 1443 81 671 1
38 1303 276 1 1219
489 1285 225 1632 1
604 527 302 2441 1
638 1168 282 3161 1
556 1238 278 2841 1
546 186 212 2302 1
408 78 110 787 1
190 156 177 1 666
377 823 96 706 1
370 208 81 621 1
463 227 169 1658 1
543 168 226 2225 1
427 1756 124 1137 1
550 427 266 2399 1
484 1506 186 1614 1
267 86 96 1 344
521 1567 214 2134 1
366 255 81 521 1
567 555 226 2439 1
597 116 263 3249 1
434 1901 165 1387 1
481 757 187 1535 1
527 1335 209 2379 1
359 103 69 577 1
475 643 153 1749 1
445 587 137 1274 1
422 243 152 961 1
631 799 308 3317 1
456 262 177 1575 1
521 1043 239 2434 1
307 1477 49 1 124
605 933 291 3147 1
347 69 65 360 1
359 1455 94 401 1
374 819 94 663 1
592 133 233 2537 1
579 1284 215 3189 1
313 750 39 1 80
485 881 214 1793 1
616 848 245 3507 1
499 213 222 2190 1
462 501 162 1647 1
628 1508 309 2698 1
634 1305 277 3636 1
554 221 252 2245 1
478 1157 191 1476 1
436 95 131 1503 1
451 1893 175 1477 1
468 944 213 1448 1
503 1212 195 1668 1
523 665 214 2190 1
607 1807 246 3398 1
392 137 122 864 1
519 2012 198 2267 1
558 976 238 2170 1
431 1205 168 1296 1
467 1200 161 1446 1
406 805 125 794 1
535 1066 187 2297 1
576 1135 271 2931 1
182 1218 150 1 876
640 774 236 2995 1
548 746 214 2600 1
407 152 136 1138 1
402 743 132 1068 1
587 41 299 3199 1
590 301 295 3070 1
615 679 267 3133 1
441 628 157 1105 1
504 1353 178 1796 1
248 1406 100 1 383
598 1657 213 2366 1
510 170 209 2120 1
382 1602 125 822 1
619 1183 294 2992 1
465 1853 163 1838 1
405 1892 111 1089 1
384 1845 114 653 1
208 2035 150 1 700
399 887 133 781 1
307 1547 56 1 126
448 652 147 1550 1
343 1219 74 326 1
155 1866 227 1 719
540 44 206 2290 1
175 290 170 1 682
405 787 110 1095 1
550 1944 258 2563 1
397 1350 118 871 1
540 1857 184 2458 1
377 407 100 652 1
376 1383 118 740 1
400 974 115 728 1
274 1090 101 1 316
350 250 63 399 1
408 503 123 1029 1
511 1758 194 1866 1
342 1881 63 283 1
407 1679 105 990 1
496 1386 185 2113 1
438 1279 173 1401 1
543 941 201 2604 1
460 258 203 1672 1
445 900 173 1130 1
551 1049 243 2708 1
241 540 101 1 479
631 65 310 2830 1
404 1718 133 864 1
458 1479 185 1573 1
392 1643 124 752 1
397 1578 137 855 1
438 2042 132 1507 1
430 607 133 1068 1
403 538 109 769 1
491 1129 209 1456 1
516 1958 192 2310 1
506 164 206 1864 1
343 1472 66 316 1
145 945 165 1 911
575 1643 228 2291 1
347 1216 74 303 1
554 986 247 2006 1
596 186 232 2703 1
516 963 247 1848 1
407 2023 141 1085 1
487 416 208 1503 1
634 1073 268 3581 1
372 1588 106 714 1
630 1866 296 3254 1
595 541 247 2404 1
353 1822 76 455 1
358 354 94 416 1
426 1473 122 1206 1
409 673 119 1035 1
600 685 266 3308 1
153 1354 173 1 765
336 1701 66 246 1
376 2005 84 535 1
548 1492 250 2253 1
569 1449 199 2240 1
384 234 97 650 1
360 99 74 414 1
527 1111 232 2401 1
470 716 203 1361 1
527 109 176 2167 1
389 187 131 746 1
504 312 222 1880 1
124 899 182 1 1096
364 188 78 436 1
515 1127 244 2186 1
600 71 218 3236 1
546 1992 193 2105 1
603 570 314 2431 1
398 434 130 951 1
474 512 184 1555 1
567 1552 280 2868 1
412 151 157 1218 1
355 258 68 426 1
503 648 184 2039 1
197 563 164 1 550
487 889 192 1584 1
400 1286 137 896 1
573 386 242 3017 1
378 1057 120 654 1
560 928 262 2842 1
520 606 233 2506 1
635 679 308 3303 1
584 678 290 3175 1
513 1978 183 2181 1
597 1543 302 3050 1
537 1182 180 1892 1
232 649 135 1 423
520 1493 174 2480 1
337 1422 58 222 1
407 912 138 836 1
518 1378 237 1998 1
585 2041 210 2928 1
17 1002 313 1 1622
64 1514 290 1 1121
280 491 84 1 297
595 710 269 2533 1
433 1902 159 1134 1
440 1046 126 1380 1
454 543 183 1441 1
511 674 178 1674 1
441 516 145 1107 1
463 761 152 1440 1
325 1713 43 139 1
605 538 290 3379 1
535 1858 179 2086 1
362 372 91 594 1
574 457 245 2755 1
524 476 233 1853 1
615 179 300 2718 1
379 729 97 741 1
366 550 76 545 1
629 2025 287 3210 1
442 1864 178 1340 1
625 642 330 2633 1
596 552 237 3153 1
493 1395 176 1703 1
349 113 72 394 1
597 701 216 2727 1
294 1360 71 1 189
363 1638 100 516 1
461 207 147 1510 1
628 284 225 3291 1
630 1437 324 3179 1
321 349 38 124 1
637 529 257 2920 1
563 1414 250 2362 1
173 951 143 1 858
529 45 204 2487 1
377 907 115 568 1
400 215 128 778 1
430 1120 158 1115 1
403 667 136 1016 1
407 1369 116 1066 1
487 1144 201 1743 1
37 1608 233 1 1537
332 1156 58 202 1
445 1421 153 1293 1
622 1807 278 2932 1
444 961 133 1237 1
608 524 277 3257 1
587 1953 205 3203 1
555 1490 195 2715 1
43 659 280 1 1630
40 15 310 1 1628
618 912 230 2987 1
353 1115 76 428 1
566 535 242 2491 1
417 977 136 999 1
338 500 52 331 1
504 1035 204 1683 1
621 65 235 3445 1
462 1686 170 1254 1
391 616 101 691 1
411 1148 125 885 1
434 583 137 1433 1
518 697 197 2432 1
600 1578 284 3042 1
624 922 257 3575 1
455 1756 137 1574 1
505 1346 227 2142 1
594 2005 234 2905 1
433 1297 156 1431 1
537 769 181 2704 1
332 801 41 188 1
477 138 153 1448 1
396 1004 118 774 1
625 1761 308 2607 1
381 395 123 708 1
555 908 211 2025 1
587 1003 213 3027 1
595 232 285 2536 1
255 243 98 1 309
361 651 102 519 1
429 1200 136 1204 1
558 1413 245 2907 1
341 561 66 369 1
389 345 134 648 1
240 391 116 1 524
581 621 202 2598 1
505 890 164 2329 1
453 696 170 1535 1
529 1277 215 2161 1
525 1554 192 2266 1
507 410 175 1934 1
279 25 74 1 266
489 743 215 1505 1
30 365 247 1 1656
589 804 276 3248 1
535 263 199 2005 1
630 1298 269 3181 1
329 1984 52 188 1
634 785 329 3438 1
460 1106 205 1592 1
479 1299 180 1506 1
619 54 227 3449 1
335 96 63 284 1
350 802 79 414 1
510 809 247 2258 1
475 1294 175 1867 1
587 1591 243 3196 1
556 1016 247 2692 1
640 1204 314 3612 1
57 1475 235 1 1097
610 934 231 3191 1
626 509 281 2758 1
631 69 242 2909 1
519 1400 249 1703 1
339 981 63 256 1
386 987 93 820 1
356 222 96 472 1
389 1520 98 779 1
609 1157 240 2496 1
347 1807 82 344 1
328 132 51 171 1
546 518 219 1936 1
396 866 119 884 1
584 1344 209 2217 1
377 583 114 576 1
516 760 249 1782 1
473 1483 216 1432 1
623 782 316 2997 1
372 354 96 575 1
554 1217 267 2551 1
639 1606 246 2720 1
350 106 78 394 1
452 1365 143 1265 1
346 1552 65 384 1
588 1156 297 2342 1
543 1027 210 2339 1
438 1113 151 1084 1
414 648 113 951 1
409 493 138 1157 1
527 1438 231 2537 1
440 1812 161 1480 1
446 1454 152 1191 1
496 1705 199 1563 1
332 1885 50 231 1
110 425 186 1 1157
611 544 231 3489 1
628 1825 295 2554 1
612 1750 222 3430 1
338 249 64 240 1
638 149 290 2651 1
50 1616 255 1 1474
281 2009 69 1 244
325 2004 34 153 1
501 514 213 1702 1
473 1604 162 1590 1
436 1044 141 1398 1
436 327 168 1013 1
511 904 220 1651 1
507 731 179 2021 1
514 890 225 1797 1
542 223 242 2424 1
511 1589 237 1862 1
431 697 172 1386 1
594 243 215 3024 1
535 1674 261 2549 1
528 1475 256 2233 1
395 935 97 853 1
403 812 144 976 1
499 1064 224 2125 1
326 1237 36 166 1
541 1816 194 2443 1
141 1794 218 1 994
636 1532 299 3806 1
499 249 171 2226 1
391 486 136 850 1
515 154 207 1681 1
294 752 58 1 197
429 1609 167 957 1
609 1662 257 3311 1
324 126 38 164 1
460 1412 169 1354 1
434 1791 128 1286 1
353 368 68 475 1
357 758 74 543 1
607 451 301 3251 1
557 383 248 2024 1
520 1230 218 1903 1
592 1051 213 2919 1
527 1991 200 1909 1
515 1395 213 2098 1
410 748 113 888 1
453 1849 134 1324 1
574 1097 239 2979 1
390 692 123 843 1
390 1614 92 650 1
380 1612 126 831 1
403 1671 108 1095 1
598 1550 240 3305 1
473 576 213 1506 1
382 701 102 818 1
61 1903 263 1 1205
365 2003 77 518 1
343 703 52 307 1
321 1913 28 112 1
525 275 231 2283 1
155 915 213 1 954
458 1112 163 1235 1
418 977 128 971 1
466 1575 168 1572 1
461 370 162 1638 1
394 989 122 865 1
483 1641 180 1711 1
490 1768 157 2056 1
564 1354 261 2180 1
458 1398 155 1768 1
538 868 251 2683 1
597 1583 227 2511 1
329 1399 37 200 1
102 583 183 1 1295
483 287 206 1573 1
586 923 206 3106 1
588 106 283 3320 1
507 57 172 1655 1
12 830 261 1 1905
587 2009 273 3171 1
355 1719 83 391 1
434 1542 177 1121 1
406 830 116 776 1
401 2006 119 902 1
422 746 126 1338 1
389 1211 108 640 1
528 1452 181 2275 1
333 698 42 196 1
331 1903 49 247 1
545 1569 266 2245 1
610 1143 222 2504 1
539 370 263 2504 1
436 232 161 1203 1
613 1614 277 2791 1
336 1821 52 288 1
596 1167 264 2788 1
449 1649 142 1335 1
520 445 223 2123 1
432 1975 140 1259 1
226 1814 134 1 521
475 2013 188 1612 1
341 1856 60 332 1
566 1443 264 2789 1
504 1466 230 2302 1
536 414 200 2047 1
549 931 247 2596 1
386 21 113 700 1
451 256 135 1589 1
535 174 229 2284 1
429 1695 148 981 1
430 273 171 1301 1
441 89 127 1296 1
303 1835 55 1 131
242 1864 135 1 359
606 865 235 3180 1
383 1158 110 750 1
505 237 203 2294 1
262 1383 87 1 274
561 142 266 2062 1
466 1024 191 1347 1
446 1293 177 1193 1
413 1516 140 1068 1
492 1605 219 2067 1
456 1497 198 1578 1
599 332 262 2466 1
366 432 91 626 1
348 1998 59 364 1
444 1343 145 1511 1
483 808 154 2041 1
360 878 77 457 1
597 1123 312 3057 1
605 1159 246 3170 1
581 669 259 2563 1
411 1271 126 1100 1
580 106 256 2404 1
362 506 105 450 1
437 677 139 1431 1
459 1748 150 1246 1
418 581 126 1201 1
395 929 96 694 1
436 1003 170 1165 1
464 695 179 1583 1
339 1928 68 235 1
388 612 107 821 1
327 1662 43 153 1
580 1567 233 3027 1
448 418 193 1345 1
481 539 189 1735 1
367 960 101 556 1
535 613 193 2516 1
402 895 144 910 1
412 1470 137 874 1
185 1720 137 1 862
589 1475 243 3185 1
368 259 103 557 1
450 781 167 1237 1
408 1757 130 796 1
452 1585 146 1284 1
465 422 186 1307 1
502 44 206 1563 1
566 147 218 2423 1
492 740 193 2116 1
228 1023 113 1 454
483 31 168 1461 1
593 1702 222 2646 1
461 611 190 1607 1
578 945 288 2891 1
483 716 185 1606 1
360 697 75 532 1
441 270 151 1358 1
623 1940 235 2904 1
430 1418 129 966 1
558 1289 249 2688 1
68 1019 265 1 1106
534 173 198 2558 1
511 1963 168 2075 1
569 1424 265 2550 1
361 1822 95 534 1
339 679 50 328 1
578 1794 211 2925 1
459 475 194 1405 1
355 990 69 513 1
508 617 194 1625 1
510 1613 198 2245 1
634 282 325 3518 1
496 981 233 1735 1
236 958 134 1 411
46 1219 254 1 1589
553 1348 209 2070 1
24 1504 287 1 1541
344 98 77 372 1
520 585 201 2238 1
503 1877 216 2042 1
621 20 295 3082 1
327 1388 39 173 1
370 218 104 563 1
481 133 203 1583 1
630 1050 331 2605 1
376 2020 100 699 1
471 1394 170 1920 1
615 428 230 2780 1
621 1186 225 2740 1
356 100 89 536 1
346 593 70 360 1
396 749 114 712 1
427 1723 137 977 1
630 1205 268 3058 1
628 757 305 2784 1
100 275 248 1 1308
535 1295 242 1811 1
233 1206 155 1 407
600 529 277 3061 1
282 372 80 1 196
40 650 253 1 1514
593 1223 300 2296 1
329 1668 43 213 1
501 1376 222 2082 1
275 988 88 1 268
361 584 100 455 1
522 947 193 1727 1
352 1568 84 372 1
543 976 252 2174 1
505 1641 228 2239 1
608 1759 292 2805 1
338 174 48 232 1
581 385 218 2529 1
454 1143 145 1368 1
485 691 181 2028 1
129 92 211 1 1068
346 83 75 407 1
579 798 237 2777 1
482 651 197 1906 1
70 1723 272 1 1487
547 9 190 2767 1
144 122 204 1 767
538 1709 187 1949 1
465 334 155 1689 1
524 1579 228 2041 1
378 18 90 727 1
596 1110 260 2309 1
479 1753 152 1524 1
478 1415 175 1390 1
450 156 168 1241 1
355 601 67 472 1
512 1682 248 2232 1
346 919 73 311 1
620 990 290 3450 1
183 194 201 1 761
515 813 221 2091 1
598 251 234 2934 1
422 459 121 906 1
562 1260 193 2906 1
527 1570 203 2398 1
480 1709 187 1894 1
334 1399 63 271 1
488 193 155 1573 1
127 1018 213 1 934
429 846 126 1210 1
434 67 143 1361 1
620 1317 248 3263 1
423 289 119 1220 1
627 31 317 2606 1
556 1263 254 2107 1
612 1853 238 2795 1
385 709 128 677 1
500 1253 188 2037 1
372 1234 92 701 1
343 1124 52 352 1
334 1302 45 227 1
533 141 212 2091 1
606 1403 225 3014 1
381 214 105 784 1
131 274 179 1 930
597 631 252 2437 1
546 619 214 2229 1
430 45 167 1266 1
534 1644 219 2229 1
530 1991 204 1844 1
341 836 67 294 1
527 1096 198 1870 1
575 1238 284 2698 1
548 131 188 2149 1
617 1259 222 3037 1
545 1637 215 2258 1
554 515 220 2581 1
537 652 218 1871 1
635 1668 256 2864 1
555 1592 238 2690 1
219 259 116 1 479
443 261 152 1311 1
457 593 191 1369 1
144 980 236 1 1084
624 1278 269 2907 1
430 1799 158 1090 1
538 1177 223 1969 1
378 705 97 812 1
198 429 176 1 778
466 1327 149 1761 1
604 1388 258 3308 1
448 498 186 1151 1
549 1434 232 2808 1
638 1242 246 3590 1
569 223 264 2141 1
80 1672 197 1 1086
621 1449 265 3385 1
451 160 173 1420 1
599 1457 307 3104 1
400 1243 148 1001 1
467 867 143 1257 1
454 168 142 1568 1
361 516 94 544 1
578 747 232 2991 1
526 1439 231 2205 1
553 582 244 2448 1
569 1689 247 2101 1
360 1564 100 570 1
501 31 205 1613 1
590 553 222 2360 1
487 1529 197 2034 1
511 247 185 1807 1
525 486 212 2240 1
340 149 67 336 1
628 141 291 3337 1
397 343 140 980 1
440 1072 164 1082 1
115 2043 193 1 934
640 15 297 3477 1
598 865 300 2771 1
575 1762 216 2676 1
440 352 159 1262 1
431 636 147 1030 1
479 1095 150 1597 1
511 36 189 1694 1
233 231 113 1 561
508 609 207 2302 1
535 238 226 2529 1
56 149 235 1 1553
172 36 171 1 746
433 1064 137 1089 1
515 1327 173 1767 1
394 618 142 723 1
439 1767 160 1058 1
425 374 144 1242 1
405 147 115 1014 1
474 1176 201 1706 1
443 1934 177 1216 1
368 1957 106 683 1
285 1357 73 1 264
437 1808 159 1048 1
329 1038 41 203 1
321 1527 26 94 1
356 984 78 395 1
509 1788 195 2037 1
378 1485 111 738 1
511 1661 184 1741 1
619 1213 269 3308 1
584 415 232 3052 1
139 182 197 1 946
54 837 223 1 1468
550 1094 201 2101 1
283 395 94 1 277
471 336 213 1636 1
611 1418 314 2634 1
509 792 171 1842 1
409 721 117 792 1
431 98 148 1373 1
448 1148 144 1380 1
477 355 205 1626 1
344 623 66 284 1
529 251 217 2284 1
354 1038 73 399 1
593 684 292 2822 1
418 494 144 948 1
470 1101 163 1439 1
505 253 229 2108 1
384 776 100 670 1
424 971 155 1042 1
377 860 102 789 1
476 986 173 1585 1
423 632 137 1127 1
561 1836 285 2688 1
614 1924 289 2817 1
522 984 253 2101 1
363 59 102 565 1
462 1636 153 1428 1
480 1782 180 1989 1
457 269 170 1192 1
577 409 288 3011 1
506 626 187 1754 1
519 1951 204 2494 1
501 1589 203 1627 1
403 1392 141 791 1
9 1873 324 1 1297
604 1340 301 3411 1
329 1188 41 169 1
541 182 227 1884 1
610 634 222 2641 1
465 1076 209 1359 1
403 826 118 1007 1
248 1765 114 1 382
338 1057 54 312 1
434 580 141 1440 1
420 1613 129 1216 1
380 31 127 697 1
456 108 194 1178 1
617 344 284 2551 1
454 133 197 1356 1
346 391 74 413 1
346 1898 79 397 1
580 51 262 3155 1
353 1567 82 504 1
187 1925 163 1 765
438 216 145 1477 1
491 461 162 1716 1
602 371 310 2651 1
532 1064 223 2103 1
604 1464 292 3068 1
630 1998 283 2563 1
441 472 138 1063 1
375 609 90 627 1
502 962 223 1988 1
465 1347 156 1243 1
274 1484 74 1 257
416 1600 147 1148 1
363 2028 85 568 1
235 1426 145 1 538
547 1635 191 2038 1
381 1507 124 694 1
613 650 300 3253 1
485 665 189 1626 1
613 2013 307 2978 1
629 282 292 3800 1
484 897 226 1560 1
372 867 112 560 1
541 1342 212 2173 1
443 903 176 1153 1
624 1206 239 2711 1
589 1353 297 2475 1
352 926 89 399 1
536 381 204 2261 1
102 1213 268 1 926
520 107 195 2256 1
540 1227 270 2072 1
115 1369 187 1 1280
586 1578 265 2902 1
410 1956 141 1160 1
456 2005 155 1718 1
546 492 192 2375 1
577 51 295 2376 1
323 194 31 115 1
401 1566 128 862 1
635 228 332 2687 1
485 735 167 1852 1
424 995 127 1255 1
394 735 134 736 1
633 270 287 3207 1
618 1466 286 3285 1
425 874 168 992 1
352 816 67 497 1
631 334 302 3490 1
430 446 172 1177 1
450 1676 163 1283 1
428 1624 123 1312 1
566 1399 289 2347 1
535 158 209 2129 1
321 541 30 102 1
364 461 74 474 1
548 1702 226 2342 1
459 1040 202 1279 1
498 1274 218 1956 1
563 1731 208 2919 1
615 8 250 2889 1
485 1031 161 1790 1
96 2040 194 1 961
332 18 48 177 1
522 1353 211 2382 1
639 780 317 2866 1
591 1915 228 2457 1
475 1062 203 1843 1
333 1274 55 257 1
506 136 223 2128 1
555 797 208 1981 1
495 629 184 1532 1
360 1041 78 500 1
618 1675 278 2988 1
481 1887 216 1954 1
488 1940 200 1884 1
434 1410 135 1028 1
531 1391 187 2334 1
481 504 216 1499 1
590 557 224 2288 1
605 711 215 2901 1
332 1321 46 218 1
609 1466 219 3216 1
362 1935 74 515 1
482 1868 217 1462 1
579 483 295 2811 1
635 439 241 2912 1
398 616 121 896 1
220 1008 151 1 565
337 1820 61 312 1
519 848 171 2228 1
573 1339 265 2767 1
466 870 181 1499 1
585 242 228 3246 1
603 142 215 3103 1
413 1794 127 994 1
375 1212 84 681 1
469 1444 206 1723 1
365 1051 101 620 1
568 549 281 2075 1
372 1452 115 614 1
451 1114 159 1324 1
358 1834 76 566 1
472 703 178 1408 1
387 965 97 766 1
580 672 222 3166 1
507 888 219 1871 1
595 1073 286 2774 1
537 957 204 2414 1
364 196 82 528 1
410 319 148 928 1
588 1085 207 3327 1
430 1384 128 1253 1
44 389 264 1 1489
590 877 289 2925 1
