10
30
10
30
70
33
1189
179
1940
320
1616
2189
15 5 100 1000 100 0 0
105 5 100 1000 100 0 0
175 5 100 1000 100 0 0
285 5 100 1000 100 0 0
315 5 100 1000 100 0 0
465 5 100 1000 100 0 0
475 5 100 1000 100 0 0
555 5 100 1000 100 0 0
675 5 100 1000 100 0 0
705 5 100 1000 100 0 0
715 5 100 1000 100 0 0
755 5 100 1000 100 0 0
765 5 100 1000 100 0 0
775 5 100 1000 100 0 0
915 5 100 1000 100 0 0
935 5 100 1000 100 0 0
945 5 100 1000 100 0 0
965 5 100 1000 100 0 0
985 5 100 1000 100 0 0
1025 5 100 1000 100 0 0
1075 5 100 1000 100 0 0
1155 5 100 1000 100 0 0
1185 5 100 1000 100 0 0
1225 5 100 1000 100 0 0
1235 5 100 1000 100 0 0
1305 5 100 1000 100 0 0
1365 5 100 1000 100 0 0
1475 5 100 1000 100 0 0
1485 5 100 1000 100 0 0
1495 5 100 1000 100 0 0
1525 5 100 1000 100 0 0
1565 5 100 1000 100 0 0
1595 5 100 1000 100 0 0
1715 5 100 1000 100 0 0
1735 5 100 1000 100 0 0
1745 5 100 1000 100 0 0
1755 5 100 1000 100 0 0
1905 5 100 1000 100 0 0
1935 5 100 1000 100 0 0
35 15 100 1000 100 0 0
65 15 100 1000 100 0 0
75 15 100 1000 100 0 0
85 15 100 1000 100 0 0
115 15 100 1000 100 0 0
255 15 100 1000 100 0 0
275 15 100 1000 100 0 0
295 15 100 1000 100 0 0
325 15 100 1000 100 0 0
395 15 100 1000 100 0 0
485 15 100 1000 100 0 0
565 15 100 1000 100 0 0
575 15 100 1000 100 0 0
625 15 100 1000 100 0 0
665 15 100 1000 100 0 0
745 15 100 1000 100 0 0
785 15 100 1000 100 0 0
795 15 100 1000 100 0 0
835 15 100 1000 100 0 0
925 15 100 1000 100 0 0
935 15 100 1000 100 0 0
945 15 100 1000 100 0 0
995 15 100 1000 100 0 0
1085 15 100 1000 100 0 0
1105 15 100 1000 100 0 0
1245 15 100 1000 100 0 0
1255 15 100 1000 100 0 0
1265 15 100 1000 100 0 0
1325 15 100 1000 100 0 0
1385 15 100 1000 100 0 0
1435 15 100 1000 100 0 0
1475 15 100 1000 100 0 0
1495 15 100 1000 100 0 0
1525 15 100 1000 100 0 0
1555 15 100 1000 100 0 0
1595 15 100 1000 100 0 0
1615 15 100 1000 100 0 0
1705 15 100 1000 100 0 0
1745 15 100 1000 100 0 0
1775 15 100 1000 100 0 0
1835 15 100 1000 100 0 0
1855 15 100 1000 100 0 0
1875 15 100 1000 100 0 0
1895 15 100 1000 100 0 0
1905 15 100 1000 100 0 0
1935 15 100 1000 100 0 0
5 25 100 1000 100 0 0
65 25 100 1000 100 0 0
95 25 100 1000 100 0 0
125 25 100 1000 100 0 0
135 25 100 1000 100 0 0
145 25 100 1 1 0 0
155 25 100 1 1 0 0
165 25 100 1 1 0 0
175 25 100 1 1 0 0
195 25 100 1000 100 0 0
205 25 100 1000 100 0 0
215 25 100 1000 100 0 0
245 25 100 1000 100 0 0
255 25 100 1000 100 0 0
285 25 100 1000 100 0 0
305 25 100 1000 100 0 0
315 25 100 1000 100 0 0
445 25 100 1000 100 0 0
455 25 100 1000 100 0 0
485 25 100 1 1 0 0
495 25 100 1 1 0 0
505 25 100 1000 100 0 0
545 25 100 1000 100 0 0
625 25 100 1000 100 0 0
705 25 100 1000 100 0 0
785 25 100 1000 100 0 0
825 25 100 1000 100 0 0
855 25 100 1000 100 0 0
895 25 100 1000 100 0 0
935 25 100 1000 100 0 0
945 25 100 1000 100 0 0
965 25 100 1000 100 0 0
975 25 100 1000 100 0 0
1065 25 100 1000 100 0 0
1095 25 100 1000 100 0 0
1115 25 100 1000 100 0 0
1125 25 100 1 1 0 0
1135 25 100 1 1 0 0
1145 25 100 1 1 0 0
1155 25 100 1000 100 0 0
1165 25 100 1000 100 0 0
1205 25 100 1000 100 0 0
1225 25 100 1000 100 0 0
1295 25 100 1000 100 0 0
1305 25 100 1000 100 0 0
1355 25 100 1000 100 0 0
1375 25 100 1000 100 0 0
1395 25 100 1000 100 0 0
1465 25 100 1000 100 0 0
1515 25 100 1000 100 0 0
1555 25 100 1000 100 0 0
1595 25 100 1000 100 0 0
1645 25 100 1000 100 0 0
1665 25 100 1000 100 0 0
1715 25 100 1000 100 0 0
1765 25 100 1000 100 0 0
1815 25 100 1000 100 0 0
1855 25 100 1000 100 0 0
1905 25 100 1000 100 0 0
15 35 100 1000 100 0 0
55 35 100 1000 100 0 0
115 35 100 1000 100 0 0
125 35 100 1000 100 0 0
135 35 100 1 1 0 0
145 35 100 1 1 0 0
165 35 100 1000 100 0 0
175 35 100 1 1 0 0
185 35 100 1 1 0 0
195 35 100 1 1 0 0
205 35 100 1000 100 0 0
295 35 100 1000 100 0 0
355 35 100 1000 100 0 0
425 35 100 1 1 0 0
455 35 100 1000 100 0 0
465 35 100 1 1 0 0
475 35 100 1 1 0 0
495 35 100 1 1 0 0
505 35 100 1 1 0 0
545 35 100 1 1 0 0
555 35 100 1 1 0 0
575 35 100 1000 100 0 0
655 35 100 1000 100 0 0
665 35 100 1000 100 0 0
685 35 100 1000 100 0 0
695 35 100 1000 100 0 0
725 35 100 1000 100 0 0
745 35 100 1000 100 0 0
755 35 100 1000 100 0 0
775 35 100 1000 100 0 0
815 35 100 1000 100 0 0
895 35 100 1000 100 0 0
905 35 100 1000 100 0 0
945 35 100 1000 100 0 0
985 35 100 1000 100 0 0
1085 35 100 1000 100 0 0
1115 35 100 1 1 0 0
1125 35 100 1000 100 0 0
1155 35 100 1 1 0 0
1245 35 100 1000 100 0 0
1265 35 100 1000 100 0 0
1325 35 100 1000 100 0 0
1395 35 100 1000 100 0 0
1415 35 100 1000 100 0 0
1535 35 100 1000 100 0 0
1575 35 100 1000 100 0 0
1685 35 100 1000 100 0 0
1705 35 100 1000 100 0 0
1715 35 100 1000 100 0 0
1765 35 100 1000 100 0 0
1835 35 100 1000 100 0 0
1885 35 100 1000 100 0 0
1895 35 100 1000 100 0 0
1905 35 100 1000 100 0 0
1925 35 100 1000 100 0 0
5 45 100 1000 100 0 0
25 45 100 1000 100 0 0
45 45 100 1000 100 0 0
75 45 100 1000 100 0 0
115 45 100 1 1 0 0
125 45 100 1 1 0 0
135 45 100 1 1 0 0
145 45 100 1 1 0 0
185 45 100 1 1 0 0
195 45 100 1 1 0 0
205 45 100 1 1 0 0
215 45 100 1000 100 0 0
245 45 100 1000 100 0 0
265 45 100 1000 100 0 0
295 45 100 1000 100 0 0
305 45 100 1000 100 0 0
385 45 100 1000 100 0 0
405 45 100 1 1 0 0
415 45 100 1 1 0 0
425 45 100 1 1 0 0
435 45 100 1 1 0 0
465 45 100 1 1 0 0
505 45 100 1 1 0 0
515 45 100 1000 100 0 0
535 45 100 1 1 0 0
545 45 100 1 1 0 0
555 45 100 1 1 0 0
565 45 100 1 1 0 0
595 45 100 1000 100 0 0
705 45 100 1000 100 0 0
725 45 100 1000 100 0 0
735 45 100 1000 100 0 0
745 45 100 1000 100 0 0
765 45 100 1000 100 0 0
825 45 100 1000 100 0 0
885 45 100 1000 100 0 0
895 45 100 1000 100 0 0
905 45 100 1000 100 0 0
925 45 100 1000 100 0 0
945 45 100 1000 100 0 0
985 45 100 1000 100 0 0
995 45 100 1000 100 0 0
1045 45 100 1000 100 0 0
1085 45 100 1000 100 0 0
1115 45 100 1 1 0 0
1145 45 100 1000 100 0 0
1155 45 100 1 1 0 0
1175 45 100 1000 100 0 0
1265 45 100 1000 100 0 0
1295 45 100 1000 100 0 0
1345 45 100 1000 100 0 0
1415 45 100 1 1 0 0
1425 45 100 1 1 0 0
1435 45 100 1 1 0 0
1445 45 100 1 1 0 0
1455 45 100 1 1 0 0
1465 45 100 1 1 0 0
1475 45 100 1 1 0 0
1505 45 100 1000 100 0 0
1545 45 100 1000 100 0 0
1555 45 100 1000 100 0 0
1565 45 100 1000 100 0 0
1635 45 100 1000 100 0 0
1655 45 100 1000 100 0 0
1675 45 100 1000 100 0 0
1745 45 100 1000 100 0 0
1785 45 100 1 1 0 0
1815 45 100 1000 100 0 0
1845 45 100 1000 100 0 0
1875 45 100 1000 100 0 0
1915 45 100 1000 100 0 0
1925 45 100 1000 100 0 0
5 55 100 1000 100 0 0
55 55 100 1000 100 0 0
75 55 100 1000 100 0 0
115 55 100 1 1 0 0
125 55 100 1 1 0 0
165 55 100 1000 100 0 0
205 55 100 1 1 0 0
245 55 100 1000 100 0 0
285 55 100 1000 100 0 0
325 55 100 1000 100 0 0
345 55 100 1000 100 0 0
395 55 100 1000 100 0 0
405 55 100 1 1 0 0
435 55 100 1000 100 0 0
445 55 100 1 1 0 0
465 55 100 1 1 0 0
485 55 100 1000 100 0 0
505 55 100 1 1 0 0
525 55 100 1 1 0 0
535 55 100 1000 100 0 0
575 55 100 1 1 0 0
595 55 100 1000 100 0 0
635 55 100 1000 100 0 0
665 55 100 1000 100 0 0
705 55 100 1000 100 0 0
875 55 100 1000 100 0 0
885 55 100 1000 100 0 0
945 55 100 1000 100 0 0
1065 55 100 1000 100 0 0
1085 55 100 1000 100 0 0
1105 55 100 1 1 0 0
1115 55 100 1 1 0 0
1135 55 100 1000 100 0 0
1155 55 100 1 1 0 0
1165 55 100 1000 100 0 0
1235 55 100 1000 100 0 0
1365 55 100 1 1 0 0
1375 55 100 1 1 0 0
1385 55 100 1 1 0 0
1395 55 100 1 1 0 0
1405 55 100 1 1 0 0
1435 55 100 1000 100 0 0
1465 55 100 1000 100 0 0
1475 55 100 1 1 0 0
1485 55 100 1 1 0 0
1495 55 100 1 1 0 0
1605 55 100 1000 100 0 0
1615 55 100 1000 100 0 0
1685 55 100 1000 100 0 0
1725 55 100 1000 100 0 0
1765 55 100 1 1 0 0
1775 55 100 1 1 0 0
1785 55 100 1 1 0 0
1795 55 100 1 1 0 0
1805 55 100 1 1 0 0
1825 55 100 1000 100 0 0
1835 55 100 1000 100 0 0
1855 55 100 1000 100 0 0
1915 55 100 1000 100 0 0
5 65 100 1000 100 0 0
35 65 100 1000 100 0 0
45 65 100 1000 100 0 0
85 65 100 1000 100 0 0
115 65 100 1 1 0 0
125 65 100 1 1 0 0
145 65 100 1000 100 0 0
175 65 100 1000 100 0 0
195 65 100 1000 100 0 0
205 65 100 1 1 0 0
225 65 100 1000 100 0 0
255 65 100 1000 100 0 0
355 65 100 1000 100 0 0
365 65 100 1 1 0 0
375 65 100 1 1 0 0
395 65 100 1 1 0 0
405 65 100 1 1 0 0
445 65 100 1 1 0 0
465 65 100 1 1 0 0
485 65 100 1000 100 0 0
505 65 100 1 1 0 0
525 65 100 1 1 0 0
535 65 100 1000 100 0 0
575 65 100 1 1 0 0
595 65 100 1 1 0 0
605 65 100 1 1 0 0
615 65 100 1 1 0 0
625 65 100 1000 100 0 0
665 65 100 1000 100 0 0
715 65 100 1 1 0 0
725 65 100 1 1 0 0
735 65 100 1 1 0 0
745 65 100 1 1 0 0
755 65 100 1 1 0 0
785 65 100 1 1 0 0
795 65 100 1 1 0 0
805 65 100 1 1 0 0
815 65 100 1 1 0 0
825 65 100 1 1 0 0
835 65 100 1 1 0 0
845 65 100 1000 100 0 0
855 65 100 1000 100 0 0
865 65 100 1 1 0 0
875 65 100 1 1 0 0
885 65 100 1 1 0 0
895 65 100 1 1 0 0
905 65 100 1 1 0 0
915 65 100 1000 100 0 0
1015 65 100 1000 100 0 0
1025 65 100 1000 100 0 0
1075 65 100 1000 100 0 0
1095 65 100 1000 100 0 0
1105 65 100 1000 100 0 0
1115 65 100 1 1 0 0
1155 65 100 1 1 0 0
1245 65 100 1000 100 0 0
1265 65 100 1000 100 0 0
1325 65 100 1000 100 0 0
1335 65 100 1000 100 0 0
1355 65 100 1 1 0 0
1375 65 100 1 1 0 0
1395 65 100 1000 100 0 0
1505 65 100 1 1 0 0
1515 65 100 1 1 0 0
1535 65 100 1000 100 0 0
1555 65 100 1000 100 0 0
1585 65 100 1000 100 0 0
1595 65 100 1000 100 0 0
1735 65 100 1000 100 0 0
1755 65 100 1 1 0 0
1785 65 100 1000 100 0 0
1815 65 100 1 1 0 0
55 75 100 1000 100 0 0
65 75 100 1000 100 0 0
85 75 100 1000 100 0 0
115 75 100 1000 100 0 0
125 75 100 1 1 0 0
135 75 100 1 1 0 0
145 75 100 1 1 0 0
165 75 100 1000 100 0 0
185 75 100 1 1 0 0
195 75 100 1 1 0 0
345 75 100 1 1 0 0
355 75 100 1 1 0 0
365 75 100 1000 100 0 0
385 75 100 1 1 0 0
405 75 100 1 1 0 0
445 75 100 1 1 0 0
455 75 100 1000 100 0 0
475 75 100 1 1 0 0
485 75 100 1 1 0 0
495 75 100 1 1 0 0
515 75 100 1000 100 0 0
535 75 100 1 1 0 0
555 75 100 1000 100 0 0
565 75 100 1 1 0 0
585 75 100 1 1 0 0
615 75 100 1000 100 0 0
625 75 100 1 1 0 0
635 75 100 1000 100 0 0
655 75 100 1000 100 0 0
675 75 100 1000 100 0 0
715 75 100 1 1 0 0
735 75 100 1000 100 0 0
755 75 100 1 1 0 0
775 75 100 1000 100 0 0
785 75 100 1 1 0 0
815 75 100 1000 100 0 0
825 75 100 1000 100 0 0
835 75 100 1 1 0 0
865 75 100 1 1 0 0
905 75 100 1 1 0 0
1005 75 100 1000 100 0 0
1025 75 100 1000 100 0 0
1045 75 100 1000 100 0 0
1055 75 100 1000 100 0 0
1115 75 100 1 1 0 0
1135 75 100 1 1 0 0
1155 75 100 1 1 0 0
1225 75 100 1000 100 0 0
1245 75 100 1000 100 0 0
1285 75 100 1000 100 0 0
1295 75 100 1000 100 0 0
1355 75 100 1 1 0 0
1375 75 100 1000 100 0 0
1475 75 100 1000 100 0 0
1485 75 100 1000 100 0 0
1525 75 100 1 1 0 0
1535 75 100 1000 100 0 0
1605 75 100 1000 100 0 0
1665 75 100 1000 100 0 0
1675 75 100 1000 100 0 0
1715 75 100 1000 100 0 0
1745 75 100 1 1 0 0
1775 75 100 1000 100 0 0
1785 75 100 1000 100 0 0
1825 75 100 1 1 0 0
1855 75 100 1000 100 0 0
1885 75 100 1000 100 0 0
55 85 100 1000 100 0 0
135 85 100 1 1 0 0
175 85 100 1000 100 0 0
195 85 100 1 1 0 0
315 85 100 1000 100 0 0
335 85 100 1000 100 0 0
345 85 100 1 1 0 0
355 85 100 1000 100 0 0
385 85 100 1 1 0 0
395 85 100 1 1 0 0
415 85 100 1 1 0 0
435 85 100 1 1 0 0
475 85 100 1 1 0 0
495 85 100 1 1 0 0
535 85 100 1 1 0 0
545 85 100 1 1 0 0
555 85 100 1 1 0 0
585 85 100 1 1 0 0
625 85 100 1 1 0 0
655 85 100 1000 100 0 0
695 85 100 1000 100 0 0
715 85 100 1 1 0 0
755 85 100 1 1 0 0
765 85 100 1 1 0 0
775 85 100 1 1 0 0
785 85 100 1 1 0 0
835 85 100 1 1 0 0
845 85 100 1 1 0 0
855 85 100 1 1 0 0
865 85 100 1 1 0 0
905 85 100 1 1 0 0
945 85 100 1000 100 0 0
965 85 100 1000 100 0 0
995 85 100 1000 100 0 0
1015 85 100 1000 100 0 0
1105 85 100 1 1 0 0
1125 85 100 1000 100 0 0
1155 85 100 1000 100 0 0
1165 85 100 1 1 0 0
1175 85 100 1000 100 0 0
1255 85 100 1000 100 0 0
1265 85 100 1000 100 0 0
1315 85 100 1000 100 0 0
1345 85 100 1000 100 0 0
1355 85 100 1000 100 0 0
1365 85 100 1 1 0 0
1375 85 100 1000 100 0 0
1415 85 100 1000 100 0 0
1495 85 100 1 1 0 0
1505 85 100 1 1 0 0
1515 85 100 1 1 0 0
1525 85 100 1 1 0 0
1535 85 100 1 1 0 0
1565 85 100 1000 100 0 0
1625 85 100 1000 100 0 0
1665 85 100 1000 100 0 0
1695 85 100 1000 100 0 0
1735 85 100 1 1 0 0
1755 85 100 1000 100 0 0
1765 85 100 1000 100 0 0
1805 85 100 1000 100 0 0
1825 85 100 1 1 0 0
1845 85 100 1000 100 0 0
1925 85 100 1000 100 0 0
45 95 100 1000 100 0 0
75 95 100 1 1 0 0
85 95 100 1 1 0 0
95 95 100 1 1 0 0
105 95 100 1 1 0 0
115 95 100 1 1 0 0
125 95 100 1 1 0 0
155 95 100 1 1 0 0
165 95 100 1 1 0 0
175 95 100 1 1 0 0
185 95 100 1000 100 0 0
195 95 100 1 1 0 0
205 95 100 1 1 0 0
215 95 100 1 1 0 0
225 95 100 1 1 0 0
235 95 100 1 1 0 0
245 95 100 1 1 0 0
255 95 100 1 1 0 0
275 95 100 1000 100 0 0
345 95 100 1 1 0 0
385 95 100 1 1 0 0
395 95 100 1 1 0 0
415 95 100 1 1 0 0
435 95 100 1 1 0 0
455 95 100 1000 100 0 0
475 95 100 1 1 0 0
495 95 100 1 1 0 0
535 95 100 1 1 0 0
545 95 100 1000 100 0 0
555 95 100 1 1 0 0
565 95 100 1000 100 0 0
585 95 100 1 1 0 0
625 95 100 1 1 0 0
655 95 100 1000 100 0 0
685 95 100 1000 100 0 0
695 95 100 1000 100 0 0
715 95 100 1 1 0 0
725 95 100 1000 100 0 0
745 95 100 1000 100 0 0
795 95 100 1000 100 0 0
805 95 100 1000 100 0 0
855 95 100 1000 100 0 0
885 95 100 1000 100 0 0
905 95 100 1 1 0 0
935 95 100 1000 100 0 0
955 95 100 1000 100 0 0
965 95 100 1000 100 0 0
975 95 100 1000 100 0 0
985 95 100 1000 100 0 0
1025 95 100 1000 100 0 0
1035 95 100 1000 100 0 0
1045 95 100 1000 100 0 0
1075 95 100 1000 100 0 0
1095 95 100 1 1 0 0
1105 95 100 1000 100 0 0
1115 95 100 1000 100 0 0
1145 95 100 1000 100 0 0
1155 95 100 1000 100 0 0
1165 95 100 1000 100 0 0
1175 95 100 1 1 0 0
1255 95 100 1000 100 0 0
1295 95 100 1000 100 0 0
1305 95 100 1000 100 0 0
1325 95 100 1000 100 0 0
1355 95 100 1000 100 0 0
1365 95 100 1 1 0 0
1375 95 100 1000 100 0 0
1395 95 100 1000 100 0 0
1475 95 100 1000 100 0 0
1545 95 100 1 1 0 0
1615 95 100 1000 100 0 0
1655 95 100 1000 100 0 0
1735 95 100 1 1 0 0
1795 95 100 1000 100 0 0
1825 95 100 1 1 0 0
1835 95 100 1000 100 0 0
1845 95 100 1000 100 0 0
1865 95 100 1000 100 0 0
1935 95 100 1000 100 0 0
45 105 100 1000 100 0 0
55 105 100 1 1 0 0
65 105 100 1 1 0 0
135 105 100 1000 100 0 0
145 105 100 1 1 0 0
155 105 100 1 1 0 0
165 105 100 1 1 0 0
175 105 100 1 1 0 0
185 105 100 1000 100 0 0
215 105 100 1000 100 0 0
245 105 100 1000 100 0 0
265 105 100 1 1 0 0
275 105 100 1 1 0 0
345 105 100 1 1 0 0
355 105 100 1 1 0 0
375 105 100 1000 100 0 0
385 105 100 1 1 0 0
415 105 100 1 1 0 0
435 105 100 1 1 0 0
475 105 100 1 1 0 0
495 105 100 1 1 0 0
515 105 100 1000 100 0 0
535 105 100 1 1 0 0
555 105 100 1 1 0 0
585 105 100 1 1 0 0
615 105 100 1000 100 0 0
625 105 100 1 1 0 0
635 105 100 1000 100 0 0
665 105 100 1000 100 0 0
685 105 100 1000 100 0 0
695 105 100 1000 100 0 0
705 105 100 1000 100 0 0
715 105 100 1 1 0 0
775 105 100 1000 100 0 0
795 105 100 1000 100 0 0
835 105 100 1000 100 0 0
845 105 100 1000 100 0 0
905 105 100 1 1 0 0
935 105 100 1000 100 0 0
955 105 100 1000 100 0 0
965 105 100 1000 100 0 0
1025 105 100 1000 100 0 0
1085 105 100 1 1 0 0
1125 105 100 1000 100 0 0
1175 105 100 1000 100 0 0
1185 105 100 1 1 0 0
1225 105 100 1000 100 0 0
1325 105 100 1000 100 0 0
1335 105 100 1000 100 0 0
1355 105 100 1 1 0 0
1415 105 100 1000 100 0 0
1445 105 100 1000 100 0 0
1455 105 100 1000 100 0 0
1465 105 100 1000 100 0 0
1485 105 100 1000 100 0 0
1515 105 100 1 1 0 0
1525 105 100 1 1 0 0
1535 105 100 1 1 0 0
1545 105 100 1 1 0 0
1555 105 100 1 1 0 0
1565 105 100 1000 100 0 0
1645 105 100 1000 100 0 0
1735 105 100 1 1 0 0
1745 105 100 1 1 0 0
1765 105 100 1000 100 0 0
1825 105 100 1 1 0 0
1905 105 100 1000 100 0 0
25 115 100 1000 100 0 0
45 115 100 1 1 0 0
65 115 100 1000 100 0 0
85 115 100 1 1 0 0
95 115 100 1 1 0 0
105 115 100 1 1 0 0
115 115 100 1000 100 0 0
155 115 100 1 1 0 0
165 115 100 1 1 0 0
185 115 100 1000 100 0 0
195 115 100 1000 100 0 0
225 115 100 1 1 0 0
235 115 100 1 1 0 0
255 115 100 1000 100 0 0
275 115 100 1 1 0 0
285 115 100 1 1 0 0
365 115 100 1 1 0 0
385 115 100 1 1 0 0
415 115 100 1 1 0 0
445 115 100 1 1 0 0
455 115 100 1000 100 0 0
465 115 100 1000 100 0 0
475 115 100 1 1 0 0
495 115 100 1 1 0 0
505 115 100 1000 100 0 0
535 115 100 1 1 0 0
555 115 100 1 1 0 0
575 115 100 1000 100 0 0
595 115 100 1 1 0 0
605 115 100 1 1 0 0
615 115 100 1 1 0 0
715 115 100 1 1 0 0
725 115 100 1 1 0 0
735 115 100 1000 100 0 0
745 115 100 1000 100 0 0
765 115 100 1000 100 0 0
895 115 100 1 1 0 0
905 115 100 1 1 0 0
955 115 100 1000 100 0 0
995 115 100 1000 100 0 0
1025 115 100 1000 100 0 0
1045 115 100 1000 100 0 0
1065 115 100 1000 100 0 0
1075 115 100 1 1 0 0
1105 115 100 1000 100 0 0
1135 115 100 1 1 0 0
1145 115 100 1000 100 0 0
1195 115 100 1 1 0 0
1335 115 100 1000 100 0 0
1355 115 100 1 1 0 0
1375 115 100 1 1 0 0
1385 115 100 1 1 0 0
1415 115 100 1000 100 0 0
1435 115 100 1000 100 0 0
1565 115 100 1 1 0 0
1585 115 100 1000 100 0 0
1625 115 100 1000 100 0 0
1655 115 100 1000 100 0 0
1665 115 100 1000 100 0 0
1705 115 100 1000 100 0 0
1725 115 100 1000 100 0 0
1745 115 100 1 1 0 0
1775 115 100 1000 100 0 0
1825 115 100 1 1 0 0
1885 115 100 1000 100 0 0
1895 115 100 1000 100 0 0
1905 115 100 1000 100 0 0
1925 115 100 1000 100 0 0
1935 115 100 1000 100 0 0
35 125 100 1 1 0 0
55 125 100 1000 100 0 0
65 125 100 1 1 0 0
75 125 100 1 1 0 0
85 125 100 1 1 0 0
95 125 100 1 1 0 0
105 125 100 1 1 0 0
115 125 100 1 1 0 0
125 125 100 1 1 0 0
135 125 100 1000 100 0 0
155 125 100 1000 100 0 0
195 125 100 1 1 0 0
205 125 100 1 1 0 0
215 125 100 1 1 0 0
225 125 100 1 1 0 0
235 125 100 1 1 0 0
245 125 100 1 1 0 0
255 125 100 1 1 0 0
265 125 100 1 1 0 0
285 125 100 1 1 0 0
295 125 100 1 1 0 0
315 125 100 1000 100 0 0
325 125 100 1000 100 0 0
365 125 100 1 1 0 0
375 125 100 1000 100 0 0
385 125 100 1 1 0 0
395 125 100 1000 100 0 0
415 125 100 1 1 0 0
435 125 100 1000 100 0 0
445 125 100 1 1 0 0
455 125 100 1000 100 0 0
465 125 100 1000 100 0 0
475 125 100 1 1 0 0
505 125 100 1 1 0 0
525 125 100 1 1 0 0
545 125 100 1000 100 0 0
555 125 100 1 1 0 0
585 125 100 1 1 0 0
605 125 100 1 1 0 0
625 125 100 1000 100 0 0
655 125 100 1000 100 0 0
735 125 100 1 1 0 0
745 125 100 1 1 0 0
805 125 100 1000 100 0 0
845 125 100 1000 100 0 0
855 125 100 1000 100 0 0
885 125 100 1 1 0 0
985 125 100 1000 100 0 0
1045 125 100 1000 100 0 0
1065 125 100 1000 100 0 0
1075 125 100 1 1 0 0
1095 125 100 1000 100 0 0
1135 125 100 1 1 0 0
1155 125 100 1000 100 0 0
1185 125 100 1000 100 0 0
1195 125 100 1 1 0 0
1255 125 100 1000 100 0 0
1285 125 100 1000 100 0 0
1355 125 100 1 1 0 0
1375 125 100 1 1 0 0
1425 125 100 1000 100 0 0
1445 125 100 1000 100 0 0
1565 125 100 1 1 0 0
1575 125 100 1000 100 0 0
1595 125 100 1000 100 0 0
1645 125 100 1000 100 0 0
1755 125 100 1 1 0 0
1765 125 100 1000 100 0 0
1785 125 100 1000 100 0 0
1815 125 100 1 1 0 0
1835 125 100 1000 100 0 0
1855 125 100 1000 100 0 0
1905 125 100 1000 100 0 0
1915 125 100 1000 100 0 0
1925 125 100 1000 100 0 0
1935 125 100 1000 100 0 0
5 135 100 1000 100 0 0
25 135 100 1 1 0 0
35 135 100 1 1 0 0
45 135 100 1000 100 0 0
55 135 100 1 1 0 0
65 135 100 1 1 0 0
85 135 100 1000 100 0 0
115 135 100 1000 100 0 0
125 135 100 1 1 0 0
135 135 100 1 1 0 0
145 135 100 1 1 0 0
175 135 100 1000 100 0 0
185 135 100 1 1 0 0
195 135 100 1 1 0 0
235 135 100 1000 100 0 0
255 135 100 1 1 0 0
265 135 100 1 1 0 0
275 135 100 1 1 0 0
295 135 100 1 1 0 0
325 135 100 1000 100 0 0
365 135 100 1 1 0 0
375 135 100 1 1 0 0
385 135 100 1 1 0 0
395 135 100 1 1 0 0
415 135 100 1 1 0 0
425 135 100 1000 100 0 0
445 135 100 1 1 0 0
465 135 100 1 1 0 0
475 135 100 1 1 0 0
505 135 100 1 1 0 0
525 135 100 1 1 0 0
555 135 100 1 1 0 0
575 135 100 1000 100 0 0
585 135 100 1 1 0 0
605 135 100 1 1 0 0
615 135 100 1000 100 0 0
645 135 100 1000 100 0 0
735 135 100 1000 100 0 0
745 135 100 1 1 0 0
755 135 100 1 1 0 0
765 135 100 1 1 0 0
775 135 100 1 1 0 0
785 135 100 1 1 0 0
795 135 100 1 1 0 0
805 135 100 1 1 0 0
815 135 100 1 1 0 0
825 135 100 1 1 0 0
835 135 100 1 1 0 0
845 135 100 1 1 0 0
855 135 100 1 1 0 0
865 135 100 1 1 0 0
875 135 100 1 1 0 0
885 135 100 1000 100 0 0
985 135 100 1000 100 0 0
1065 135 100 1 1 0 0
1075 135 100 1000 100 0 0
1085 135 100 1000 100 0 0
1105 135 100 1 1 0 0
1115 135 100 1 1 0 0
1125 135 100 1 1 0 0
1135 135 100 1 1 0 0
1145 135 100 1 1 0 0
1155 135 100 1 1 0 0
1165 135 100 1 1 0 0
1205 135 100 1 1 0 0
1235 135 100 1000 100 0 0
1245 135 100 1000 100 0 0
1255 135 100 1000 100 0 0
1265 135 100 1000 100 0 0
1305 135 100 1000 100 0 0
1335 135 100 1000 100 0 0
1345 135 100 1 1 0 0
1385 135 100 1000 100 0 0
1395 135 100 1000 100 0 0
1415 135 100 1000 100 0 0
1445 135 100 1000 100 0 0
1535 135 100 1 1 0 0
1545 135 100 1 1 0 0
1555 135 100 1 1 0 0
1565 135 100 1 1 0 0
1575 135 100 1 1 0 0
1655 135 100 1000 100 0 0
1705 135 100 1000 100 0 0
1745 135 100 1 1 0 0
1755 135 100 1 1 0 0
1815 135 100 1 1 0 0
1825 135 100 1 1 0 0
1865 135 100 1000 100 0 0
1895 135 100 1000 100 0 0
1935 135 100 1000 100 0 0
25 145 100 1 1 0 0
35 145 100 1000 100 0 0
45 145 100 1 1 0 0
55 145 100 1 1 0 0
145 145 100 1 1 0 0
155 145 100 1 1 0 0
165 145 100 1 1 0 0
175 145 100 1 1 0 0
185 145 100 1 1 0 0
205 145 100 1000 100 0 0
235 145 100 1000 100 0 0
265 145 100 1 1 0 0
275 145 100 1 1 0 0
295 145 100 1 1 0 0
365 145 100 1 1 0 0
375 145 100 1 1 0 0
395 145 100 1 1 0 0
405 145 100 1000 100 0 0
415 145 100 1 1 0 0
455 145 100 1 1 0 0
465 145 100 1 1 0 0
485 145 100 1000 100 0 0
505 145 100 1 1 0 0
515 145 100 1 1 0 0
525 145 100 1 1 0 0
535 145 100 1000 100 0 0
555 145 100 1 1 0 0
565 145 100 1000 100 0 0
575 145 100 1 1 0 0
595 145 100 1000 100 0 0
605 145 100 1 1 0 0
645 145 100 1000 100 0 0
715 145 100 1000 100 0 0
735 145 100 1000 100 0 0
755 145 100 1 1 0 0
765 145 100 1 1 0 0
775 145 100 1 1 0 0
785 145 100 1 1 0 0
795 145 100 1 1 0 0
805 145 100 1 1 0 0
815 145 100 1 1 0 0
825 145 100 1 1 0 0
835 145 100 1 1 0 0
845 145 100 1 1 0 0
855 145 100 1 1 0 0
865 145 100 1 1 0 0
915 145 100 1000 100 0 0
945 145 100 1000 100 0 0
955 145 100 1000 100 0 0
965 145 100 1000 100 0 0
975 145 100 1000 100 0 0
1015 145 100 1000 100 0 0
1025 145 100 1000 100 0 0
1065 145 100 1 1 0 0
1075 145 100 1000 100 0 0
1095 145 100 1000 100 0 0
1105 145 100 1 1 0 0
1115 145 100 1 1 0 0
1125 145 100 1 1 0 0
1135 145 100 1 1 0 0
1145 145 100 1 1 0 0
1155 145 100 1 1 0 0
1165 145 100 1 1 0 0
1175 145 100 1000 100 0 0
1205 145 100 1 1 0 0
1215 145 100 1000 100 0 0
1275 145 100 1000 100 0 0
1295 145 100 1000 100 0 0
1335 145 100 1000 100 0 0
1345 145 100 1 1 0 0
1355 145 100 1000 100 0 0
1375 145 100 1000 100 0 0
1385 145 100 1000 100 0 0
1405 145 100 1000 100 0 0
1435 145 100 1000 100 0 0
1455 145 100 1 1 0 0
1465 145 100 1 1 0 0
1555 145 100 1000 100 0 0
1575 145 100 1 1 0 0
1695 145 100 1000 100 0 0
1745 145 100 1 1 0 0
1805 145 100 1000 100 0 0
1825 145 100 1 1 0 0
1895 145 100 1000 100 0 0
1915 145 100 1000 100 0 0
25 155 100 1 1 0 0
35 155 100 1000 100 0 0
45 155 100 1 1 0 0
55 155 100 1 1 0 0
85 155 100 1000 100 0 0
105 155 100 1000 100 0 0
125 155 100 1000 100 0 0
155 155 100 1 1 0 0
165 155 100 1 1 0 0
175 155 100 1 1 0 0
215 155 100 1000 100 0 0
225 155 100 1000 100 0 0
245 155 100 1000 100 0 0
265 155 100 1 1 0 0
275 155 100 1 1 0 0
295 155 100 1 1 0 0
305 155 100 1 1 0 0
345 155 100 1000 100 0 0
365 155 100 1000 100 0 0
375 155 100 1 1 0 0
395 155 100 1 1 0 0
405 155 100 1 1 0 0
415 155 100 1 1 0 0
425 155 100 1000 100 0 0
445 155 100 1000 100 0 0
455 155 100 1 1 0 0
465 155 100 1 1 0 0
505 155 100 1 1 0 0
515 155 100 1 1 0 0
535 155 100 1000 100 0 0
555 155 100 1 1 0 0
575 155 100 1 1 0 0
585 155 100 1000 100 0 0
605 155 100 1 1 0 0
755 155 100 1 1 0 0
765 155 100 1000 100 0 0
775 155 100 1000 100 0 0
815 155 100 1000 100 0 0
825 155 100 1000 100 0 0
865 155 100 1 1 0 0
875 155 100 1000 100 0 0
885 155 100 1000 100 0 0
915 155 100 1000 100 0 0
935 155 100 1000 100 0 0
965 155 100 1000 100 0 0
1055 155 100 1 1 0 0
1135 155 100 1 1 0 0
1155 155 100 1000 100 0 0
1205 155 100 1000 100 0 0
1215 155 100 1 1 0 0
1255 155 100 1000 100 0 0
1305 155 100 1000 100 0 0
1325 155 100 1000 100 0 0
1345 155 100 1 1 0 0
1375 155 100 1000 100 0 0
1435 155 100 1000 100 0 0
1455 155 100 1 1 0 0
1465 155 100 1 1 0 0
1485 155 100 1000 100 0 0
1535 155 100 1 1 0 0
1545 155 100 1 1 0 0
1555 155 100 1 1 0 0
1565 155 100 1 1 0 0
1575 155 100 1 1 0 0
1595 155 100 1000 100 0 0
1615 155 100 1000 100 0 0
1655 155 100 1000 100 0 0
1675 155 100 1000 100 0 0
1755 155 100 1 1 0 0
1765 155 100 1 1 0 0
1775 155 100 1 1 0 0
1785 155 100 1 1 0 0
1795 155 100 1 1 0 0
1805 155 100 1 1 0 0
1815 155 100 1 1 0 0
1845 155 100 1000 100 0 0
1865 155 100 1000 100 0 0
1895 155 100 1000 100 0 0
1915 155 100 1000 100 0 0
1925 155 100 1000 100 0 0
5 165 100 1000 100 0 0
25 165 100 1 1 0 0
45 165 100 1 1 0 0
55 165 100 1 1 0 0
145 165 100 1 1 0 0
155 165 100 1 1 0 0
165 165 100 1 1 0 0
175 165 100 1 1 0 0
195 165 100 1000 100 0 0
255 165 100 1000 100 0 0
265 165 100 1 1 0 0
275 165 100 1 1 0 0
285 165 100 1000 100 0 0
295 165 100 1 1 0 0
335 165 100 1000 100 0 0
375 165 100 1 1 0 0
405 165 100 1 1 0 0
415 165 100 1 1 0 0
455 165 100 1 1 0 0
465 165 100 1 1 0 0
475 165 100 1000 100 0 0
495 165 100 1000 100 0 0
505 165 100 1 1 0 0
515 165 100 1 1 0 0
545 165 100 1000 100 0 0
555 165 100 1 1 0 0
565 165 100 1 1 0 0
585 165 100 1000 100 0 0
595 165 100 1 1 0 0
605 165 100 1 1 0 0
615 165 100 1000 100 0 0
655 165 100 1000 100 0 0
675 165 100 1000 100 0 0
685 165 100 1000 100 0 0
755 165 100 1 1 0 0
865 165 100 1 1 0 0
885 165 100 1000 100 0 0
895 165 100 1000 100 0 0
945 165 100 1000 100 0 0
1025 165 100 1000 100 0 0
1055 165 100 1 1 0 0
1085 165 100 1000 100 0 0
1135 165 100 1 1 0 0
1215 165 100 1 1 0 0
1275 165 100 1000 100 0 0
1325 165 100 1000 100 0 0
1335 165 100 1 1 0 0
1345 165 100 1 1 0 0
1455 165 100 1 1 0 0
1475 165 100 1 1 0 0
1485 165 100 1000 100 0 0
1515 165 100 1000 100 0 0
1525 165 100 1000 100 0 0
1535 165 100 1 1 0 0
1545 165 100 1 1 0 0
1555 165 100 1 1 0 0
1565 165 100 1 1 0 0
1575 165 100 1 1 0 0
1595 165 100 1000 100 0 0
1605 165 100 1000 100 0 0
1635 165 100 1000 100 0 0
1735 165 100 1000 100 0 0
1745 165 100 1000 100 0 0
1755 165 100 1 1 0 0
1765 165 100 1000 100 0 0
1785 165 100 1000 100 0 0
1805 165 100 1 1 0 0
1815 165 100 1000 100 0 0
1835 165 100 1000 100 0 0
1845 165 100 1000 100 0 0
1905 165 100 1000 100 0 0
1915 165 100 1000 100 0 0
15 175 100 1000 100 0 0
25 175 100 1 1 0 0
35 175 100 1 1 0 0
45 175 100 1000 100 0 0
55 175 100 1 1 0 0
65 175 100 1 1 0 0
135 175 100 1 1 0 0
145 175 100 1 1 0 0
165 175 100 1000 100 0 0
185 175 100 1 1 0 0
195 175 100 1 1 0 0
235 175 100 1000 100 0 0
265 175 100 1 1 0 0
275 175 100 1 1 0 0
295 175 100 1 1 0 0
375 175 100 1 1 0 0
415 175 100 1 1 0 0
445 175 100 1000 100 0 0
495 175 100 1000 100 0 0
505 175 100 1000 100 0 0
545 175 100 1000 100 0 0
555 175 100 1 1 0 0
565 175 100 1 1 0 0
595 175 100 1 1 0 0
605 175 100 1000 100 0 0
615 175 100 1000 100 0 0
665 175 100 1000 100 0 0
685 175 100 1000 100 0 0
755 175 100 1 1 0 0
865 175 100 1 1 0 0
905 175 100 1000 100 0 0
1055 175 100 1 1 0 0
1085 175 100 1000 100 0 0
1145 175 100 1000 100 0 0
1175 175 100 1000 100 0 0
1215 175 100 1 1 0 0
1275 175 100 1000 100 0 0
1295 175 100 1000 100 0 0
1335 175 100 1 1 0 0
1445 175 100 1 1 0 0
1465 175 100 1 1 0 0
1535 175 100 1000 100 0 0
1585 175 100 1 1 0 0
1635 175 100 1000 100 0 0
1645 175 100 1000 100 0 0
1695 175 100 1000 100 0 0
1755 175 100 1 1 0 0
1775 175 100 1000 100 0 0
1785 175 100 1000 100 0 0
1815 175 100 1 1 0 0
1845 175 100 1000 100 0 0
1905 175 100 1000 100 0 0
35 185 100 1 1 0 0
65 185 100 1 1 0 0
75 185 100 1 1 0 0
85 185 100 1 1 0 0
95 185 100 1 1 0 0
105 185 100 1 1 0 0
115 185 100 1 1 0 0
125 185 100 1 1 0 0
135 185 100 1 1 0 0
195 185 100 1 1 0 0
205 185 100 1 1 0 0
215 185 100 1 1 0 0
225 185 100 1 1 0 0
235 185 100 1 1 0 0
245 185 100 1 1 0 0
255 185 100 1 1 0 0
265 185 100 1 1 0 0
285 185 100 1 1 0 0
295 185 100 1 1 0 0
375 185 100 1 1 0 0
435 185 100 1000 100 0 0
545 185 100 1000 100 0 0
595 185 100 1 1 0 0
635 185 100 1000 100 0 0
665 185 100 1000 100 0 0
745 185 100 1000 100 0 0
755 185 100 1 1 0 0
775 185 100 1000 100 0 0
805 185 100 1000 100 0 0
815 185 100 1000 100 0 0
865 185 100 1 1 0 0
885 185 100 1000 100 0 0
905 185 100 1000 100 0 0
955 185 100 1000 100 0 0
995 185 100 1000 100 0 0
1055 185 100 1 1 0 0
1065 185 100 1 1 0 0
1075 185 100 1000 100 0 0
1085 185 100 1000 100 0 0
1095 185 100 1000 100 0 0
1125 185 100 1000 100 0 0
1185 185 100 1000 100 0 0
1205 185 100 1 1 0 0
1215 185 100 1 1 0 0
1255 185 100 1000 100 0 0
1275 185 100 1000 100 0 0
1335 185 100 1 1 0 0
1375 185 100 1000 100 0 0
1425 185 100 1 1 0 0
1435 185 100 1 1 0 0
1445 185 100 1000 100 0 0
1465 185 100 1 1 0 0
1505 185 100 1000 100 0 0
1545 185 100 1 1 0 0
1555 185 100 1 1 0 0
1565 185 100 1 1 0 0
1575 185 100 1 1 0 0
1585 185 100 1 1 0 0
1595 185 100 1000 100 0 0
1635 185 100 1000 100 0 0
1645 185 100 1000 100 0 0
1655 185 100 1000 100 0 0
1675 185 100 1000 100 0 0
1695 185 100 1000 100 0 0
1725 185 100 1000 100 0 0
1745 185 100 1 1 0 0
1755 185 100 1 1 0 0
1815 185 100 1 1 0 0
1865 185 100 1000 100 0 0
1915 185 100 1000 100 0 0
5 195 100 1000 100 0 0
15 195 100 1000 100 0 0
35 195 100 1 1 0 0
45 195 100 1 1 0 0
75 195 100 1 1 0 0
85 195 100 1 1 0 0
95 195 100 1 1 0 0
105 195 100 1 1 0 0
115 195 100 1 1 0 0
125 195 100 1000 100 0 0
165 195 100 1000 100 0 0
215 195 100 1 1 0 0
225 195 100 1 1 0 0
235 195 100 1 1 0 0
245 195 100 1 1 0 0
285 195 100 1 1 0 0
375 195 100 1 1 0 0
395 195 100 1000 100 0 0
465 195 100 1000 100 0 0
515 195 100 1000 100 0 0
595 195 100 1 1 0 0
655 195 100 1000 100 0 0
705 195 100 1000 100 0 0
755 195 100 1 1 0 0
775 195 100 1000 100 0 0
785 195 100 1000 100 0 0
845 195 100 1000 100 0 0
865 195 100 1 1 0 0
885 195 100 1000 100 0 0
945 195 100 1000 100 0 0
985 195 100 1000 100 0 0
995 195 100 1000 100 0 0
1065 195 100 1 1 0 0
1075 195 100 1000 100 0 0
1105 195 100 1 1 0 0
1115 195 100 1 1 0 0
1125 195 100 1 1 0 0
1135 195 100 1 1 0 0
1145 195 100 1 1 0 0
1155 195 100 1 1 0 0
1165 195 100 1 1 0 0
1205 195 100 1 1 0 0
1225 195 100 1000 100 0 0
1235 195 100 1000 100 0 0
1265 195 100 1000 100 0 0
1285 195 100 1000 100 0 0
1295 195 100 1000 100 0 0
1305 195 100 1000 100 0 0
1335 195 100 1 1 0 0
1345 195 100 1 1 0 0
1365 195 100 1000 100 0 0
1395 195 100 1 1 0 0
1405 195 100 1 1 0 0
1415 195 100 1 1 0 0
1445 195 100 1 1 0 0
1455 195 100 1 1 0 0
1465 195 100 1000 100 0 0
1525 195 100 1000 100 0 0
1555 195 100 1000 100 0 0
1585 195 100 1 1 0 0
1625 195 100 1000 100 0 0
1745 195 100 1 1 0 0
1775 195 100 1000 100 0 0
1795 195 100 1000 100 0 0
1815 195 100 1 1 0 0
1825 195 100 1000 100 0 0
1895 195 100 1000 100 0 0
5 205 100 1000 100 0 0
45 205 100 1 1 0 0
55 205 100 1 1 0 0
105 205 100 1000 100 0 0
125 205 100 1000 100 0 0
135 205 100 1000 100 0 0
145 205 100 1 1 0 0
155 205 100 1 1 0 0
165 205 100 1 1 0 0
175 205 100 1 1 0 0
205 205 100 1000 100 0 0
255 205 100 1000 100 0 0
265 205 100 1 1 0 0
275 205 100 1 1 0 0
295 205 100 1000 100 0 0
365 205 100 1000 100 0 0
385 205 100 1 1 0 0
445 205 100 1000 100 0 0
465 205 100 1 1 0 0
475 205 100 1 1 0 0
485 205 100 1 1 0 0
495 205 100 1 1 0 0
505 205 100 1 1 0 0
515 205 100 1000 100 0 0
565 205 100 1000 100 0 0
585 205 100 1 1 0 0
595 205 100 1000 100 0 0
655 205 100 1000 100 0 0
665 205 100 1000 100 0 0
695 205 100 1000 100 0 0
735 205 100 1000 100 0 0
745 205 100 1 1 0 0
875 205 100 1 1 0 0
915 205 100 1000 100 0 0
935 205 100 1000 100 0 0
1055 205 100 1000 100 0 0
1075 205 100 1 1 0 0
1085 205 100 1 1 0 0
1095 205 100 1 1 0 0
1125 205 100 1000 100 0 0
1175 205 100 1 1 0 0
1185 205 100 1 1 0 0
1195 205 100 1 1 0 0
1205 205 100 1000 100 0 0
1235 205 100 1000 100 0 0
1245 205 100 1000 100 0 0
1315 205 100 1000 100 0 0
1335 205 100 1 1 0 0
1365 205 100 1000 100 0 0
1385 205 100 1 1 0 0
1405 205 100 1000 100 0 0
1435 205 100 1 1 0 0
1445 205 100 1 1 0 0
1475 205 100 1000 100 0 0
1515 205 100 1000 100 0 0
1585 205 100 1 1 0 0
1705 205 100 1000 100 0 0
1735 205 100 1000 100 0 0
1745 205 100 1 1 0 0
1755 205 100 1000 100 0 0
1765 205 100 1000 100 0 0
1785 205 100 1000 100 0 0
1815 205 100 1000 100 0 0
1825 205 100 1 1 0 0
15 215 100 1000 100 0 0
55 215 100 1 1 0 0
65 215 100 1 1 0 0
85 215 100 1000 100 0 0
95 215 100 1 1 0 0
105 215 100 1 1 0 0
115 215 100 1 1 0 0
125 215 100 1 1 0 0
135 215 100 1 1 0 0
145 215 100 1 1 0 0
155 215 100 1 1 0 0
165 215 100 1 1 0 0
175 215 100 1 1 0 0
185 215 100 1 1 0 0
195 215 100 1 1 0 0
205 215 100 1 1 0 0
215 215 100 1 1 0 0
225 215 100 1 1 0 0
265 215 100 1 1 0 0
285 215 100 1000 100 0 0
395 215 100 1 1 0 0
415 215 100 1 1 0 0
425 215 100 1 1 0 0
435 215 100 1 1 0 0
445 215 100 1 1 0 0
455 215 100 1 1 0 0
465 215 100 1 1 0 0
475 215 100 1 1 0 0
485 215 100 1 1 0 0
495 215 100 1 1 0 0
505 215 100 1 1 0 0
515 215 100 1 1 0 0
525 215 100 1 1 0 0
535 215 100 1 1 0 0
545 215 100 1 1 0 0
555 215 100 1 1 0 0
575 215 100 1 1 0 0
595 215 100 1000 100 0 0
605 215 100 1000 100 0 0
615 215 100 1000 100 0 0
685 215 100 1000 100 0 0
735 215 100 1 1 0 0
785 215 100 1000 100 0 0
805 215 100 1000 100 0 0
815 215 100 1000 100 0 0
845 215 100 1000 100 0 0
885 215 100 1 1 0 0
955 215 100 1000 100 0 0
1015 215 100 1000 100 0 0
1055 215 100 1000 100 0 0
1065 215 100 1000 100 0 0
1085 215 100 1000 100 0 0
1095 215 100 1000 100 0 0
1115 215 100 1 1 0 0
1125 215 100 1 1 0 0
1135 215 100 1 1 0 0
1145 215 100 1 1 0 0
1155 215 100 1 1 0 0
1165 215 100 1000 100 0 0
1185 215 100 1 1 0 0
1205 215 100 1000 100 0 0
1265 215 100 1000 100 0 0
1295 215 100 1000 100 0 0
1315 215 100 1000 100 0 0
1325 215 100 1000 100 0 0
1335 215 100 1 1 0 0
1345 215 100 1 1 0 0
1365 215 100 1000 100 0 0
1385 215 100 1 1 0 0
1425 215 100 1 1 0 0
1445 215 100 1000 100 0 0
1485 215 100 1000 100 0 0
1495 215 100 1000 100 0 0
1545 215 100 1 1 0 0
1555 215 100 1 1 0 0
1565 215 100 1 1 0 0
1575 215 100 1 1 0 0
1585 215 100 1 1 0 0
1725 215 100 1000 100 0 0
1735 215 100 1 1 0 0
1745 215 100 1 1 0 0
1755 215 100 1000 100 0 0
1765 215 100 1000 100 0 0
1825 215 100 1 1 0 0
1845 215 100 1000 100 0 0
1865 215 100 1000 100 0 0
1905 215 100 1000 100 0 0
1915 215 100 1000 100 0 0
1935 215 100 1000 100 0 0
15 225 100 1000 100 0 0
55 225 100 1 1 0 0
65 225 100 1 1 0 0
75 225 100 1 1 0 0
85 225 100 1 1 0 0
95 225 100 1 1 0 0
105 225 100 1 1 0 0
125 225 100 1000 100 0 0
135 225 100 1000 100 0 0
215 225 100 1000 100 0 0
225 225 100 1 1 0 0
235 225 100 1 1 0 0
245 225 100 1 1 0 0
265 225 100 1 1 0 0
275 225 100 1000 100 0 0
355 225 100 1000 100 0 0
365 225 100 1000 100 0 0
405 225 100 1 1 0 0
415 225 100 1 1 0 0
435 225 100 1000 100 0 0
445 225 100 1000 100 0 0
455 225 100 1000 100 0 0
465 225 100 1000 100 0 0
505 225 100 1000 100 0 0
515 225 100 1000 100 0 0
555 225 100 1 1 0 0
565 225 100 1 1 0 0
575 225 100 1 1 0 0
595 225 100 1000 100 0 0
675 225 100 1000 100 0 0
705 225 100 1000 100 0 0
735 225 100 1 1 0 0
745 225 100 1 1 0 0
755 225 100 1 1 0 0
765 225 100 1 1 0 0
775 225 100 1 1 0 0
785 225 100 1 1 0 0
795 225 100 1 1 0 0
805 225 100 1 1 0 0
815 225 100 1 1 0 0
825 225 100 1 1 0 0
835 225 100 1 1 0 0
845 225 100 1 1 0 0
855 225 100 1 1 0 0
865 225 100 1 1 0 0
875 225 100 1 1 0 0
885 225 100 1 1 0 0
915 225 100 1000 100 0 0
955 225 100 1000 100 0 0
985 225 100 1000 100 0 0
1005 225 100 1000 100 0 0
1035 225 100 1000 100 0 0
1045 225 100 1000 100 0 0
1085 225 100 1 1 0 0
1095 225 100 1 1 0 0
1105 225 100 1 1 0 0
1145 225 100 1000 100 0 0
1165 225 100 1 1 0 0
1175 225 100 1 1 0 0
1185 225 100 1 1 0 0
1245 225 100 1000 100 0 0
1335 225 100 1000 100 0 0
1345 225 100 1 1 0 0
1355 225 100 1 1 0 0
1365 225 100 1 1 0 0
1375 225 100 1 1 0 0
1385 225 100 1000 100 0 0
1415 225 100 1 1 0 0
1475 225 100 1000 100 0 0
1535 225 100 1000 100 0 0
1545 225 100 1000 100 0 0
1585 225 100 1 1 0 0
1625 225 100 1000 100 0 0
1685 225 100 1000 100 0 0
1735 225 100 1 1 0 0
1805 225 100 1000 100 0 0
1815 225 100 1000 100 0 0
1825 225 100 1 1 0 0
1855 225 100 1000 100 0 0
1865 225 100 1000 100 0 0
1905 225 100 1000 100 0 0
15 235 100 1000 100 0 0
55 235 100 1 1 0 0
65 235 100 1 1 0 0
125 235 100 1 1 0 0
135 235 100 1 1 0 0
145 235 100 1 1 0 0
155 235 100 1 1 0 0
165 235 100 1 1 0 0
175 235 100 1 1 0 0
185 235 100 1 1 0 0
195 235 100 1 1 0 0
225 235 100 1000 100 0 0
255 235 100 1000 100 0 0
265 235 100 1 1 0 0
335 235 100 1000 100 0 0
375 235 100 1000 100 0 0
385 235 100 1000 100 0 0
405 235 100 1 1 0 0
415 235 100 1000 100 0 0
425 235 100 1000 100 0 0
475 235 100 1 1 0 0
485 235 100 1 1 0 0
495 235 100 1 1 0 0
505 235 100 1 1 0 0
565 235 100 1 1 0 0
725 235 100 1000 100 0 0
735 235 100 1 1 0 0
755 235 100 1 1 0 0
765 235 100 1 1 0 0
775 235 100 1 1 0 0
785 235 100 1 1 0 0
795 235 100 1 1 0 0
805 235 100 1 1 0 0
815 235 100 1 1 0 0
825 235 100 1 1 0 0
835 235 100 1 1 0 0
845 235 100 1 1 0 0
855 235 100 1 1 0 0
865 235 100 1 1 0 0
885 235 100 1 1 0 0
935 235 100 1000 100 0 0
985 235 100 1000 100 0 0
1075 235 100 1 1 0 0
1135 235 100 1000 100 0 0
1195 235 100 1 1 0 0
1205 235 100 1000 100 0 0
1215 235 100 1000 100 0 0
1225 235 100 1000 100 0 0
1255 235 100 1000 100 0 0
1275 235 100 1000 100 0 0
1295 235 100 1000 100 0 0
1405 235 100 1000 100 0 0
1415 235 100 1 1 0 0
1425 235 100 1000 100 0 0
1485 235 100 1000 100 0 0
1555 235 100 1000 100 0 0
1585 235 100 1 1 0 0
1685 235 100 1000 100 0 0
1705 235 100 1000 100 0 0
1735 235 100 1 1 0 0
1745 235 100 1 1 0 0
1755 235 100 1 1 0 0
1765 235 100 1 1 0 0
1775 235 100 1 1 0 0
1785 235 100 1 1 0 0
1795 235 100 1 1 0 0
1805 235 100 1 1 0 0
1815 235 100 1 1 0 0
1825 235 100 1 1 0 0
1835 235 100 1 1 0 0
1845 235 100 1000 100 0 0
1895 235 100 1000 100 0 0
1905 235 100 1000 100 0 0
1925 235 100 1000 100 0 0
55 245 100 1 1 0 0
65 245 100 1 1 0 0
85 245 100 1 1 0 0
95 245 100 1 1 0 0
105 245 100 1 1 0 0
115 245 100 1 1 0 0
125 245 100 1 1 0 0
135 245 100 1 1 0 0
145 245 100 1 1 0 0
155 245 100 1 1 0 0
165 245 100 1 1 0 0
175 245 100 1 1 0 0
185 245 100 1 1 0 0
195 245 100 1 1 0 0
205 245 100 1 1 0 0
215 245 100 1 1 0 0
225 245 100 1 1 0 0
235 245 100 1 1 0 0
255 245 100 1000 100 0 0
265 245 100 1 1 0 0
275 245 100 1000 100 0 0
285 245 100 1000 100 0 0
295 245 100 1000 100 0 0
385 245 100 1000 100 0 0
405 245 100 1 1 0 0
415 245 100 1 1 0 0
425 245 100 1 1 0 0
435 245 100 1 1 0 0
445 245 100 1 1 0 0
455 245 100 1 1 0 0
465 245 100 1 1 0 0
475 245 100 1 1 0 0
485 245 100 1 1 0 0
495 245 100 1 1 0 0
505 245 100 1 1 0 0
515 245 100 1 1 0 0
525 245 100 1 1 0 0
535 245 100 1 1 0 0
545 245 100 1 1 0 0
555 245 100 1 1 0 0
565 245 100 1 1 0 0
605 245 100 1000 100 0 0
655 245 100 1000 100 0 0
715 245 100 1 1 0 0
725 245 100 1 1 0 0
755 245 100 1000 100 0 0
785 245 100 1000 100 0 0
795 245 100 1000 100 0 0
875 245 100 1000 100 0 0
895 245 100 1 1 0 0
905 245 100 1 1 0 0
975 245 100 1000 100 0 0
995 245 100 1000 100 0 0
1035 245 100 1000 100 0 0
1055 245 100 1 1 0 0
1065 245 100 1 1 0 0
1075 245 100 1 1 0 0
1085 245 100 1 1 0 0
1095 245 100 1 1 0 0
1105 245 100 1 1 0 0
1115 245 100 1 1 0 0
1125 245 100 1 1 0 0
1135 245 100 1 1 0 0
1145 245 100 1 1 0 0
1155 245 100 1 1 0 0
1165 245 100 1 1 0 0
1175 245 100 1 1 0 0
1185 245 100 1 1 0 0
1195 245 100 1 1 0 0
1205 245 100 1 1 0 0
1215 245 100 1 1 0 0
1285 245 100 1000 100 0 0
1315 245 100 1000 100 0 0
1405 245 100 1 1 0 0
1415 245 100 1 1 0 0
1425 245 100 1 1 0 0
1435 245 100 1 1 0 0
1445 245 100 1 1 0 0
1455 245 100 1 1 0 0
1465 245 100 1 1 0 0
1475 245 100 1 1 0 0
1485 245 100 1 1 0 0
1495 245 100 1 1 0 0
1505 245 100 1 1 0 0
1515 245 100 1 1 0 0
1525 245 100 1 1 0 0
1535 245 100 1 1 0 0
1545 245 100 1 1 0 0
1555 245 100 1 1 0 0
1565 245 100 1 1 0 0
1575 245 100 1 1 0 0
1585 245 100 1 1 0 0
1595 245 100 1000 100 0 0
1625 245 100 1000 100 0 0
1675 245 100 1000 100 0 0
1685 245 100 1000 100 0 0
1715 245 100 1 1 0 0
1725 245 100 1 1 0 0
1735 245 100 1 1 0 0
1745 245 100 1 1 0 0
1755 245 100 1 1 0 0
1765 245 100 1 1 0 0
1775 245 100 1 1 0 0
1785 245 100 1 1 0 0
1795 245 100 1 1 0 0
1805 245 100 1 1 0 0
1815 245 100 1 1 0 0
1825 245 100 1 1 0 0
1835 245 100 1 1 0 0
1845 245 100 1 1 0 0
1915 245 100 1000 100 0 0
1925 245 100 1000 100 0 0
5 255 100 1000 100 0 0
55 255 100 1 1 0 0
65 255 100 1 1 0 0
85 255 100 1 1 0 0
95 255 100 1 1 0 0
165 255 100 1000 100 0 0
235 255 100 1 1 0 0
245 255 100 1 1 0 0
265 255 100 1 1 0 0
325 255 100 1000 100 0 0
345 255 100 1000 100 0 0
375 255 100 1000 100 0 0
405 255 100 1 1 0 0
415 255 100 1 1 0 0
425 255 100 1 1 0 0
455 255 100 1000 100 0 0
465 255 100 1000 100 0 0
555 255 100 1 1 0 0
565 255 100 1 1 0 0
575 255 100 1000 100 0 0
645 255 100 1000 100 0 0
665 255 100 1000 100 0 0
675 255 100 1000 100 0 0
705 255 100 1 1 0 0
715 255 100 1000 100 0 0
735 255 100 1000 100 0 0
805 255 100 1000 100 0 0
885 255 100 1000 100 0 0
915 255 100 1 1 0 0
925 255 100 1 1 0 0
935 255 100 1000 100 0 0
1045 255 100 1 1 0 0
1065 255 100 1000 100 0 0
1215 255 100 1 1 0 0
1225 255 100 1 1 0 0
1245 255 100 1000 100 0 0
1265 255 100 1000 100 0 0
1335 255 100 1000 100 0 0
1355 255 100 1000 100 0 0
1385 255 100 1 1 0 0
1395 255 100 1 1 0 0
1435 255 100 1000 100 0 0
1465 255 100 1000 100 0 0
1515 255 100 1000 100 0 0
1555 255 100 1000 100 0 0
1575 255 100 1000 100 0 0
1585 255 100 1 1 0 0
1645 255 100 1000 100 0 0
1705 255 100 1 1 0 0
1785 255 100 1000 100 0 0
1815 255 100 1000 100 0 0
1855 255 100 1 1 0 0
1875 255 100 1000 100 0 0
45 265 100 1000 100 0 0
65 265 100 1 1 0 0
75 265 100 1 1 0 0
105 265 100 1000 100 0 0
135 265 100 1000 100 0 0
245 265 100 1 1 0 0
255 265 100 1 1 0 0
275 265 100 1000 100 0 0
285 265 100 1000 100 0 0
345 265 100 1000 100 0 0
385 265 100 1000 100 0 0
405 265 100 1 1 0 0
485 265 100 1000 100 0 0
575 265 100 1 1 0 0
685 265 100 1000 100 0 0
695 265 100 1 1 0 0
705 265 100 1000 100 0 0
725 265 100 1000 100 0 0
805 265 100 1000 100 0 0
815 265 100 1000 100 0 0
825 265 100 1000 100 0 0
925 265 100 1 1 0 0
935 265 100 1000 100 0 0
945 265 100 1000 100 0 0
965 265 100 1000 100 0 0
1015 265 100 1000 100 0 0
1025 265 100 1 1 0 0
1035 265 100 1 1 0 0
1045 265 100 1000 100 0 0
1055 265 100 1000 100 0 0
1085 265 100 1000 100 0 0
1145 265 100 1000 100 0 0
1165 265 100 1000 100 0 0
1175 265 100 1000 100 0 0
1205 265 100 1000 100 0 0
1235 265 100 1 1 0 0
1245 265 100 1 1 0 0
1315 265 100 1000 100 0 0
1355 265 100 1000 100 0 0
1375 265 100 1 1 0 0
1415 265 100 1000 100 0 0
1495 265 100 1000 100 0 0
1585 265 100 1 1 0 0
1605 265 100 1000 100 0 0
1635 265 100 1000 100 0 0
1645 265 100 1000 100 0 0
1655 265 100 1000 100 0 0
1705 265 100 1 1 0 0
1815 265 100 1000 100 0 0
1835 265 100 1000 100 0 0
1865 265 100 1 1 0 0
1895 265 100 1000 100 0 0
55 275 100 1000 100 0 0
85 275 100 1 1 0 0
95 275 100 1 1 0 0
105 275 100 1 1 0 0
115 275 100 1 1 0 0
125 275 100 1 1 0 0
135 275 100 1 1 0 0
145 275 100 1 1 0 0
155 275 100 1 1 0 0
165 275 100 1 1 0 0
175 275 100 1 1 0 0
185 275 100 1 1 0 0
195 275 100 1 1 0 0
205 275 100 1 1 0 0
215 275 100 1 1 0 0
225 275 100 1 1 0 0
235 275 100 1 1 0 0
245 275 100 1 1 0 0
295 275 100 1000 100 0 0
335 275 100 1000 100 0 0
385 275 100 1000 100 0 0
395 275 100 1000 100 0 0
405 275 100 1 1 0 0
415 275 100 1 1 0 0
525 275 100 1000 100 0 0
565 275 100 1 1 0 0
575 275 100 1 1 0 0
595 275 100 1000 100 0 0
655 275 100 1000 100 0 0
685 275 100 1 1 0 0
695 275 100 1 1 0 0
735 275 100 1000 100 0 0
795 275 100 1000 100 0 0
875 275 100 1000 100 0 0
895 275 100 1000 100 0 0
925 275 100 1 1 0 0
935 275 100 1 1 0 0
975 275 100 1000 100 0 0
1025 275 100 1 1 0 0
1045 275 100 1000 100 0 0
1135 275 100 1000 100 0 0
1185 275 100 1000 100 0 0
1245 275 100 1 1 0 0
1335 275 100 1000 100 0 0
1345 275 100 1000 100 0 0
1375 275 100 1 1 0 0
1415 275 100 1000 100 0 0
1515 275 100 1000 100 0 0
1575 275 100 1000 100 0 0
1585 275 100 1 1 0 0
1615 275 100 1000 100 0 0
1675 275 100 1000 100 0 0
1695 275 100 1 1 0 0
1755 275 100 1000 100 0 0
1785 275 100 1000 100 0 0
1795 275 100 1000 100 0 0
1865 275 100 1 1 0 0
1875 275 100 1000 100 0 0
1935 275 100 1000 100 0 0
25 285 100 1000 100 0 0
35 285 100 1000 100 0 0
75 285 100 1000 100 0 0
95 285 100 1000 100 0 0
105 285 100 1000 100 0 0
125 285 100 1 1 0 0
135 285 100 1 1 0 0
145 285 100 1 1 0 0
155 285 100 1 1 0 0
165 285 100 1 1 0 0
175 285 100 1 1 0 0
185 285 100 1 1 0 0
195 285 100 1 1 0 0
205 285 100 1 1 0 0
225 285 100 1000 100 0 0
325 285 100 1000 100 0 0
335 285 100 1000 100 0 0
415 285 100 1 1 0 0
425 285 100 1 1 0 0
435 285 100 1 1 0 0
445 285 100 1 1 0 0
455 285 100 1 1 0 0
465 285 100 1 1 0 0
475 285 100 1 1 0 0
485 285 100 1 1 0 0
495 285 100 1 1 0 0
505 285 100 1 1 0 0
515 285 100 1 1 0 0
525 285 100 1 1 0 0
535 285 100 1 1 0 0
545 285 100 1 1 0 0
555 285 100 1 1 0 0
565 285 100 1000 100 0 0
605 285 100 1000 100 0 0
615 285 100 1000 100 0 0
695 285 100 1 1 0 0
705 285 100 1 1 0 0
715 285 100 1 1 0 0
725 285 100 1 1 0 0
735 285 100 1 1 0 0
745 285 100 1 1 0 0
755 285 100 1 1 0 0
765 285 100 1 1 0 0
775 285 100 1 1 0 0
785 285 100 1 1 0 0
795 285 100 1 1 0 0
805 285 100 1 1 0 0
815 285 100 1 1 0 0
825 285 100 1 1 0 0
835 285 100 1 1 0 0
845 285 100 1 1 0 0
855 285 100 1 1 0 0
865 285 100 1 1 0 0
875 285 100 1 1 0 0
885 285 100 1 1 0 0
895 285 100 1 1 0 0
905 285 100 1 1 0 0
915 285 100 1 1 0 0
925 285 100 1 1 0 0
985 285 100 1000 100 0 0
1015 285 100 1000 100 0 0
1025 285 100 1 1 0 0
1035 285 100 1 1 0 0
1045 285 100 1 1 0 0
1055 285 100 1 1 0 0
1065 285 100 1 1 0 0
1075 285 100 1 1 0 0
1085 285 100 1 1 0 0
1095 285 100 1 1 0 0
1105 285 100 1 1 0 0
1115 285 100 1 1 0 0
1125 285 100 1 1 0 0
1135 285 100 1 1 0 0
1145 285 100 1 1 0 0
1155 285 100 1 1 0 0
1165 285 100 1 1 0 0
1175 285 100 1 1 0 0
1185 285 100 1 1 0 0
1195 285 100 1 1 0 0
1205 285 100 1 1 0 0
1215 285 100 1 1 0 0
1225 285 100 1 1 0 0
1235 285 100 1 1 0 0
1245 285 100 1 1 0 0
1335 285 100 1000 100 0 0
1355 285 100 1000 100 0 0
1375 285 100 1 1 0 0
1385 285 100 1 1 0 0
1395 285 100 1 1 0 0
1405 285 100 1 1 0 0
1415 285 100 1 1 0 0
1425 285 100 1 1 0 0
1435 285 100 1 1 0 0
1445 285 100 1 1 0 0
1455 285 100 1 1 0 0
1465 285 100 1 1 0 0
1475 285 100 1 1 0 0
1485 285 100 1 1 0 0
1495 285 100 1 1 0 0
1505 285 100 1 1 0 0
1515 285 100 1 1 0 0
1525 285 100 1 1 0 0
1535 285 100 1 1 0 0
1545 285 100 1 1 0 0
1555 285 100 1 1 0 0
1565 285 100 1 1 0 0
1575 285 100 1 1 0 0
1595 285 100 1000 100 0 0
1605 285 100 1000 100 0 0
1655 285 100 1000 100 0 0
1705 285 100 1 1 0 0
1715 285 100 1 1 0 0
1725 285 100 1 1 0 0
1735 285 100 1 1 0 0
1745 285 100 1 1 0 0
1755 285 100 1 1 0 0
1765 285 100 1 1 0 0
1775 285 100 1 1 0 0
1785 285 100 1 1 0 0
1795 285 100 1 1 0 0
1805 285 100 1 1 0 0
1815 285 100 1 1 0 0
1825 285 100 1 1 0 0
1835 285 100 1 1 0 0
1845 285 100 1 1 0 0
1855 285 100 1 1 0 0
1865 285 100 1 1 0 0
1935 285 100 1000 100 0 0
15 295 100 1000 100 0 0
35 295 100 1000 100 0 0
65 295 100 1000 100 0 0
75 295 100 1000 100 0 0
95 295 100 1000 100 0 0
125 295 100 1000 100 0 0
145 295 100 1000 100 0 0
205 295 100 1000 100 0 0
255 295 100 1000 100 0 0
285 295 100 1000 100 0 0
295 295 100 1000 100 0 0
365 295 100 1000 100 0 0
425 295 100 1000 100 0 0
485 295 100 1000 100 0 0
495 295 100 1000 100 0 0
525 295 100 1000 100 0 0
535 295 100 1000 100 0 0
735 295 100 1000 100 0 0
755 295 100 1000 100 0 0
775 295 100 1000 100 0 0
785 295 100 1000 100 0 0
815 295 100 1000 100 0 0
835 295 100 1000 100 0 0
875 295 100 1000 100 0 0
895 295 100 1000 100 0 0
995 295 100 1000 100 0 0
1005 295 100 1000 100 0 0
1075 295 100 1000 100 0 0
1125 295 100 1000 100 0 0
1145 295 100 1000 100 0 0
1155 295 100 1000 100 0 0
1195 295 100 1000 100 0 0
1215 295 100 1000 100 0 0
1245 295 100 1000 100 0 0
1285 295 100 1000 100 0 0
1295 295 100 1000 100 0 0
1305 295 100 1000 100 0 0
1415 295 100 1000 100 0 0
1425 295 100 1000 100 0 0
1515 295 100 1000 100 0 0
1525 295 100 1000 100 0 0
1545 295 100 1000 100 0 0
1585 295 100 1000 100 0 0
1595 295 100 1000 100 0 0
1615 295 100 1000 100 0 0
1705 295 100 1000 100 0 0
1765 295 100 1000 100 0 0
1835 295 100 1000 100 0 0
1875 295 100 1000 100 0 0
1905 295 100 1000 100 0 0
1925 295 100 1000 100 0 0
85 305 100 1000 100 0 0
105 305 100 1000 100 0 0
115 305 100 1000 100 0 0
145 305 100 1000 100 0 0
155 305 100 1000 100 0 0
285 305 100 1000 100 0 0
325 305 100 1000 100 0 0
345 305 100 1000 100 0 0
375 305 100 1000 100 0 0
405 305 100 1000 100 0 0
455 305 100 1000 100 0 0
515 305 100 1000 100 0 0
565 305 100 1000 100 0 0
685 305 100 1000 100 0 0
725 305 100 1000 100 0 0
745 305 100 1000 100 0 0
775 305 100 1000 100 0 0
805 305 100 1000 100 0 0
835 305 100 1000 100 0 0
845 305 100 1000 100 0 0
855 305 100 1000 100 0 0
865 305 100 1000 100 0 0
965 305 100 1000 100 0 0
985 305 100 1000 100 0 0
1025 305 100 1000 100 0 0
1045 305 100 1000 100 0 0
1085 305 100 1000 100 0 0
1185 305 100 1000 100 0 0
1235 305 100 1000 100 0 0
1325 305 100 1000 100 0 0
1385 305 100 1000 100 0 0
1405 305 100 1000 100 0 0
1485 305 100 1000 100 0 0
1495 305 100 1000 100 0 0
1565 305 100 1000 100 0 0
1625 305 100 1000 100 0 0
1685 305 100 1000 100 0 0
1715 305 100 1000 100 0 0
1905 305 100 1000 100 0 0
1915 305 100 1000 100 0 0
1925 305 100 1000 100 0 0
1935 305 100 1000 100 0 0
105 315 100 1000 100 0 0
125 315 100 1000 100 0 0
135 315 100 1000 100 0 0
255 315 100 1000 100 0 0
325 315 100 1000 100 0 0
335 315 100 1000 100 0 0
435 315 100 1000 100 0 0
445 315 100 1000 100 0 0
465 315 100 1000 100 0 0
495 315 100 1000 100 0 0
505 315 100 1000 100 0 0
525 315 100 1000 100 0 0
555 315 100 1000 100 0 0
585 315 100 1000 100 0 0
625 315 100 1000 100 0 0
665 315 100 1000 100 0 0
675 315 100 1000 100 0 0
685 315 100 1000 100 0 0
865 315 100 1000 100 0 0
875 315 100 1000 100 0 0
905 315 100 1000 100 0 0
935 315 100 1000 100 0 0
955 315 100 1000 100 0 0
985 315 100 1000 100 0 0
1025 315 100 1000 100 0 0
1105 315 100 1000 100 0 0
1155 315 100 1000 100 0 0
1175 315 100 1000 100 0 0
1285 315 100 1000 100 0 0
1325 315 100 1000 100 0 0
1425 315 100 1000 100 0 0
1505 315 100 1000 100 0 0
1515 315 100 1000 100 0 0
1655 315 100 1000 100 0 0
1705 315 100 1000 100 0 0
1715 315 100 1000 100 0 0
1725 315 100 1000 100 0 0
1745 315 100 1000 100 0 0
1825 315 100 1000 100 0 0
1845 315 100 1000 100 0 0
1855 315 100 1000 100 0 0
1875 315 100 1000 100 0 0
1895 315 100 1000 100 0 0
1925 315 100 1000 100 0 0
