10
30
10
35
77
30
346
409
860
860
1234
2858
5 5 100 1000 100
25 5 100 1000 100
75 5 100 1000 100
125 5 100 1000 100
155 5 100 1000 100
225 5 100 1000 100
255 5 100 1000 100
405 5 100 1000 100
425 5 100 1000 100
495 5 100 1000 100
535 5 100 1000 100
635 5 100 1000 100
675 5 100 1000 100
705 5 100 1000 100
735 5 100 1000 100
795 5 100 1000 100
825 5 100 1000 100
85 15 100 1000 100
105 15 100 1000 100
365 15 100 1000 100
375 15 100 1000 100
385 15 100 1000 100
395 15 100 1000 100
415 15 100 1000 100
465 15 100 1000 100
505 15 100 1000 100
525 15 100 1000 100
555 15 100 1000 100
565 15 100 1000 100
635 15 100 1000 100
655 15 100 1000 100
715 15 100 1000 100
785 15 100 1000 100
825 15 100 1000 100
85 25 100 1000 100
95 25 100 1000 100
145 25 100 1000 100
185 25 100 1000 100
285 25 100 1000 100
305 25 100 1000 100
335 25 100 1000 100
345 25 100 1000 100
425 25 100 1000 100
525 25 100 1000 100
685 25 100 1000 100
795 25 100 1000 100
835 25 100 1000 100
855 25 100 1000 100
15 35 100 1000 100
35 35 100 1000 100
105 35 100 1000 100
135 35 100 1000 100
245 35 100 1000 100
375 35 100 1000 100
385 35 100 1000 100
465 35 100 1000 100
485 35 100 1000 100
505 35 100 1000 100
565 35 100 1000 100
585 35 100 1000 100
655 35 100 1000 100
705 35 100 1000 100
805 35 100 1000 100
815 35 100 1000 100
825 35 100 1000 100
845 35 100 1000 100
15 45 100 1000 100
25 45 100 1000 100
55 45 100 1000 100
85 45 100 1000 100
105 45 100 1000 100
155 45 100 1000 100
165 45 100 1000 100
195 45 100 1000 100
215 45 100 1000 100
225 45 100 1000 100
255 45 100 1000 100
315 45 100 1000 100
355 45 100 1000 100
365 45 100 1000 100
385 45 100 1000 100
405 45 100 1000 100
445 45 100 1000 100
505 45 100 1000 100
525 45 100 1000 100
555 45 100 1000 100
595 45 100 1000 100
675 45 100 1000 100
725 45 100 1000 100
735 45 100 1000 100
745 45 100 1000 100
805 45 100 1000 100
845 45 100 1000 100
5 55 100 1000 100
35 55 100 1000 100
85 55 100 1000 100
175 55 100 1000 100
275 55 100 1000 100
295 55 100 1000 100
305 55 100 1000 100
345 55 100 1000 100
485 55 100 1000 100
535 55 100 1000 100
565 55 100 1000 100
595 55 100 1000 100
605 55 100 1000 100
615 55 100 1000 100
625 55 100 1000 100
655 55 100 1000 100
725 55 100 1000 100
765 55 100 1000 100
805 55 100 1000 100
845 55 100 1000 100
45 65 100 1000 100
75 65 100 1000 100
85 65 100 1 1
95 65 100 1 1
155 65 100 1000 100
195 65 100 1000 100
205 65 100 1 1
215 65 100 1 1
225 65 100 1000 100
235 65 100 1000 100
255 65 100 1000 100
275 65 100 1000 100
325 65 100 1000 100
385 65 100 1000 100
405 65 100 1 1
415 65 100 1 1
425 65 100 1 1
435 65 100 1 1
445 65 100 1000 100
495 65 100 1000 100
535 65 100 1000 100
575 65 100 1000 100
605 65 100 1000 100
635 65 100 1000 100
645 65 100 1 1
655 65 100 1 1
745 65 100 1 1
755 65 100 1 1
45 75 100 1000 100
85 75 100 1 1
95 75 100 1 1
105 75 100 1000 100
165 75 100 1000 100
185 75 100 1000 100
195 75 100 1000 100
205 75 100 1 1
215 75 100 1 1
305 75 100 1000 100
385 75 100 1000 100
405 75 100 1 1
415 75 100 1 1
425 75 100 1 1
435 75 100 1 1
455 75 100 1000 100
475 75 100 1000 100
515 75 100 1000 100
535 75 100 1000 100
555 75 100 1000 100
615 75 100 1000 100
645 75 100 1 1
655 75 100 1 1
665 75 100 1000 100
695 75 100 1000 100
715 75 100 1000 100
745 75 100 1 1
755 75 100 1 1
785 75 100 1000 100
805 75 100 1000 100
835 75 100 1000 100
855 75 100 1000 100
25 85 100 1000 100
45 85 100 1 1
55 85 100 1 1
105 85 100 1 1
115 85 100 1 1
135 85 100 1000 100
185 85 100 1 1
195 85 100 1 1
235 85 100 1000 100
245 85 100 1 1
255 85 100 1 1
295 85 100 1000 100
325 85 100 1000 100
365 85 100 1 1
375 85 100 1 1
385 85 100 1 1
395 85 100 1 1
405 85 100 1 1
415 85 100 1 1
425 85 100 1 1
435 85 100 1 1
445 85 100 1 1
455 85 100 1 1
465 85 100 1 1
475 85 100 1 1
575 85 100 1000 100
585 85 100 1000 100
605 85 100 1 1
615 85 100 1 1
625 85 100 1000 100
665 85 100 1 1
675 85 100 1 1
695 85 100 1000 100
725 85 100 1 1
735 85 100 1 1
775 85 100 1000 100
785 85 100 1 1
795 85 100 1 1
845 85 100 1000 100
45 95 100 1 1
55 95 100 1 1
105 95 100 1 1
115 95 100 1 1
135 95 100 1000 100
185 95 100 1 1
195 95 100 1 1
245 95 100 1 1
255 95 100 1 1
275 95 100 1000 100
315 95 100 1000 100
365 95 100 1 1
375 95 100 1 1
385 95 100 1 1
395 95 100 1 1
405 95 100 1 1
415 95 100 1 1
425 95 100 1 1
435 95 100 1 1
445 95 100 1 1
455 95 100 1 1
465 95 100 1 1
475 95 100 1 1
565 95 100 1000 100
605 95 100 1 1
615 95 100 1 1
625 95 100 1000 100
665 95 100 1 1
675 95 100 1 1
705 95 100 1000 100
725 95 100 1 1
735 95 100 1 1
785 95 100 1 1
795 95 100 1 1
25 105 100 1000 100
45 105 100 1 1
55 105 100 1 1
85 105 100 1 1
95 105 100 1 1
105 105 100 1 1
115 105 100 1 1
125 105 100 1 1
135 105 100 1 1
145 105 100 1 1
155 105 100 1 1
165 105 100 1 1
175 105 100 1 1
185 105 100 1 1
195 105 100 1 1
205 105 100 1 1
215 105 100 1 1
245 105 100 1 1
255 105 100 1 1
325 105 100 1000 100
335 105 100 1000 100
345 105 100 1 1
355 105 100 1 1
365 105 100 1 1
375 105 100 1 1
385 105 100 1 1
395 105 100 1 1
405 105 100 1 1
415 105 100 1 1
425 105 100 1 1
435 105 100 1 1
445 105 100 1 1
455 105 100 1 1
465 105 100 1 1
475 105 100 1 1
485 105 100 1 1
495 105 100 1 1
595 105 100 1000 100
605 105 100 1 1
615 105 100 1 1
635 105 100 1000 100
645 105 100 1 1
655 105 100 1 1
665 105 100 1 1
675 105 100 1 1
685 105 100 1 1
695 105 100 1 1
705 105 100 1 1
715 105 100 1 1
725 105 100 1 1
735 105 100 1 1
745 105 100 1 1
755 105 100 1 1
785 105 100 1 1
795 105 100 1 1
815 105 100 1000 100
45 115 100 1 1
55 115 100 1 1
65 115 100 1000 100
85 115 100 1 1
95 115 100 1 1
105 115 100 1 1
115 115 100 1 1
125 115 100 1 1
135 115 100 1 1
145 115 100 1 1
155 115 100 1 1
165 115 100 1 1
175 115 100 1 1
185 115 100 1 1
195 115 100 1 1
205 115 100 1 1
215 115 100 1 1
225 115 100 1000 100
235 115 100 1000 100
245 115 100 1 1
255 115 100 1 1
345 115 100 1 1
355 115 100 1 1
365 115 100 1 1
375 115 100 1 1
385 115 100 1 1
395 115 100 1 1
405 115 100 1 1
415 115 100 1 1
425 115 100 1 1
435 115 100 1 1
445 115 100 1 1
455 115 100 1 1
465 115 100 1 1
475 115 100 1 1
485 115 100 1 1
495 115 100 1 1
575 115 100 1000 100
605 115 100 1 1
615 115 100 1 1
625 115 100 1000 100
645 115 100 1 1
655 115 100 1 1
665 115 100 1 1
675 115 100 1 1
685 115 100 1 1
695 115 100 1 1
705 115 100 1 1
715 115 100 1 1
725 115 100 1 1
735 115 100 1 1
745 115 100 1 1
755 115 100 1 1
785 115 100 1 1
795 115 100 1 1
845 115 100 1000 100
45 125 100 1 1
55 125 100 1 1
65 125 100 1 1
75 125 100 1 1
105 125 100 1000 100
125 125 100 1 1
135 125 100 1 1
145 125 100 1 1
155 125 100 1 1
165 125 100 1 1
175 125 100 1 1
205 125 100 1 1
215 125 100 1 1
225 125 100 1 1
235 125 100 1 1
245 125 100 1 1
255 125 100 1 1
325 125 100 1000 100
345 125 100 1 1
355 125 100 1 1
385 125 100 1000 100
405 125 100 1 1
415 125 100 1 1
425 125 100 1 1
435 125 100 1 1
485 125 100 1 1
495 125 100 1 1
545 125 100 1000 100
565 125 100 1000 100
595 125 100 1000 100
605 125 100 1 1
615 125 100 1 1
625 125 100 1 1
635 125 100 1 1
645 125 100 1 1
655 125 100 1 1
685 125 100 1 1
695 125 100 1 1
705 125 100 1 1
715 125 100 1 1
745 125 100 1 1
755 125 100 1 1
765 125 100 1 1
775 125 100 1 1
785 125 100 1 1
795 125 100 1 1
815 125 100 1000 100
825 125 100 1000 100
855 125 100 1000 100
25 135 100 1000 100
45 135 100 1 1
55 135 100 1 1
65 135 100 1 1
75 135 100 1 1
85 135 100 1000 100
125 135 100 1 1
135 135 100 1 1
145 135 100 1 1
155 135 100 1 1
165 135 100 1 1
175 135 100 1 1
205 135 100 1 1
215 135 100 1 1
225 135 100 1 1
235 135 100 1 1
245 135 100 1 1
255 135 100 1 1
275 135 100 1000 100
295 135 100 1000 100
345 135 100 1 1
355 135 100 1 1
405 135 100 1 1
415 135 100 1 1
425 135 100 1 1
435 135 100 1 1
485 135 100 1 1
495 135 100 1 1
505 135 100 1000 100
525 135 100 1000 100
535 135 100 1000 100
545 135 100 1000 100
565 135 100 1000 100
605 135 100 1 1
615 135 100 1 1
625 135 100 1 1
635 135 100 1 1
645 135 100 1 1
655 135 100 1 1
685 135 100 1 1
695 135 100 1 1
705 135 100 1 1
715 135 100 1 1
735 135 100 1000 100
745 135 100 1 1
755 135 100 1 1
765 135 100 1 1
775 135 100 1 1
785 135 100 1 1
795 135 100 1 1
815 135 100 1000 100
825 135 100 1000 100
5 145 100 1000 100
25 145 100 1000 100
45 145 100 1 1
55 145 100 1 1
65 145 100 1 1
75 145 100 1 1
85 145 100 1 1
95 145 100 1 1
105 145 100 1 1
115 145 100 1 1
125 145 100 1 1
135 145 100 1 1
145 145 100 1 1
155 145 100 1 1
165 145 100 1 1
175 145 100 1 1
185 145 100 1 1
195 145 100 1 1
205 145 100 1 1
215 145 100 1 1
225 145 100 1 1
235 145 100 1 1
245 145 100 1 1
255 145 100 1 1
295 145 100 1000 100
345 145 100 1 1
355 145 100 1 1
365 145 100 1 1
375 145 100 1 1
385 145 100 1 1
395 145 100 1 1
405 145 100 1 1
415 145 100 1 1
425 145 100 1 1
435 145 100 1 1
445 145 100 1 1
455 145 100 1 1
465 145 100 1 1
475 145 100 1 1
485 145 100 1 1
495 145 100 1 1
525 145 100 1000 100
565 145 100 1000 100
615 145 100 1000 100
625 145 100 1 1
635 145 100 1 1
645 145 100 1 1
655 145 100 1 1
675 145 100 1000 100
685 145 100 1 1
695 145 100 1 1
705 145 100 1 1
715 145 100 1 1
725 145 100 1000 100
745 145 100 1 1
755 145 100 1 1
765 145 100 1 1
775 145 100 1 1
795 145 100 1000 100
835 145 100 1000 100
45 155 100 1 1
55 155 100 1 1
65 155 100 1 1
75 155 100 1 1
85 155 100 1 1
95 155 100 1 1
105 155 100 1 1
115 155 100 1 1
125 155 100 1 1
135 155 100 1 1
145 155 100 1 1
155 155 100 1 1
165 155 100 1 1
175 155 100 1 1
185 155 100 1 1
195 155 100 1 1
205 155 100 1 1
215 155 100 1 1
225 155 100 1 1
235 155 100 1 1
245 155 100 1 1
255 155 100 1 1
275 155 100 1000 100
315 155 100 1000 100
345 155 100 1 1
355 155 100 1 1
365 155 100 1 1
375 155 100 1 1
385 155 100 1 1
395 155 100 1 1
405 155 100 1 1
415 155 100 1 1
425 155 100 1 1
435 155 100 1 1
445 155 100 1 1
455 155 100 1 1
465 155 100 1 1
475 155 100 1 1
485 155 100 1 1
495 155 100 1 1
535 155 100 1000 100
545 155 100 1000 100
565 155 100 1000 100
605 155 100 1000 100
625 155 100 1 1
635 155 100 1 1
645 155 100 1 1
655 155 100 1 1
675 155 100 1000 100
685 155 100 1 1
695 155 100 1 1
705 155 100 1 1
715 155 100 1 1
745 155 100 1 1
755 155 100 1 1
765 155 100 1 1
775 155 100 1 1
55 165 100 1000 100
65 165 100 1 1
75 165 100 1 1
85 165 100 1 1
95 165 100 1 1
105 165 100 1 1
115 165 100 1 1
125 165 100 1 1
135 165 100 1 1
145 165 100 1 1
155 165 100 1 1
165 165 100 1 1
175 165 100 1 1
185 165 100 1 1
195 165 100 1 1
205 165 100 1 1
215 165 100 1 1
225 165 100 1 1
235 165 100 1 1
345 165 100 1000 100
385 165 100 1 1
395 165 100 1 1
425 165 100 1000 100
435 165 100 1000 100
445 165 100 1 1
455 165 100 1 1
465 165 100 1000 100
505 165 100 1000 100
545 165 100 1000 100
625 165 100 1 1
635 165 100 1 1
645 165 100 1 1
655 165 100 1 1
665 165 100 1 1
675 165 100 1 1
685 165 100 1 1
695 165 100 1 1
705 165 100 1 1
715 165 100 1 1
725 165 100 1 1
735 165 100 1 1
745 165 100 1 1
755 165 100 1 1
765 165 100 1 1
775 165 100 1 1
795 165 100 1000 100
825 165 100 1000 100
25 175 100 1000 100
35 175 100 1000 100
55 175 100 1000 100
65 175 100 1 1
75 175 100 1 1
85 175 100 1 1
95 175 100 1 1
105 175 100 1 1
115 175 100 1 1
125 175 100 1 1
135 175 100 1 1
145 175 100 1 1
155 175 100 1 1
165 175 100 1 1
175 175 100 1 1
185 175 100 1 1
195 175 100 1 1
205 175 100 1 1
215 175 100 1 1
225 175 100 1 1
235 175 100 1 1
285 175 100 1000 100
295 175 100 1000 100
305 175 100 1000 100
385 175 100 1 1
395 175 100 1 1
435 175 100 1000 100
445 175 100 1 1
455 175 100 1 1
515 175 100 1000 100
555 175 100 1000 100
615 175 100 1000 100
625 175 100 1 1
635 175 100 1 1
645 175 100 1 1
655 175 100 1 1
665 175 100 1 1
675 175 100 1 1
685 175 100 1 1
695 175 100 1 1
705 175 100 1 1
715 175 100 1 1
725 175 100 1 1
735 175 100 1 1
745 175 100 1 1
755 175 100 1 1
765 175 100 1 1
775 175 100 1 1
795 175 100 1000 100
855 175 100 1000 100
5 185 100 1000 100
25 185 100 1000 100
85 185 100 1 1
95 185 100 1 1
135 185 100 1000 100
155 185 100 1000 100
195 185 100 1000 100
205 185 100 1 1
215 185 100 1 1
245 185 100 1000 100
275 185 100 1000 100
285 185 100 1000 100
295 185 100 1000 100
365 185 100 1 1
375 185 100 1 1
405 185 100 1 1
415 185 100 1 1
425 185 100 1 1
435 185 100 1 1
455 185 100 1000 100
465 185 100 1 1
475 185 100 1 1
565 185 100 1000 100
605 185 100 1000 100
615 185 100 1000 100
625 185 100 1 1
635 185 100 1 1
665 185 100 1 1
675 185 100 1 1
725 185 100 1 1
735 185 100 1 1
745 185 100 1000 100
765 185 100 1 1
775 185 100 1 1
845 185 100 1000 100
15 195 100 1000 100
45 195 100 1000 100
85 195 100 1 1
95 195 100 1 1
105 195 100 1000 100
155 195 100 1000 100
165 195 100 1000 100
205 195 100 1 1
215 195 100 1 1
245 195 100 1000 100
295 195 100 1000 100
315 195 100 1000 100
325 195 100 1000 100
335 195 100 1000 100
345 195 100 1000 100
365 195 100 1 1
375 195 100 1 1
405 195 100 1 1
415 195 100 1 1
425 195 100 1 1
435 195 100 1 1
465 195 100 1 1
475 195 100 1 1
535 195 100 1000 100
575 195 100 1000 100
585 195 100 1000 100
625 195 100 1 1
635 195 100 1 1
665 195 100 1 1
675 195 100 1 1
725 195 100 1 1
735 195 100 1 1
745 195 100 1000 100
765 195 100 1 1
775 195 100 1 1
795 195 100 1000 100
65 205 100 1 1
75 205 100 1 1
205 205 100 1000 100
225 205 100 1 1
235 205 100 1 1
285 205 100 1000 100
345 205 100 1 1
355 205 100 1 1
395 205 100 1000 100
405 205 100 1000 100
425 205 100 1000 100
475 205 100 1000 100
485 205 100 1 1
495 205 100 1 1
605 205 100 1 1
615 205 100 1 1
625 205 100 1 1
635 205 100 1 1
665 205 100 1000 100
735 205 100 1000 100
765 205 100 1 1
775 205 100 1 1
785 205 100 1 1
795 205 100 1 1
815 205 100 1000 100
855 205 100 1000 100
5 215 100 1000 100
15 215 100 1000 100
45 215 100 1000 100
55 215 100 1000 100
65 215 100 1 1
75 215 100 1 1
85 215 100 1000 100
115 215 100 1000 100
135 215 100 1000 100
155 215 100 1000 100
205 215 100 1000 100
225 215 100 1 1
235 215 100 1 1
245 215 100 1000 100
345 215 100 1 1
355 215 100 1 1
375 215 100 1000 100
405 215 100 1000 100
415 215 100 1000 100
435 215 100 1000 100
455 215 100 1000 100
465 215 100 1000 100
485 215 100 1 1
495 215 100 1 1
505 215 100 1000 100
515 215 100 1000 100
555 215 100 1000 100
585 215 100 1000 100
605 215 100 1 1
615 215 100 1 1
625 215 100 1 1
635 215 100 1 1
675 215 100 1000 100
695 215 100 1000 100
705 215 100 1000 100
765 215 100 1 1
775 215 100 1 1
785 215 100 1 1
795 215 100 1 1
15 225 100 1000 100
35 225 100 1000 100
55 225 100 1000 100
85 225 100 1000 100
205 225 100 1000 100
245 225 100 1000 100
275 225 100 1000 100
295 225 100 1000 100
305 225 100 1000 100
365 225 100 1000 100
415 225 100 1000 100
425 225 100 1000 100
445 225 100 1000 100
485 225 100 1000 100
525 225 100 1000 100
535 225 100 1000 100
645 225 100 1000 100
655 225 100 1000 100
725 225 100 1000 100
765 225 100 1000 100
795 225 100 1000 100
805 225 100 1000 100
25 235 100 1000 100
95 235 100 1000 100
105 235 100 1000 100
125 235 100 1000 100
145 235 100 1000 100
185 235 100 1000 100
195 235 100 1000 100
265 235 100 1000 100
375 235 100 1000 100
425 235 100 1000 100
475 235 100 1000 100
625 235 100 1000 100
655 235 100 1000 100
665 235 100 1000 100
695 235 100 1000 100
765 235 100 1000 100
795 235 100 1000 100
55 245 100 1000 100
65 245 100 1000 100
115 245 100 1000 100
205 245 100 1000 100
445 245 100 1000 100
455 245 100 1000 100
525 245 100 1000 100
575 245 100 1000 100
585 245 100 1000 100
655 245 100 1000 100
765 245 100 1000 100
845 245 100 1000 100
45 255 100 1000 100
55 255 100 1000 100
135 255 100 1000 100
225 255 100 1000 100
265 255 100 1000 100
325 255 100 1000 100
335 255 100 1000 100
365 255 100 1000 100
375 255 100 1000 100
385 255 100 1000 100
505 255 100 1000 100
585 255 100 1000 100
705 255 100 1000 100
725 255 100 1000 100
775 255 100 1000 100
805 255 100 1000 100
65 265 100 1000 100
75 265 100 1000 100
95 265 100 1000 100
105 265 100 1000 100
155 265 100 1000 100
165 265 100 1000 100
175 265 100 1000 100
215 265 100 1000 100
225 265 100 1000 100
275 265 100 1000 100
315 265 100 1000 100
355 265 100 1000 100
365 265 100 1000 100
385 265 100 1000 100
505 265 100 1000 100
515 265 100 1000 100
555 265 100 1000 100
575 265 100 1000 100
615 265 100 1000 100
635 265 100 1000 100
655 265 100 1000 100
685 265 100 1000 100
695 265 100 1000 100
725 265 100 1000 100
735 265 100 1000 100
755 265 100 1000 100
775 265 100 1000 100
835 265 100 1000 100
25 275 100 1000 100
115 275 100 1000 100
125 275 100 1000 100
135 275 100 1000 100
145 275 100 1000 100
225 275 100 1000 100
235 275 100 1000 100
305 275 100 1000 100
355 275 100 1000 100
375 275 100 1000 100
385 275 100 1000 100
395 275 100 1000 100
405 275 100 1000 100
475 275 100 1000 100
535 275 100 1000 100
555 275 100 1000 100
635 275 100 1000 100
725 275 100 1000 100
735 275 100 1000 100
765 275 100 1000 100
795 275 100 1000 100
805 275 100 1000 100
15 285 100 1000 100
75 285 100 1000 100
95 285 100 1000 100
125 285 100 1000 100
135 285 100 1000 100
175 285 100 1000 100
195 285 100 1000 100
215 285 100 1000 100
245 285 100 1000 100
305 285 100 1000 100
325 285 100 1000 100
345 285 100 1000 100
375 285 100 1000 100
425 285 100 1000 100
495 285 100 1000 100
515 285 100 1000 100
545 285 100 1000 100
555 285 100 1000 100
645 285 100 1000 100
705 285 100 1000 100
745 285 100 1000 100
815 285 100 1000 100
5 295 100 1000 100
25 295 100 1000 100
35 295 100 1000 100
95 295 100 1000 100
155 295 100 1000 100
265 295 100 1000 100
285 295 100 1000 100
345 295 100 1000 100
435 295 100 1000 100
505 295 100 1000 100
525 295 100 1000 100
545 295 100 1000 100
555 295 100 1000 100
575 295 100 1000 100
615 295 100 1000 100
625 295 100 1000 100
665 295 100 1000 100
675 295 100 1000 100
725 295 100 1000 100
735 295 100 1000 100
765 295 100 1000 100
795 295 100 1000 100
35 305 100 1000 100
55 305 100 1000 100
75 305 100 1000 100
85 305 100 1000 100
155 305 100 1000 100
185 305 100 1000 100
235 305 100 1000 100
265 305 100 1000 100
285 305 100 1000 100
355 305 100 1000 100
385 305 100 1000 100
395 305 100 1000 100
435 305 100 1000 100
445 305 100 1000 100
465 305 100 1000 100
495 305 100 1000 100
555 305 100 1000 100
625 305 100 1000 100
635 305 100 1000 100
645 305 100 1000 100
655 305 100 1000 100
805 305 100 1000 100
845 305 100 1000 100
5 315 100 1000 100
85 315 100 1000 100
145 315 100 1000 100
205 315 100 1000 100
265 315 100 1000 100
305 315 100 1000 100
355 315 100 1000 100
415 315 100 1000 100
515 315 100 1000 100
645 315 100 1000 100
675 315 100 1000 100
725 315 100 1000 100
745 315 100 1000 100
845 315 100 1000 100
855 315 100 1000 100
15 325 100 1000 100
65 325 100 1000 100
75 325 100 1000 100
245 325 100 1000 100
355 325 100 1000 100
385 325 100 1000 100
395 325 100 1000 100
465 325 100 1000 100
495 325 100 1000 100
515 325 100 1000 100
565 325 100 1000 100
605 325 100 1000 100
665 325 100 1000 100
685 325 100 1000 100
705 325 100 1000 100
735 325 100 1000 100
755 325 100 1000 100
795 325 100 1000 100
805 325 100 1000 100
815 325 100 1000 100
825 325 100 1000 100
25 335 100 1000 100
45 335 100 1000 100
75 335 100 1000 100
165 335 100 1000 100
325 335 100 1000 100
375 335 100 1000 100
425 335 100 1000 100
535 335 100 1000 100
715 335 100 1000 100
725 335 100 1000 100
735 335 100 1000 100
745 335 100 1000 100
85 345 100 1 1
95 345 100 1 1
105 345 100 1 1
115 345 100 1 1
125 345 100 1 1
135 345 100 1 1
145 345 100 1 1
155 345 100 1 1
165 345 100 1 1
175 345 100 1 1
185 345 100 1 1
195 345 100 1 1
245 345 100 1000 100
255 345 100 1000 100
265 345 100 1000 100
345 345 100 1 1
355 345 100 1 1
375 345 100 1000 100
385 345 100 1000 100
395 345 100 1000 100
435 345 100 1000 100
445 345 100 1000 100
465 345 100 1 1
475 345 100 1 1
565 345 100 1000 100
585 345 100 1000 100
615 345 100 1000 100
655 345 100 1000 100
685 345 100 1 1
695 345 100 1 1
705 345 100 1 1
715 345 100 1 1
725 345 100 1000 100
735 345 100 1000 100
745 345 100 1000 100
825 345 100 1000 100
15 355 100 1000 100
45 355 100 1000 100
55 355 100 1000 100
85 355 100 1 1
95 355 100 1 1
105 355 100 1 1
115 355 100 1 1
125 355 100 1 1
135 355 100 1 1
145 355 100 1 1
155 355 100 1 1
165 355 100 1 1
175 355 100 1 1
185 355 100 1 1
195 355 100 1 1
215 355 100 1000 100
265 355 100 1000 100
315 355 100 1000 100
335 355 100 1000 100
345 355 100 1 1
355 355 100 1 1
375 355 100 1000 100
465 355 100 1 1
475 355 100 1 1
495 355 100 1000 100
665 355 100 1000 100
685 355 100 1 1
695 355 100 1 1
705 355 100 1 1
715 355 100 1 1
735 355 100 1000 100
775 355 100 1000 100
785 355 100 1000 100
795 355 100 1000 100
835 355 100 1000 100
845 355 100 1000 100
25 365 100 1000 100
45 365 100 1000 100
65 365 100 1 1
75 365 100 1 1
85 365 100 1 1
95 365 100 1 1
105 365 100 1 1
115 365 100 1 1
125 365 100 1 1
135 365 100 1 1
145 365 100 1 1
155 365 100 1 1
165 365 100 1 1
175 365 100 1 1
185 365 100 1 1
195 365 100 1 1
205 365 100 1 1
215 365 100 1 1
305 365 100 1000 100
345 365 100 1 1
355 365 100 1 1
365 365 100 1 1
375 365 100 1 1
395 365 100 1000 100
445 365 100 1 1
455 365 100 1 1
465 365 100 1 1
475 365 100 1 1
485 365 100 1000 100
495 365 100 1000 100
505 365 100 1000 100
535 365 100 1000 100
545 365 100 1000 100
585 365 100 1000 100
665 365 100 1 1
675 365 100 1 1
685 365 100 1 1
695 365 100 1 1
705 365 100 1 1
715 365 100 1 1
725 365 100 1 1
735 365 100 1 1
755 365 100 1000 100
785 365 100 1000 100
825 365 100 1000 100
845 365 100 1000 100
35 375 100 1000 100
55 375 100 1000 100
65 375 100 1 1
75 375 100 1 1
85 375 100 1 1
95 375 100 1 1
105 375 100 1 1
115 375 100 1 1
125 375 100 1 1
135 375 100 1 1
145 375 100 1 1
155 375 100 1 1
165 375 100 1 1
175 375 100 1 1
185 375 100 1 1
195 375 100 1 1
205 375 100 1 1
215 375 100 1 1
245 375 100 1000 100
265 375 100 1000 100
295 375 100 1000 100
325 375 100 1000 100
345 375 100 1 1
355 375 100 1 1
365 375 100 1 1
375 375 100 1 1
395 375 100 1000 100
415 375 100 1000 100
435 375 100 1000 100
445 375 100 1 1
455 375 100 1 1
465 375 100 1 1
475 375 100 1 1
505 375 100 1000 100
515 375 100 1000 100
595 375 100 1000 100
625 375 100 1000 100
645 375 100 1000 100
665 375 100 1 1
675 375 100 1 1
685 375 100 1 1
695 375 100 1 1
705 375 100 1 1
715 375 100 1 1
725 375 100 1 1
735 375 100 1 1
845 375 100 1000 100
45 385 100 1 1
55 385 100 1 1
65 385 100 1 1
75 385 100 1 1
125 385 100 1 1
135 385 100 1 1
145 385 100 1000 100
155 385 100 1000 100
175 385 100 1000 100
185 385 100 1000 100
195 385 100 1000 100
205 385 100 1 1
215 385 100 1 1
225 385 100 1 1
235 385 100 1 1
245 385 100 1000 100
275 385 100 1000 100
285 385 100 1000 100
345 385 100 1 1
355 385 100 1 1
365 385 100 1 1
375 385 100 1 1
385 385 100 1 1
395 385 100 1 1
405 385 100 1 1
415 385 100 1 1
425 385 100 1 1
435 385 100 1 1
445 385 100 1 1
455 385 100 1 1
465 385 100 1 1
475 385 100 1 1
505 385 100 1000 100
555 385 100 1000 100
575 385 100 1000 100
595 385 100 1000 100
625 385 100 1000 100
645 385 100 1 1
655 385 100 1 1
665 385 100 1 1
675 385 100 1 1
685 385 100 1 1
695 385 100 1 1
705 385 100 1 1
715 385 100 1 1
725 385 100 1 1
735 385 100 1 1
745 385 100 1 1
755 385 100 1 1
5 395 100 1000 100
15 395 100 1000 100
45 395 100 1 1
55 395 100 1 1
65 395 100 1 1
75 395 100 1 1
115 395 100 1000 100
125 395 100 1 1
135 395 100 1 1
185 395 100 1000 100
205 395 100 1 1
215 395 100 1 1
225 395 100 1 1
235 395 100 1 1
335 395 100 1000 100
345 395 100 1 1
355 395 100 1 1
365 395 100 1 1
375 395 100 1 1
385 395 100 1 1
395 395 100 1 1
405 395 100 1 1
415 395 100 1 1
425 395 100 1 1
435 395 100 1 1
445 395 100 1 1
455 395 100 1 1
465 395 100 1 1
475 395 100 1 1
485 395 100 1000 100
495 395 100 1000 100
525 395 100 1000 100
595 395 100 1000 100
645 395 100 1 1
655 395 100 1 1
665 395 100 1 1
675 395 100 1 1
685 395 100 1 1
695 395 100 1 1
705 395 100 1 1
715 395 100 1 1
725 395 100 1 1
735 395 100 1 1
745 395 100 1 1
755 395 100 1 1
785 395 100 1000 100
825 395 100 1000 100
45 405 100 1 1
55 405 100 1 1
65 405 100 1 1
75 405 100 1 1
85 405 100 1 1
95 405 100 1 1
105 405 100 1 1
115 405 100 1 1
125 405 100 1 1
135 405 100 1 1
145 405 100 1 1
155 405 100 1 1
165 405 100 1 1
175 405 100 1 1
185 405 100 1 1
195 405 100 1 1
205 405 100 1 1
215 405 100 1 1
225 405 100 1 1
235 405 100 1 1
325 405 100 1 1
335 405 100 1 1
345 405 100 1 1
355 405 100 1 1
385 405 100 1 1
395 405 100 1 1
405 405 100 1 1
415 405 100 1 1
425 405 100 1 1
435 405 100 1 1
465 405 100 1 1
475 405 100 1 1
485 405 100 1 1
495 405 100 1 1
525 405 100 1000 100
595 405 100 1000 100
625 405 100 1 1
635 405 100 1 1
645 405 100 1 1
655 405 100 1 1
685 405 100 1 1
695 405 100 1 1
705 405 100 1 1
715 405 100 1 1
745 405 100 1 1
755 405 100 1 1
765 405 100 1 1
775 405 100 1 1
785 405 100 1000 100
795 405 100 1000 100
805 405 100 1000 100
815 405 100 1000 100
825 405 100 1000 100
845 405 100 1000 100
5 415 100 1000 100
15 415 100 1000 100
45 415 100 1 1
55 415 100 1 1
65 415 100 1 1
75 415 100 1 1
85 415 100 1 1
95 415 100 1 1
105 415 100 1 1
115 415 100 1 1
125 415 100 1 1
135 415 100 1 1
145 415 100 1 1
155 415 100 1 1
165 415 100 1 1
175 415 100 1 1
185 415 100 1 1
195 415 100 1 1
205 415 100 1 1
215 415 100 1 1
225 415 100 1 1
235 415 100 1 1
245 415 100 1000 100
325 415 100 1 1
335 415 100 1 1
345 415 100 1 1
355 415 100 1 1
385 415 100 1 1
395 415 100 1 1
405 415 100 1 1
415 415 100 1 1
425 415 100 1 1
435 415 100 1 1
445 415 100 1000 100
465 415 100 1 1
475 415 100 1 1
485 415 100 1 1
495 415 100 1 1
555 415 100 1000 100
575 415 100 1000 100
615 415 100 1000 100
625 415 100 1 1
635 415 100 1 1
645 415 100 1 1
655 415 100 1 1
685 415 100 1 1
695 415 100 1 1
705 415 100 1 1
715 415 100 1 1
745 415 100 1 1
755 415 100 1 1
765 415 100 1 1
775 415 100 1 1
805 415 100 1000 100
5 425 100 1000 100
75 425 100 1000 100
95 425 100 1000 100
105 425 100 1 1
115 425 100 1 1
125 425 100 1 1
135 425 100 1 1
145 425 100 1 1
155 425 100 1 1
195 425 100 1000 100
265 425 100 1000 100
285 425 100 1000 100
305 425 100 1 1
315 425 100 1 1
325 425 100 1 1
335 425 100 1 1
345 425 100 1 1
355 425 100 1 1
365 425 100 1 1
375 425 100 1 1
385 425 100 1 1
395 425 100 1 1
405 425 100 1 1
415 425 100 1 1
425 425 100 1 1
435 425 100 1 1
445 425 100 1 1
455 425 100 1 1
465 425 100 1 1
475 425 100 1 1
485 425 100 1 1
495 425 100 1 1
505 425 100 1 1
515 425 100 1 1
605 425 100 1000 100
625 425 100 1 1
635 425 100 1 1
645 425 100 1 1
655 425 100 1 1
665 425 100 1 1
675 425 100 1 1
685 425 100 1 1
695 425 100 1 1
705 425 100 1 1
715 425 100 1 1
725 425 100 1 1
735 425 100 1 1
745 425 100 1 1
755 425 100 1 1
765 425 100 1 1
775 425 100 1 1
795 425 100 1000 100
805 425 100 1000 100
35 435 100 1000 100
55 435 100 1000 100
65 435 100 1000 100
105 435 100 1 1
115 435 100 1 1
125 435 100 1 1
135 435 100 1 1
145 435 100 1 1
155 435 100 1 1
165 435 100 1000 100
255 435 100 1000 100
285 435 100 1000 100
305 435 100 1 1
315 435 100 1 1
325 435 100 1 1
335 435 100 1 1
345 435 100 1 1
355 435 100 1 1
365 435 100 1 1
375 435 100 1 1
385 435 100 1 1
395 435 100 1 1
405 435 100 1 1
415 435 100 1 1
425 435 100 1 1
435 435 100 1 1
445 435 100 1 1
455 435 100 1 1
465 435 100 1 1
475 435 100 1 1
485 435 100 1 1
495 435 100 1 1
505 435 100 1 1
515 435 100 1 1
585 435 100 1000 100
605 435 100 1000 100
625 435 100 1 1
635 435 100 1 1
645 435 100 1 1
655 435 100 1 1
665 435 100 1 1
675 435 100 1 1
685 435 100 1 1
695 435 100 1 1
705 435 100 1 1
715 435 100 1 1
725 435 100 1 1
735 435 100 1 1
745 435 100 1 1
755 435 100 1 1
765 435 100 1 1
775 435 100 1 1
815 435 100 1000 100
5 445 100 1000 100
35 445 100 1000 100
75 445 100 1000 100
85 445 100 1 1
95 445 100 1 1
155 445 100 1000 100
165 445 100 1 1
175 445 100 1 1
305 445 100 1 1
315 445 100 1 1
335 445 100 1000 100
345 445 100 1 1
355 445 100 1 1
365 445 100 1 1
375 445 100 1 1
385 445 100 1 1
395 445 100 1 1
405 445 100 1 1
415 445 100 1 1
425 445 100 1 1
435 445 100 1 1
445 445 100 1 1
455 445 100 1 1
465 445 100 1 1
475 445 100 1 1
485 445 100 1000 100
505 445 100 1 1
515 445 100 1 1
565 445 100 1000 100
605 445 100 1000 100
635 445 100 1000 100
655 445 100 1000 100
665 445 100 1 1
675 445 100 1 1
685 445 100 1000 100
725 445 100 1 1
735 445 100 1 1
745 445 100 1000 100
775 445 100 1000 100
835 445 100 1000 100
25 455 100 1000 100
75 455 100 1000 100
85 455 100 1 1
95 455 100 1 1
165 455 100 1 1
175 455 100 1 1
195 455 100 1000 100
245 455 100 1000 100
255 455 100 1000 100
285 455 100 1000 100
305 455 100 1 1
315 455 100 1 1
345 455 100 1 1
355 455 100 1 1
365 455 100 1 1
375 455 100 1 1
385 455 100 1 1
395 455 100 1 1
405 455 100 1 1
415 455 100 1 1
425 455 100 1 1
435 455 100 1 1
445 455 100 1 1
455 455 100 1 1
465 455 100 1 1
475 455 100 1 1
505 455 100 1 1
515 455 100 1 1
545 455 100 1000 100
595 455 100 1000 100
625 455 100 1000 100
655 455 100 1000 100
665 455 100 1 1
675 455 100 1 1
695 455 100 1000 100
725 455 100 1 1
735 455 100 1 1
745 455 100 1000 100
825 455 100 1000 100
65 465 100 1 1
75 465 100 1 1
115 465 100 1000 100
135 465 100 1000 100
145 465 100 1000 100
185 465 100 1 1
195 465 100 1 1
205 465 100 1 1
215 465 100 1 1
305 465 100 1 1
315 465 100 1 1
345 465 100 1 1
355 465 100 1 1
365 465 100 1000 100
405 465 100 1000 100
415 465 100 1000 100
465 465 100 1 1
475 465 100 1 1
505 465 100 1 1
515 465 100 1 1
585 465 100 1000 100
615 465 100 1000 100
645 465 100 1 1
655 465 100 1 1
685 465 100 1 1
695 465 100 1 1
705 465 100 1 1
715 465 100 1 1
745 465 100 1 1
755 465 100 1 1
785 465 100 1000 100
815 465 100 1000 100
825 465 100 1000 100
835 465 100 1000 100
855 465 100 1000 100
65 475 100 1 1
75 475 100 1 1
85 475 100 1000 100
185 475 100 1 1
195 475 100 1 1
205 475 100 1 1
215 475 100 1 1
235 475 100 1000 100
305 475 100 1 1
315 475 100 1 1
345 475 100 1 1
355 475 100 1 1
445 475 100 1000 100
465 475 100 1 1
475 475 100 1 1
505 475 100 1 1
515 475 100 1 1
615 475 100 1000 100
645 475 100 1 1
655 475 100 1 1
665 475 100 1000 100
675 475 100 1000 100
685 475 100 1 1
695 475 100 1 1
705 475 100 1 1
715 475 100 1 1
735 475 100 1000 100
745 475 100 1 1
755 475 100 1 1
775 475 100 1000 100
805 475 100 1000 100
825 475 100 1000 100
835 475 100 1000 100
845 475 100 1000 100
5 485 100 1000 100
45 485 100 1 1
55 485 100 1 1
75 485 100 1000 100
85 485 100 1000 100
145 485 100 1000 100
165 485 100 1000 100
195 485 100 1000 100
205 485 100 1000 100
225 485 100 1 1
235 485 100 1 1
275 485 100 1000 100
345 485 100 1000 100
365 485 100 1 1
375 485 100 1 1
385 485 100 1 1
395 485 100 1 1
425 485 100 1 1
435 485 100 1 1
445 485 100 1 1
455 485 100 1 1
465 485 100 1000 100
615 485 100 1000 100
625 485 100 1 1
635 485 100 1 1
655 485 100 1000 100
665 485 100 1 1
675 485 100 1 1
715 485 100 1000 100
725 485 100 1 1
735 485 100 1 1
745 485 100 1000 100
765 485 100 1 1
775 485 100 1 1
845 485 100 1000 100
25 495 100 1000 100
35 495 100 1000 100
45 495 100 1 1
55 495 100 1 1
65 495 100 1000 100
115 495 100 1000 100
165 495 100 1000 100
175 495 100 1000 100
205 495 100 1000 100
225 495 100 1 1
235 495 100 1 1
275 495 100 1000 100
345 495 100 1000 100
365 495 100 1 1
375 495 100 1 1
385 495 100 1 1
395 495 100 1 1
425 495 100 1 1
435 495 100 1 1
445 495 100 1 1
455 495 100 1 1
495 495 100 1000 100
585 495 100 1000 100
625 495 100 1 1
635 495 100 1 1
665 495 100 1 1
675 495 100 1 1
685 495 100 1000 100
725 495 100 1 1
735 495 100 1 1
745 495 100 1000 100
765 495 100 1 1
775 495 100 1 1
785 495 100 1000 100
795 495 100 1000 100
35 505 100 1000 100
55 505 100 1000 100
65 505 100 1000 100
95 505 100 1000 100
125 505 100 1000 100
185 505 100 1000 100
235 505 100 1000 100
265 505 100 1000 100
295 505 100 1000 100
305 505 100 1000 100
345 505 100 1000 100
385 505 100 1000 100
435 505 100 1000 100
455 505 100 1000 100
475 505 100 1000 100
575 505 100 1000 100
595 505 100 1000 100
605 505 100 1000 100
675 505 100 1000 100
685 505 100 1000 100
705 505 100 1000 100
725 505 100 1000 100
735 505 100 1000 100
765 505 100 1000 100
775 505 100 1000 100
785 505 100 1000 100
815 505 100 1000 100
5 515 100 1000 100
15 515 100 1000 100
35 515 100 1000 100
95 515 100 1000 100
195 515 100 1000 100
205 515 100 1000 100
285 515 100 1000 100
315 515 100 1000 100
325 515 100 1000 100
335 515 100 1000 100
375 515 100 1000 100
385 515 100 1000 100
395 515 100 1000 100
455 515 100 1000 100
465 515 100 1000 100
475 515 100 1000 100
485 515 100 1000 100
495 515 100 1000 100
505 515 100 1000 100
615 515 100 1000 100
645 515 100 1000 100
705 515 100 1000 100
725 515 100 1000 100
755 515 100 1000 100
775 515 100 1000 100
785 515 100 1000 100
795 515 100 1000 100
815 515 100 1000 100
845 515 100 1000 100
855 515 100 1000 100
65 525 100 1000 100
115 525 100 1000 100
135 525 100 1000 100
245 525 100 1000 100
265 525 100 1000 100
355 525 100 1000 100
455 525 100 1000 100
485 525 100 1000 100
595 525 100 1000 100
625 525 100 1000 100
665 525 100 1000 100
805 525 100 1000 100
815 525 100 1000 100
95 535 100 1000 100
105 535 100 1000 100
165 535 100 1000 100
185 535 100 1000 100
195 535 100 1000 100
215 535 100 1000 100
255 535 100 1000 100
335 535 100 1000 100
345 535 100 1000 100
375 535 100 1000 100
395 535 100 1000 100
495 535 100 1000 100
515 535 100 1000 100
565 535 100 1000 100
625 535 100 1000 100
705 535 100 1000 100
725 535 100 1000 100
765 535 100 1000 100
775 535 100 1000 100
785 535 100 1000 100
815 535 100 1000 100
855 535 100 1000 100
15 545 100 1000 100
35 545 100 1000 100
95 545 100 1000 100
105 545 100 1000 100
315 545 100 1000 100
375 545 100 1000 100
495 545 100 1000 100
615 545 100 1000 100
635 545 100 1000 100
685 545 100 1000 100
755 545 100 1000 100
805 545 100 1000 100
845 545 100 1000 100
5 555 100 1000 100
15 555 100 1000 100
65 555 100 1000 100
85 555 100 1000 100
215 555 100 1000 100
225 555 100 1000 100
235 555 100 1000 100
335 555 100 1000 100
355 555 100 1000 100
375 555 100 1000 100
405 555 100 1000 100
455 555 100 1000 100
485 555 100 1000 100
505 555 100 1000 100
525 555 100 1000 100
535 555 100 1000 100
555 555 100 1000 100
565 555 100 1000 100
625 555 100 1000 100
645 555 100 1000 100
655 555 100 1000 100
795 555 100 1000 100
25 565 100 1000 100
45 565 100 1000 100
65 565 100 1000 100
75 565 100 1000 100
85 565 100 1000 100
145 565 100 1000 100
205 565 100 1000 100
215 565 100 1000 100
325 565 100 1000 100
345 565 100 1000 100
385 565 100 1000 100
415 565 100 1000 100
455 565 100 1000 100
525 565 100 1000 100
535 565 100 1000 100
595 565 100 1000 100
645 565 100 1000 100
675 565 100 1000 100
705 565 100 1000 100
725 565 100 1000 100
775 565 100 1000 100
835 565 100 1000 100
5 575 100 1000 100
45 575 100 1000 100
65 575 100 1000 100
75 575 100 1000 100
115 575 100 1000 100
165 575 100 1000 100
245 575 100 1000 100
365 575 100 1000 100
435 575 100 1000 100
465 575 100 1000 100
545 575 100 1000 100
585 575 100 1000 100
615 575 100 1000 100
625 575 100 1000 100
695 575 100 1000 100
725 575 100 1000 100
755 575 100 1000 100
55 585 100 1000 100
75 585 100 1000 100
85 585 100 1000 100
135 585 100 1000 100
255 585 100 1000 100
285 585 100 1000 100
385 585 100 1000 100
445 585 100 1000 100
455 585 100 1000 100
475 585 100 1000 100
505 585 100 1000 100
715 585 100 1000 100
745 585 100 1000 100
805 585 100 1000 100
5 595 100 1000 100
95 595 100 1000 100
125 595 100 1000 100
135 595 100 1000 100
185 595 100 1000 100
215 595 100 1000 100
275 595 100 1000 100
345 595 100 1000 100
365 595 100 1000 100
485 595 100 1000 100
495 595 100 1000 100
505 595 100 1000 100
535 595 100 1000 100
545 595 100 1000 100
635 595 100 1000 100
655 595 100 1000 100
825 595 100 1000 100
5 605 100 1000 100
35 605 100 1000 100
95 605 100 1000 100
135 605 100 1000 100
185 605 100 1000 100
225 605 100 1000 100
235 605 100 1000 100
265 605 100 1000 100
275 605 100 1000 100
345 605 100 1000 100
385 605 100 1 1
395 605 100 1 1
445 605 100 1 1
455 605 100 1 1
475 605 100 1000 100
505 605 100 1000 100
535 605 100 1000 100
585 605 100 1000 100
595 605 100 1000 100
665 605 100 1 1
675 605 100 1 1
685 605 100 1 1
695 605 100 1 1
705 605 100 1 1
715 605 100 1 1
725 605 100 1 1
735 605 100 1 1
785 605 100 1000 100
795 605 100 1000 100
825 605 100 1000 100
835 605 100 1000 100
845 605 100 1000 100
55 615 100 1000 100
65 615 100 1000 100
75 615 100 1000 100
95 615 100 1000 100
135 615 100 1000 100
155 615 100 1000 100
165 615 100 1000 100
205 615 100 1000 100
295 615 100 1000 100
325 615 100 1000 100
335 615 100 1000 100
385 615 100 1 1
395 615 100 1 1
445 615 100 1 1
455 615 100 1 1
495 615 100 1000 100
555 615 100 1000 100
605 615 100 1000 100
615 615 100 1000 100
635 615 100 1000 100
665 615 100 1 1
675 615 100 1 1
685 615 100 1 1
695 615 100 1 1
705 615 100 1 1
715 615 100 1 1
725 615 100 1 1
735 615 100 1 1
775 615 100 1000 100
795 615 100 1000 100
45 625 100 1000 100
105 625 100 1 1
115 625 100 1 1
125 625 100 1000 100
135 625 100 1000 100
165 625 100 1 1
175 625 100 1 1
205 625 100 1000 100
305 625 100 1000 100
405 625 100 1 1
415 625 100 1 1
425 625 100 1 1
435 625 100 1 1
475 625 100 1000 100
495 625 100 1000 100
545 625 100 1000 100
565 625 100 1000 100
605 625 100 1 1
615 625 100 1 1
625 625 100 1 1
635 625 100 1 1
645 625 100 1 1
655 625 100 1 1
665 625 100 1 1
675 625 100 1 1
685 625 100 1 1
695 625 100 1 1
705 625 100 1 1
715 625 100 1 1
725 625 100 1 1
735 625 100 1 1
745 625 100 1 1
755 625 100 1 1
765 625 100 1 1
775 625 100 1 1
785 625 100 1 1
795 625 100 1 1
815 625 100 1000 100
825 625 100 1000 100
835 625 100 1000 100
855 625 100 1000 100
95 635 100 1000 100
105 635 100 1 1
115 635 100 1 1
145 635 100 1000 100
165 635 100 1 1
175 635 100 1 1
275 635 100 1000 100
285 635 100 1000 100
335 635 100 1000 100
355 635 100 1000 100
395 635 100 1000 100
405 635 100 1 1
415 635 100 1 1
425 635 100 1 1
435 635 100 1 1
445 635 100 1000 100
465 635 100 1000 100
485 635 100 1000 100
515 635 100 1000 100
525 635 100 1000 100
545 635 100 1000 100
565 635 100 1000 100
605 635 100 1 1
615 635 100 1 1
625 635 100 1 1
635 635 100 1 1
645 635 100 1 1
655 635 100 1 1
665 635 100 1 1
675 635 100 1 1
685 635 100 1 1
695 635 100 1 1
705 635 100 1 1
715 635 100 1 1
725 635 100 1 1
735 635 100 1 1
745 635 100 1 1
755 635 100 1 1
765 635 100 1 1
775 635 100 1 1
785 635 100 1 1
795 635 100 1 1
825 635 100 1000 100
65 645 100 1000 100
85 645 100 1 1
95 645 100 1 1
105 645 100 1 1
115 645 100 1 1
125 645 100 1 1
135 645 100 1 1
145 645 100 1 1
155 645 100 1 1
165 645 100 1 1
175 645 100 1 1
185 645 100 1 1
195 645 100 1 1
225 645 100 1000 100
345 645 100 1 1
355 645 100 1 1
375 645 100 1000 100
385 645 100 1 1
395 645 100 1 1
405 645 100 1 1
415 645 100 1 1
425 645 100 1 1
435 645 100 1 1
445 645 100 1 1
455 645 100 1 1
465 645 100 1000 100
485 645 100 1 1
495 645 100 1 1
515 645 100 1000 100
535 645 100 1000 100
585 645 100 1 1
595 645 100 1 1
605 645 100 1 1
615 645 100 1 1
625 645 100 1 1
635 645 100 1 1
645 645 100 1 1
655 645 100 1 1
665 645 100 1 1
675 645 100 1 1
685 645 100 1 1
695 645 100 1 1
705 645 100 1 1
715 645 100 1 1
725 645 100 1 1
735 645 100 1 1
745 645 100 1 1
755 645 100 1 1
765 645 100 1 1
775 645 100 1 1
785 645 100 1 1
795 645 100 1 1
805 645 100 1 1
815 645 100 1 1
835 645 100 1000 100
5 655 100 1000 100
85 655 100 1 1
95 655 100 1 1
105 655 100 1 1
115 655 100 1 1
125 655 100 1 1
135 655 100 1 1
145 655 100 1 1
155 655 100 1 1
165 655 100 1 1
175 655 100 1 1
185 655 100 1 1
195 655 100 1 1
345 655 100 1 1
355 655 100 1 1
365 655 100 1000 100
385 655 100 1 1
395 655 100 1 1
405 655 100 1 1
415 655 100 1 1
425 655 100 1 1
435 655 100 1 1
445 655 100 1 1
455 655 100 1 1
485 655 100 1 1
495 655 100 1 1
525 655 100 1000 100
585 655 100 1 1
595 655 100 1 1
605 655 100 1 1
615 655 100 1 1
625 655 100 1 1
635 655 100 1 1
645 655 100 1 1
655 655 100 1 1
665 655 100 1 1
675 655 100 1 1
685 655 100 1 1
695 655 100 1 1
705 655 100 1 1
715 655 100 1 1
725 655 100 1 1
735 655 100 1 1
745 655 100 1 1
755 655 100 1 1
765 655 100 1 1
775 655 100 1 1
785 655 100 1 1
795 655 100 1 1
805 655 100 1 1
815 655 100 1 1
25 665 100 1000 100
35 665 100 1000 100
65 665 100 1 1
75 665 100 1 1
85 665 100 1 1
95 665 100 1 1
105 665 100 1 1
115 665 100 1 1
125 665 100 1 1
135 665 100 1 1
145 665 100 1 1
155 665 100 1 1
165 665 100 1 1
175 665 100 1 1
185 665 100 1 1
195 665 100 1 1
205 665 100 1 1
215 665 100 1 1
225 665 100 1000 100
285 665 100 1000 100
335 665 100 1000 100
345 665 100 1 1
355 665 100 1 1
365 665 100 1 1
375 665 100 1 1
405 665 100 1 1
415 665 100 1 1
425 665 100 1 1
435 665 100 1 1
445 665 100 1000 100
465 665 100 1 1
475 665 100 1 1
485 665 100 1 1
495 665 100 1 1
565 665 100 1000 100
585 665 100 1 1
595 665 100 1 1
605 665 100 1 1
615 665 100 1 1
625 665 100 1 1
635 665 100 1 1
655 665 100 1000 100
685 665 100 1 1
695 665 100 1 1
705 665 100 1 1
715 665 100 1 1
725 665 100 1000 100
745 665 100 1000 100
765 665 100 1 1
775 665 100 1 1
785 665 100 1 1
795 665 100 1 1
805 665 100 1 1
815 665 100 1 1
5 675 100 1000 100
25 675 100 1000 100
45 675 100 1000 100
65 675 100 1 1
75 675 100 1 1
85 675 100 1 1
95 675 100 1 1
105 675 100 1 1
115 675 100 1 1
125 675 100 1 1
135 675 100 1 1
145 675 100 1 1
155 675 100 1 1
165 675 100 1 1
175 675 100 1 1
185 675 100 1 1
195 675 100 1 1
205 675 100 1 1
215 675 100 1 1
285 675 100 1000 100
295 675 100 1000 100
335 675 100 1000 100
345 675 100 1 1
355 675 100 1 1
365 675 100 1 1
375 675 100 1 1
405 675 100 1 1
415 675 100 1 1
425 675 100 1 1
435 675 100 1 1
465 675 100 1 1
475 675 100 1 1
485 675 100 1 1
495 675 100 1 1
525 675 100 1000 100
545 675 100 1000 100
585 675 100 1 1
595 675 100 1 1
605 675 100 1 1
615 675 100 1 1
625 675 100 1 1
635 675 100 1 1
665 675 100 1000 100
675 675 100 1000 100
685 675 100 1 1
695 675 100 1 1
705 675 100 1 1
715 675 100 1 1
725 675 100 1000 100
765 675 100 1 1
775 675 100 1 1
785 675 100 1 1
795 675 100 1 1
805 675 100 1 1
815 675 100 1 1
5 685 100 1000 100
45 685 100 1 1
55 685 100 1 1
65 685 100 1 1
75 685 100 1 1
85 685 100 1 1
95 685 100 1 1
125 685 100 1 1
135 685 100 1 1
145 685 100 1 1
155 685 100 1 1
175 685 100 1000 100
185 685 100 1 1
195 685 100 1 1
205 685 100 1 1
215 685 100 1 1
225 685 100 1 1
235 685 100 1 1
245 685 100 1000 100
255 685 100 1000 100
315 685 100 1000 100
345 685 100 1 1
355 685 100 1 1
365 685 100 1 1
375 685 100 1 1
385 685 100 1 1
395 685 100 1 1
405 685 100 1 1
415 685 100 1 1
425 685 100 1 1
435 685 100 1 1
445 685 100 1 1
455 685 100 1 1
465 685 100 1 1
475 685 100 1 1
485 685 100 1 1
495 685 100 1 1
545 685 100 1000 100
555 685 100 1000 100
565 685 100 1000 100
585 685 100 1 1
595 685 100 1 1
605 685 100 1 1
615 685 100 1 1
625 685 100 1 1
635 685 100 1 1
645 685 100 1 1
655 685 100 1 1
665 685 100 1 1
675 685 100 1 1
685 685 100 1 1
695 685 100 1 1
705 685 100 1 1
715 685 100 1 1
725 685 100 1 1
735 685 100 1 1
745 685 100 1 1
755 685 100 1 1
765 685 100 1 1
775 685 100 1 1
785 685 100 1 1
795 685 100 1 1
805 685 100 1 1
815 685 100 1 1
835 685 100 1000 100
45 695 100 1 1
55 695 100 1 1
65 695 100 1 1
75 695 100 1 1
85 695 100 1 1
95 695 100 1 1
115 695 100 1000 100
125 695 100 1 1
135 695 100 1 1
145 695 100 1 1
155 695 100 1 1
185 695 100 1 1
195 695 100 1 1
205 695 100 1 1
215 695 100 1 1
225 695 100 1 1
235 695 100 1 1
325 695 100 1000 100
345 695 100 1 1
355 695 100 1 1
365 695 100 1 1
375 695 100 1 1
385 695 100 1 1
395 695 100 1 1
405 695 100 1 1
415 695 100 1 1
425 695 100 1 1
435 695 100 1 1
445 695 100 1 1
455 695 100 1 1
465 695 100 1 1
475 695 100 1 1
485 695 100 1 1
495 695 100 1 1
555 695 100 1000 100
575 695 100 1000 100
585 695 100 1 1
595 695 100 1 1
605 695 100 1 1
615 695 100 1 1
625 695 100 1 1
635 695 100 1 1
645 695 100 1 1
655 695 100 1 1
665 695 100 1 1
675 695 100 1 1
685 695 100 1 1
695 695 100 1 1
705 695 100 1 1
715 695 100 1 1
725 695 100 1 1
735 695 100 1 1
745 695 100 1 1
755 695 100 1 1
765 695 100 1 1
775 695 100 1 1
785 695 100 1 1
795 695 100 1 1
805 695 100 1 1
815 695 100 1 1
5 705 100 1000 100
45 705 100 1 1
55 705 100 1 1
85 705 100 1 1
95 705 100 1 1
105 705 100 1 1
115 705 100 1 1
125 705 100 1 1
135 705 100 1 1
145 705 100 1 1
155 705 100 1 1
165 705 100 1 1
175 705 100 1 1
185 705 100 1 1
195 705 100 1 1
205 705 100 1000 100
225 705 100 1 1
235 705 100 1 1
245 705 100 1000 100
315 705 100 1000 100
345 705 100 1 1
355 705 100 1 1
385 705 100 1 1
395 705 100 1 1
405 705 100 1 1
415 705 100 1 1
425 705 100 1 1
435 705 100 1 1
445 705 100 1 1
455 705 100 1 1
485 705 100 1 1
495 705 100 1 1
545 705 100 1000 100
565 705 100 1000 100
575 705 100 1000 100
615 705 100 1000 100
645 705 100 1 1
655 705 100 1 1
665 705 100 1 1
675 705 100 1 1
695 705 100 1000 100
725 705 100 1 1
735 705 100 1 1
745 705 100 1 1
755 705 100 1 1
785 705 100 1000 100
815 705 100 1000 100
835 705 100 1000 100
5 715 100 1000 100
15 715 100 1000 100
45 715 100 1 1
55 715 100 1 1
65 715 100 1000 100
85 715 100 1 1
95 715 100 1 1
105 715 100 1 1
115 715 100 1 1
125 715 100 1 1
135 715 100 1 1
145 715 100 1 1
155 715 100 1 1
165 715 100 1 1
175 715 100 1 1
185 715 100 1 1
195 715 100 1 1
215 715 100 1000 100
225 715 100 1 1
235 715 100 1 1
255 715 100 1000 100
265 715 100 1000 100
275 715 100 1000 100
305 715 100 1000 100
345 715 100 1 1
355 715 100 1 1
385 715 100 1 1
395 715 100 1 1
405 715 100 1 1
415 715 100 1 1
425 715 100 1 1
435 715 100 1 1
445 715 100 1 1
455 715 100 1 1
485 715 100 1 1
495 715 100 1 1
505 715 100 1000 100
535 715 100 1000 100
545 715 100 1000 100
575 715 100 1000 100
635 715 100 1000 100
645 715 100 1 1
655 715 100 1 1
665 715 100 1 1
675 715 100 1 1
695 715 100 1000 100
725 715 100 1 1
735 715 100 1 1
745 715 100 1 1
755 715 100 1 1
775 715 100 1000 100
795 715 100 1000 100
805 715 100 1000 100
845 715 100 1000 100
15 725 100 1000 100
45 725 100 1 1
55 725 100 1 1
105 725 100 1 1
115 725 100 1 1
135 725 100 1000 100
145 725 100 1000 100
155 725 100 1000 100
165 725 100 1 1
175 725 100 1 1
205 725 100 1000 100
225 725 100 1 1
235 725 100 1 1
265 725 100 1000 100
295 725 100 1000 100
315 725 100 1000 100
335 725 100 1000 100
345 725 100 1 1
355 725 100 1 1
405 725 100 1 1
415 725 100 1 1
425 725 100 1 1
435 725 100 1 1
485 725 100 1 1
495 725 100 1 1
505 725 100 1000 100
525 725 100 1000 100
545 725 100 1000 100
565 725 100 1000 100
625 725 100 1 1
635 725 100 1 1
645 725 100 1 1
655 725 100 1 1
665 725 100 1000 100
685 725 100 1 1
695 725 100 1 1
705 725 100 1 1
715 725 100 1 1
735 725 100 1000 100
745 725 100 1 1
755 725 100 1 1
765 725 100 1 1
775 725 100 1 1
815 725 100 1000 100
5 735 100 1000 100
45 735 100 1 1
55 735 100 1 1
85 735 100 1000 100
95 735 100 1000 100
105 735 100 1 1
115 735 100 1 1
155 735 100 1000 100
165 735 100 1 1
175 735 100 1 1
185 735 100 1000 100
205 735 100 1000 100
225 735 100 1 1
235 735 100 1 1
285 735 100 1000 100
335 735 100 1000 100
345 735 100 1 1
355 735 100 1 1
405 735 100 1 1
415 735 100 1 1
425 735 100 1 1
435 735 100 1 1
485 735 100 1 1
495 735 100 1 1
505 735 100 1000 100
545 735 100 1000 100
555 735 100 1000 100
625 735 100 1 1
635 735 100 1 1
645 735 100 1 1
655 735 100 1 1
685 735 100 1 1
695 735 100 1 1
705 735 100 1 1
715 735 100 1 1
735 735 100 1000 100
745 735 100 1 1
755 735 100 1 1
765 735 100 1 1
775 735 100 1 1
795 735 100 1000 100
825 735 100 1000 100
15 745 100 1000 100
55 745 100 1000 100
85 745 100 1 1
95 745 100 1 1
105 745 100 1 1
115 745 100 1 1
165 745 100 1 1
175 745 100 1 1
185 745 100 1 1
195 745 100 1 1
265 745 100 1000 100
345 745 100 1 1
355 745 100 1 1
365 745 100 1 1
375 745 100 1 1
395 745 100 1000 100
435 745 100 1000 100
465 745 100 1 1
475 745 100 1 1
485 745 100 1 1
495 745 100 1 1
535 745 100 1000 100
565 745 100 1000 100
585 745 100 1 1
595 745 100 1 1
605 745 100 1 1
615 745 100 1 1
625 745 100 1000 100
675 745 100 1000 100
705 745 100 1000 100
715 745 100 1000 100
735 745 100 1000 100
745 745 100 1000 100
755 745 100 1000 100
785 745 100 1 1
795 745 100 1 1
805 745 100 1 1
815 745 100 1 1
835 745 100 1000 100
85 755 100 1 1
95 755 100 1 1
105 755 100 1 1
115 755 100 1 1
125 755 100 1000 100
165 755 100 1 1
175 755 100 1 1
185 755 100 1 1
195 755 100 1 1
215 755 100 1000 100
225 755 100 1000 100
255 755 100 1000 100
285 755 100 1000 100
315 755 100 1000 100
345 755 100 1 1
355 755 100 1 1
365 755 100 1 1
375 755 100 1 1
395 755 100 1000 100
405 755 100 1000 100
455 755 100 1000 100
465 755 100 1 1
475 755 100 1 1
485 755 100 1 1
495 755 100 1 1
505 755 100 1000 100
515 755 100 1000 100
525 755 100 1000 100
585 755 100 1 1
595 755 100 1 1
605 755 100 1 1
615 755 100 1 1
665 755 100 1000 100
685 755 100 1000 100
725 755 100 1000 100
785 755 100 1 1
795 755 100 1 1
805 755 100 1 1
815 755 100 1 1
35 765 100 1000 100
85 765 100 1000 100
125 765 100 1000 100
135 765 100 1000 100
285 765 100 1000 100
395 765 100 1000 100
625 765 100 1000 100
745 765 100 1000 100
765 765 100 1000 100
815 765 100 1000 100
825 765 100 1000 100
65 775 100 1000 100
175 775 100 1000 100
195 775 100 1000 100
205 775 100 1000 100
385 775 100 1000 100
445 775 100 1000 100
485 775 100 1000 100
515 775 100 1000 100
525 775 100 1000 100
545 775 100 1000 100
585 775 100 1000 100
635 775 100 1000 100
705 775 100 1000 100
745 775 100 1000 100
845 775 100 1000 100
25 785 100 1000 100
65 785 100 1000 100
75 785 100 1000 100
125 785 100 1000 100
165 785 100 1000 100
255 785 100 1000 100
305 785 100 1000 100
325 785 100 1000 100
355 785 100 1000 100
385 785 100 1000 100
395 785 100 1000 100
405 785 100 1000 100
435 785 100 1000 100
475 785 100 1000 100
555 785 100 1000 100
565 785 100 1000 100
625 785 100 1000 100
635 785 100 1000 100
655 785 100 1000 100
675 785 100 1000 100
725 785 100 1000 100
735 785 100 1000 100
755 785 100 1000 100
765 785 100 1000 100
775 785 100 1000 100
805 785 100 1000 100
855 785 100 1000 100
25 795 100 1000 100
85 795 100 1000 100
95 795 100 1000 100
125 795 100 1000 100
205 795 100 1000 100
265 795 100 1000 100
315 795 100 1000 100
475 795 100 1000 100
565 795 100 1000 100
635 795 100 1000 100
815 795 100 1000 100
855 795 100 1000 100
5 805 100 1000 100
55 805 100 1000 100
65 805 100 1000 100
75 805 100 1000 100
85 805 100 1000 100
185 805 100 1000 100
205 805 100 1000 100
265 805 100 1000 100
315 805 100 1000 100
405 805 100 1000 100
505 805 100 1000 100
555 805 100 1000 100
575 805 100 1000 100
585 805 100 1000 100
635 805 100 1000 100
645 805 100 1000 100
695 805 100 1000 100
755 805 100 1000 100
775 805 100 1000 100
835 805 100 1000 100
75 815 100 1000 100
105 815 100 1000 100
135 815 100 1000 100
185 815 100 1000 100
195 815 100 1000 100
285 815 100 1000 100
315 815 100 1000 100
345 815 100 1000 100
355 815 100 1000 100
405 815 100 1000 100
455 815 100 1000 100
545 815 100 1000 100
555 815 100 1000 100
615 815 100 1000 100
705 815 100 1000 100
735 815 100 1000 100
815 815 100 1000 100
35 825 100 1000 100
85 825 100 1000 100
115 825 100 1000 100
135 825 100 1000 100
145 825 100 1000 100
265 825 100 1000 100
305 825 100 1000 100
375 825 100 1000 100
385 825 100 1000 100
395 825 100 1000 100
435 825 100 1000 100
495 825 100 1000 100
545 825 100 1000 100
565 825 100 1000 100
635 825 100 1000 100
645 825 100 1000 100
685 825 100 1000 100
755 825 100 1000 100
765 825 100 1000 100
795 825 100 1000 100
825 825 100 1000 100
855 825 100 1000 100
125 835 100 1000 100
315 835 100 1000 100
365 835 100 1000 100
415 835 100 1000 100
425 835 100 1000 100
475 835 100 1000 100
495 835 100 1000 100
525 835 100 1000 100
565 835 100 1000 100
585 835 100 1000 100
705 835 100 1000 100
715 835 100 1000 100
765 835 100 1000 100
775 835 100 1000 100
795 835 100 1000 100
855 835 100 1000 100
25 845 100 1000 100
75 845 100 1000 100
85 845 100 1000 100
95 845 100 1000 100
165 845 100 1000 100
175 845 100 1000 100
195 845 100 1000 100
275 845 100 1000 100
285 845 100 1000 100
365 845 100 1000 100
385 845 100 1000 100
435 845 100 1000 100
485 845 100 1000 100
515 845 100 1000 100
525 845 100 1000 100
535 845 100 1000 100
545 845 100 1000 100
565 845 100 1000 100
645 845 100 1000 100
685 845 100 1000 100
705 845 100 1000 100
745 845 100 1000 100
835 845 100 1000 100
5 855 100 1000 100
35 855 100 1000 100
45 855 100 1000 100
175 855 100 1000 100
275 855 100 1000 100
355 855 100 1000 100
455 855 100 1000 100
525 855 100 1000 100
535 855 100 1000 100
675 855 100 1000 100
735 855 100 1000 100
795 855 100 1000 100
