20
30
16
20
64
33
619
625
1121
1539
1024
2600
85 9 100 1000 100 0 0
104 9 100 1000 100 0 0
123 9 100 1000 100 0 0
161 9 100 1000 100 0 0
199 9 100 1000 100 0 0
313 9 100 1000 100 0 0
332 9 100 1000 100 0 0
389 9 100 1000 100 0 0
427 9 100 1000 100 0 0
484 9 100 1000 100 0 0
503 9 100 1000 100 0 0
541 9 100 1000 100 0 0
579 9 100 1000 100 0 0
655 9 100 1000 100 0 0
693 9 100 1000 100 0 0
731 9 100 1000 100 0 0
769 9 100 1000 100 0 0
788 9 100 1000 100 0 0
864 9 100 1000 100 0 0
921 9 100 1000 100 0 0
959 9 100 1000 100 0 0
104 28 100 1 1 0 0
123 28 100 1 1 0 0
142 28 100 1 1 0 0
161 28 100 1 1 0 0
237 28 100 1000 100 0 0
313 28 100 1000 100 0 0
332 28 100 1000 100 0 0
370 28 100 1000 100 0 0
408 28 100 1000 100 0 0
503 28 100 1000 100 0 0
522 28 100 1000 100 0 0
560 28 100 1000 100 0 0
579 28 100 1000 100 0 0
598 28 100 1000 100 0 0
617 28 100 1000 100 0 0
693 28 100 1000 100 0 0
750 28 100 1000 100 0 0
769 28 100 1000 100 0 0
883 28 100 1000 100 0 0
978 28 100 1000 100 0 0
1035 28 100 1000 100 0 0
1111 28 100 1000 100 0 0
104 47 100 1 1 0 0
123 47 100 1 1 0 0
142 47 100 1 1 0 0
161 47 100 1 1 0 0
180 47 100 1000 100 0 0
256 47 100 1000 100 0 0
294 47 100 1000 100 0 0
313 47 100 1000 100 0 0
332 47 100 1000 100 0 0
427 47 100 1000 100 0 0
484 47 100 1000 100 0 0
541 47 100 1000 100 0 0
598 47 100 1000 100 0 0
636 47 100 1000 100 0 0
674 47 100 1000 100 0 0
693 47 100 1000 100 0 0
769 47 100 1000 100 0 0
826 47 100 1000 100 0 0
997 47 100 1000 100 0 0
1035 47 100 1000 100 0 0
1054 47 100 1000 100 0 0
9 66 100 1000 100 0 0
85 66 100 1 1 0 0
104 66 100 1 1 0 0
123 66 100 1 1 0 0
142 66 100 1 1 0 0
161 66 100 1 1 0 0
180 66 100 1 1 0 0
313 66 100 1000 100 0 0
446 66 100 1000 100 0 0
522 66 100 1000 100 0 0
541 66 100 1000 100 0 0
560 66 100 1000 100 0 0
579 66 100 1000 100 0 0
598 66 100 1000 100 0 0
674 66 100 1000 100 0 0
712 66 100 1000 100 0 0
731 66 100 1000 100 0 0
788 66 100 1000 100 0 0
826 66 100 1000 100 0 0
902 66 100 1000 100 0 0
1054 66 100 1000 100 0 0
66 85 100 1 1 0 0
85 85 100 1 1 0 0
104 85 100 1 1 0 0
123 85 100 1 1 0 0
142 85 100 1 1 0 0
161 85 100 1 1 0 0
180 85 100 1 1 0 0
199 85 100 1 1 0 0
275 85 100 1000 100 0 0
351 85 100 1000 100 0 0
446 85 100 1000 100 0 0
465 85 100 1000 100 0 0
503 85 100 1000 100 0 0
541 85 100 1000 100 0 0
636 85 100 1000 100 0 0
655 85 100 1000 100 0 0
693 85 100 1000 100 0 0
712 85 100 1000 100 0 0
731 85 100 1000 100 0 0
883 85 100 1000 100 0 0
978 85 100 1000 100 0 0
1016 85 100 1000 100 0 0
1035 85 100 1000 100 0 0
9 104 100 1000 100 0 0
28 104 100 1000 100 0 0
47 104 100 1000 100 0 0
66 104 100 1 1 0 0
85 104 100 1 1 0 0
104 104 100 1 1 0 0
161 104 100 1 1 0 0
180 104 100 1 1 0 0
199 104 100 1 1 0 0
237 104 100 1000 100 0 0
275 104 100 1000 100 0 0
294 104 100 1000 100 0 0
351 104 100 1000 100 0 0
446 104 100 1000 100 0 0
465 104 100 1000 100 0 0
503 104 100 1000 100 0 0
560 104 100 1000 100 0 0
655 104 100 1000 100 0 0
674 104 100 1000 100 0 0
693 104 100 1000 100 0 0
712 104 100 1000 100 0 0
845 104 100 1000 100 0 0
864 104 100 1000 100 0 0
940 104 100 1000 100 0 0
959 104 100 1000 100 0 0
1092 104 100 1000 100 0 0
66 123 100 1 1 0 0
85 123 100 1 1 0 0
104 123 100 1 1 0 0
123 123 100 1000 100 0 0
161 123 100 1 1 0 0
180 123 100 1 1 0 0
199 123 100 1 1 0 0
237 123 100 1000 100 0 0
332 123 100 1000 100 0 0
351 123 100 1000 100 0 0
370 123 100 1000 100 0 0
446 123 100 1000 100 0 0
560 123 100 1000 100 0 0
598 123 100 1000 100 0 0
617 123 100 1000 100 0 0
655 123 100 1000 100 0 0
693 123 100 1000 100 0 0
731 123 100 1000 100 0 0
750 123 100 1000 100 0 0
883 123 100 1000 100 0 0
921 123 100 1000 100 0 0
1016 123 100 1000 100 0 0
1073 123 100 1000 100 0 0
9 142 100 1000 100 0 0
47 142 100 1000 100 0 0
66 142 100 1 1 0 0
85 142 100 1 1 0 0
104 142 100 1 1 0 0
123 142 100 1000 100 0 0
161 142 100 1 1 0 0
180 142 100 1 1 0 0
199 142 100 1 1 0 0
275 142 100 1000 100 0 0
332 142 100 1000 100 0 0
408 142 100 1000 100 0 0
465 142 100 1000 100 0 0
503 142 100 1000 100 0 0
579 142 100 1000 100 0 0
655 142 100 1000 100 0 0
693 142 100 1000 100 0 0
712 142 100 1000 100 0 0
845 142 100 1000 100 0 0
864 142 100 1000 100 0 0
940 142 100 1000 100 0 0
1016 142 100 1000 100 0 0
1035 142 100 1000 100 0 0
1111 142 100 1000 100 0 0
9 161 100 1000 100 0 0
28 161 100 1000 100 0 0
66 161 100 1 1 0 0
85 161 100 1 1 0 0
104 161 100 1 1 0 0
123 161 100 1 1 0 0
142 161 100 1 1 0 0
161 161 100 1 1 0 0
180 161 100 1 1 0 0
199 161 100 1 1 0 0
237 161 100 1000 100 0 0
275 161 100 1000 100 0 0
313 161 100 1000 100 0 0
332 161 100 1000 100 0 0
408 161 100 1000 100 0 0
465 161 100 1000 100 0 0
541 161 100 1000 100 0 0
560 161 100 1000 100 0 0
636 161 100 1000 100 0 0
674 161 100 1000 100 0 0
693 161 100 1000 100 0 0
712 161 100 1000 100 0 0
769 161 100 1000 100 0 0
826 161 100 1000 100 0 0
845 161 100 1000 100 0 0
921 161 100 1000 100 0 0
940 161 100 1000 100 0 0
1016 161 100 1000 100 0 0
1111 161 100 1000 100 0 0
9 180 100 1000 100 0 0
28 180 100 1000 100 0 0
66 180 100 1 1 0 0
85 180 100 1 1 0 0
104 180 100 1 1 0 0
123 180 100 1 1 0 0
142 180 100 1 1 0 0
161 180 100 1 1 0 0
180 180 100 1 1 0 0
199 180 100 1 1 0 0
218 180 100 1000 100 0 0
256 180 100 1000 100 0 0
294 180 100 1000 100 0 0
332 180 100 1000 100 0 0
370 180 100 1000 100 0 0
446 180 100 1000 100 0 0
484 180 100 1000 100 0 0
674 180 100 1000 100 0 0
788 180 100 1000 100 0 0
807 180 100 1000 100 0 0
845 180 100 1000 100 0 0
883 180 100 1000 100 0 0
921 180 100 1000 100 0 0
959 180 100 1000 100 0 0
1073 180 100 1000 100 0 0
9 199 100 1000 100 0 0
47 199 100 1000 100 0 0
66 199 100 1 1 0 0
85 199 100 1 1 0 0
104 199 100 1 1 0 0
123 199 100 1000 100 0 0
161 199 100 1 1 0 0
180 199 100 1 1 0 0
199 199 100 1 1 0 0
218 199 100 1000 100 0 0
256 199 100 1000 100 0 0
275 199 100 1000 100 0 0
427 199 100 1000 100 0 0
465 199 100 1000 100 0 0
503 199 100 1000 100 0 0
579 199 100 1000 100 0 0
617 199 100 1000 100 0 0
636 199 100 1000 100 0 0
959 199 100 1000 100 0 0
997 199 100 1000 100 0 0
1016 199 100 1000 100 0 0
1035 199 100 1000 100 0 0
9 218 100 1000 100 0 0
28 218 100 1000 100 0 0
47 218 100 1000 100 0 0
66 218 100 1 1 0 0
85 218 100 1 1 0 0
104 218 100 1 1 0 0
142 218 100 1000 100 0 0
161 218 100 1 1 0 0
180 218 100 1 1 0 0
199 218 100 1 1 0 0
218 218 100 1000 100 0 0
275 218 100 1000 100 0 0
313 218 100 1000 100 0 0
370 218 100 1000 100 0 0
408 218 100 1000 100 0 0
446 218 100 1000 100 0 0
465 218 100 1000 100 0 0
579 218 100 1000 100 0 0
769 218 100 1000 100 0 0
807 218 100 1000 100 0 0
826 218 100 1000 100 0 0
845 218 100 1000 100 0 0
902 218 100 1000 100 0 0
1073 218 100 1000 100 0 0
1111 218 100 1000 100 0 0
28 237 100 1000 100 0 0
104 237 100 1000 100 0 0
161 237 100 1000 100 0 0
180 237 100 1000 100 0 0
218 237 100 1000 100 0 0
237 237 100 1000 100 0 0
294 237 100 1000 100 0 0
332 237 100 1000 100 0 0
351 237 100 1000 100 0 0
389 237 100 1000 100 0 0
408 237 100 1000 100 0 0
446 237 100 1000 100 0 0
503 237 100 1000 100 0 0
693 237 100 1000 100 0 0
769 237 100 1000 100 0 0
845 237 100 1000 100 0 0
883 237 100 1000 100 0 0
940 237 100 1000 100 0 0
997 237 100 1000 100 0 0
1016 237 100 1000 100 0 0
1035 237 100 1000 100 0 0
1092 237 100 1000 100 0 0
9 256 100 1000 100 0 0
180 256 100 1000 100 0 0
218 256 100 1000 100 0 0
256 256 100 1000 100 0 0
313 256 100 1000 100 0 0
370 256 100 1000 100 0 0
427 256 100 1000 100 0 0
465 256 100 1000 100 0 0
503 256 100 1000 100 0 0
560 256 100 1000 100 0 0
579 256 100 1000 100 0 0
617 256 100 1000 100 0 0
636 256 100 1000 100 0 0
655 256 100 1000 100 0 0
674 256 100 1000 100 0 0
731 256 100 1000 100 0 0
788 256 100 1000 100 0 0
864 256 100 1000 100 0 0
883 256 100 1000 100 0 0
997 256 100 1000 100 0 0
1016 256 100 1000 100 0 0
1035 256 100 1000 100 0 0
1054 256 100 1000 100 0 0
1092 256 100 1000 100 0 0
1111 256 100 1000 100 0 0
9 275 100 1000 100 0 0
28 275 100 1000 100 0 0
47 275 100 1000 100 0 0
66 275 100 1000 100 0 0
85 275 100 1000 100 0 0
123 275 100 1 1 0 0
142 275 100 1 1 0 0
161 275 100 1000 100 0 0
275 275 100 1000 100 0 0
313 275 100 1000 100 0 0
351 275 100 1000 100 0 0
522 275 100 1000 100 0 0
560 275 100 1000 100 0 0
598 275 100 1000 100 0 0
617 275 100 1000 100 0 0
655 275 100 1000 100 0 0
674 275 100 1000 100 0 0
693 275 100 1000 100 0 0
712 275 100 1000 100 0 0
750 275 100 1000 100 0 0
788 275 100 1000 100 0 0
807 275 100 1000 100 0 0
902 275 100 1000 100 0 0
28 294 100 1000 100 0 0
104 294 100 1 1 0 0
123 294 100 1 1 0 0
142 294 100 1 1 0 0
161 294 100 1 1 0 0
180 294 100 1000 100 0 0
199 294 100 1000 100 0 0
237 294 100 1000 100 0 0
275 294 100 1000 100 0 0
294 294 100 1000 100 0 0
313 294 100 1000 100 0 0
484 294 100 1000 100 0 0
503 294 100 1000 100 0 0
579 294 100 1000 100 0 0
598 294 100 1000 100 0 0
636 294 100 1000 100 0 0
655 294 100 1000 100 0 0
788 294 100 1000 100 0 0
807 294 100 1000 100 0 0
826 294 100 1000 100 0 0
1016 294 100 1000 100 0 0
1092 294 100 1000 100 0 0
47 313 100 1000 100 0 0
66 313 100 1000 100 0 0
85 313 100 1 1 0 0
104 313 100 1 1 0 0
123 313 100 1 1 0 0
142 313 100 1 1 0 0
161 313 100 1 1 0 0
180 313 100 1 1 0 0
351 313 100 1000 100 0 0
408 313 100 1000 100 0 0
465 313 100 1000 100 0 0
522 313 100 1000 100 0 0
598 313 100 1000 100 0 0
617 313 100 1000 100 0 0
750 313 100 1000 100 0 0
769 313 100 1000 100 0 0
788 313 100 1000 100 0 0
807 313 100 1000 100 0 0
921 313 100 1000 100 0 0
940 313 100 1000 100 0 0
997 313 100 1000 100 0 0
1054 313 100 1000 100 0 0
9 332 100 1000 100 0 0
28 332 100 1000 100 0 0
66 332 100 1 1 0 0
85 332 100 1 1 0 0
104 332 100 1 1 0 0
123 332 100 1 1 0 0
142 332 100 1 1 0 0
161 332 100 1 1 0 0
180 332 100 1 1 0 0
199 332 100 1 1 0 0
313 332 100 1000 100 0 0
370 332 100 1000 100 0 0
427 332 100 1000 100 0 0
446 332 100 1000 100 0 0
465 332 100 1000 100 0 0
503 332 100 1000 100 0 0
522 332 100 1000 100 0 0
598 332 100 1000 100 0 0
693 332 100 1000 100 0 0
712 332 100 1000 100 0 0
731 332 100 1000 100 0 0
769 332 100 1000 100 0 0
978 332 100 1000 100 0 0
997 332 100 1000 100 0 0
9 351 100 1000 100 0 0
28 351 100 1000 100 0 0
47 351 100 1 1 0 0
66 351 100 1 1 0 0
85 351 100 1 1 0 0
104 351 100 1 1 0 0
123 351 100 1 1 0 0
142 351 100 1 1 0 0
161 351 100 1 1 0 0
180 351 100 1 1 0 0
199 351 100 1 1 0 0
218 351 100 1 1 0 0
237 351 100 1000 100 0 0
408 351 100 1000 100 0 0
427 351 100 1000 100 0 0
446 351 100 1000 100 0 0
484 351 100 1000 100 0 0
541 351 100 1 1 0 0
560 351 100 1 1 0 0
579 351 100 1000 100 0 0
617 351 100 1000 100 0 0
636 351 100 1000 100 0 0
655 351 100 1000 100 0 0
712 351 100 1000 100 0 0
826 351 100 1000 100 0 0
883 351 100 1000 100 0 0
921 351 100 1000 100 0 0
978 351 100 1000 100 0 0
997 351 100 1000 100 0 0
9 370 100 1000 100 0 0
28 370 100 1 1 0 0
47 370 100 1 1 0 0
66 370 100 1 1 0 0
85 370 100 1 1 0 0
104 370 100 1 1 0 0
123 370 100 1 1 0 0
142 370 100 1 1 0 0
161 370 100 1 1 0 0
180 370 100 1 1 0 0
199 370 100 1 1 0 0
218 370 100 1 1 0 0
237 370 100 1 1 0 0
275 370 100 1000 100 0 0
332 370 100 1000 100 0 0
446 370 100 1000 100 0 0
503 370 100 1000 100 0 0
522 370 100 1000 100 0 0
541 370 100 1 1 0 0
560 370 100 1 1 0 0
674 370 100 1000 100 0 0
693 370 100 1000 100 0 0
731 370 100 1000 100 0 0
769 370 100 1000 100 0 0
807 370 100 1000 100 0 0
826 370 100 1000 100 0 0
864 370 100 1000 100 0 0
921 370 100 1000 100 0 0
959 370 100 1000 100 0 0
1016 370 100 1000 100 0 0
1054 370 100 1000 100 0 0
1073 370 100 1000 100 0 0
1092 370 100 1000 100 0 0
9 389 100 1000 100 0 0
28 389 100 1 1 0 0
47 389 100 1 1 0 0
66 389 100 1 1 0 0
85 389 100 1 1 0 0
104 389 100 1 1 0 0
123 389 100 1 1 0 0
142 389 100 1 1 0 0
161 389 100 1 1 0 0
180 389 100 1 1 0 0
199 389 100 1 1 0 0
218 389 100 1 1 0 0
237 389 100 1 1 0 0
294 389 100 1000 100 0 0
370 389 100 1000 100 0 0
427 389 100 1000 100 0 0
446 389 100 1000 100 0 0
503 389 100 1 1 0 0
522 389 100 1 1 0 0
541 389 100 1 1 0 0
560 389 100 1 1 0 0
579 389 100 1 1 0 0
598 389 100 1 1 0 0
617 389 100 1000 100 0 0
712 389 100 1000 100 0 0
845 389 100 1000 100 0 0
902 389 100 1000 100 0 0
921 389 100 1000 100 0 0
940 389 100 1000 100 0 0
1016 389 100 1000 100 0 0
28 408 100 1 1 0 0
47 408 100 1 1 0 0
66 408 100 1 1 0 0
85 408 100 1 1 0 0
104 408 100 1 1 0 0
123 408 100 1 1 0 0
142 408 100 1 1 0 0
161 408 100 1 1 0 0
180 408 100 1 1 0 0
199 408 100 1 1 0 0
218 408 100 1 1 0 0
237 408 100 1 1 0 0
256 408 100 1000 100 0 0
294 408 100 1000 100 0 0
370 408 100 1000 100 0 0
427 408 100 1000 100 0 0
446 408 100 1000 100 0 0
503 408 100 1 1 0 0
522 408 100 1 1 0 0
541 408 100 1 1 0 0
560 408 100 1 1 0 0
579 408 100 1 1 0 0
598 408 100 1 1 0 0
655 408 100 1000 100 0 0
674 408 100 1000 100 0 0
693 408 100 1000 100 0 0
731 408 100 1000 100 0 0
750 408 100 1000 100 0 0
769 408 100 1000 100 0 0
807 408 100 1000 100 0 0
845 408 100 1000 100 0 0
883 408 100 1000 100 0 0
902 408 100 1000 100 0 0
921 408 100 1000 100 0 0
940 408 100 1000 100 0 0
978 408 100 1000 100 0 0
997 408 100 1000 100 0 0
1054 408 100 1000 100 0 0
1073 408 100 1000 100 0 0
1092 408 100 1000 100 0 0
9 427 100 1000 100 0 0
47 427 100 1 1 0 0
66 427 100 1 1 0 0
85 427 100 1 1 0 0
104 427 100 1 1 0 0
123 427 100 1 1 0 0
142 427 100 1 1 0 0
161 427 100 1 1 0 0
180 427 100 1 1 0 0
199 427 100 1 1 0 0
218 427 100 1 1 0 0
237 427 100 1000 100 0 0
332 427 100 1000 100 0 0
370 427 100 1000 100 0 0
427 427 100 1000 100 0 0
446 427 100 1000 100 0 0
484 427 100 1 1 0 0
503 427 100 1 1 0 0
522 427 100 1 1 0 0
541 427 100 1 1 0 0
560 427 100 1 1 0 0
579 427 100 1 1 0 0
598 427 100 1 1 0 0
617 427 100 1 1 0 0
674 427 100 1000 100 0 0
712 427 100 1000 100 0 0
921 427 100 1000 100 0 0
940 427 100 1000 100 0 0
978 427 100 1000 100 0 0
1035 427 100 1000 100 0 0
9 446 100 1000 100 0 0
66 446 100 1000 100 0 0
104 446 100 1 1 0 0
123 446 100 1 1 0 0
142 446 100 1 1 0 0
161 446 100 1 1 0 0
199 446 100 1000 100 0 0
237 446 100 1000 100 0 0
275 446 100 1000 100 0 0
370 446 100 1000 100 0 0
465 446 100 1 1 0 0
484 446 100 1 1 0 0
503 446 100 1 1 0 0
522 446 100 1 1 0 0
541 446 100 1 1 0 0
560 446 100 1 1 0 0
579 446 100 1 1 0 0
598 446 100 1 1 0 0
617 446 100 1 1 0 0
636 446 100 1000 100 0 0
655 446 100 1000 100 0 0
712 446 100 1000 100 0 0
731 446 100 1000 100 0 0
807 446 100 1000 100 0 0
883 446 100 1000 100 0 0
940 446 100 1000 100 0 0
959 446 100 1000 100 0 0
1073 446 100 1000 100 0 0
9 465 100 1000 100 0 0
66 465 100 1000 100 0 0
104 465 100 1000 100 0 0
123 465 100 1 1 0 0
142 465 100 1 1 0 0
199 465 100 1000 100 0 0
218 465 100 1000 100 0 0
256 465 100 1000 100 0 0
275 465 100 1000 100 0 0
446 465 100 1000 100 0 0
465 465 100 1 1 0 0
484 465 100 1 1 0 0
503 465 100 1 1 0 0
522 465 100 1 1 0 0
541 465 100 1 1 0 0
560 465 100 1 1 0 0
579 465 100 1 1 0 0
598 465 100 1 1 0 0
617 465 100 1 1 0 0
655 465 100 1000 100 0 0
674 465 100 1000 100 0 0
712 465 100 1000 100 0 0
731 465 100 1000 100 0 0
883 465 100 1000 100 0 0
940 465 100 1000 100 0 0
978 465 100 1000 100 0 0
1111 465 100 1000 100 0 0
47 484 100 1000 100 0 0
104 484 100 1000 100 0 0
161 484 100 1000 100 0 0
408 484 100 1000 100 0 0
427 484 100 1000 100 0 0
446 484 100 1 1 0 0
465 484 100 1 1 0 0
484 484 100 1 1 0 0
503 484 100 1 1 0 0
522 484 100 1 1 0 0
541 484 100 1 1 0 0
560 484 100 1 1 0 0
579 484 100 1 1 0 0
598 484 100 1 1 0 0
617 484 100 1 1 0 0
636 484 100 1 1 0 0
655 484 100 1 1 0 0
693 484 100 1000 100 0 0
712 484 100 1000 100 0 0
769 484 100 1000 100 0 0
845 484 100 1000 100 0 0
883 484 100 1000 100 0 0
921 484 100 1000 100 0 0
940 484 100 1000 100 0 0
978 484 100 1000 100 0 0
1035 484 100 1000 100 0 0
85 503 100 1000 100 0 0
104 503 100 1000 100 0 0
142 503 100 1000 100 0 0
218 503 100 1000 100 0 0
237 503 100 1000 100 0 0
313 503 100 1000 100 0 0
427 503 100 1000 100 0 0
446 503 100 1 1 0 0
465 503 100 1 1 0 0
484 503 100 1 1 0 0
503 503 100 1 1 0 0
522 503 100 1 1 0 0
541 503 100 1 1 0 0
560 503 100 1 1 0 0
579 503 100 1 1 0 0
598 503 100 1 1 0 0
617 503 100 1 1 0 0
636 503 100 1 1 0 0
655 503 100 1 1 0 0
693 503 100 1000 100 0 0
731 503 100 1000 100 0 0
788 503 100 1000 100 0 0
807 503 100 1000 100 0 0
826 503 100 1000 100 0 0
845 503 100 1000 100 0 0
864 503 100 1000 100 0 0
940 503 100 1000 100 0 0
959 503 100 1000 100 0 0
1035 503 100 1000 100 0 0
1054 503 100 1000 100 0 0
1073 503 100 1000 100 0 0
1092 503 100 1000 100 0 0
104 522 100 1000 100 0 0
199 522 100 1000 100 0 0
294 522 100 1000 100 0 0
351 522 100 1000 100 0 0
389 522 100 1000 100 0 0
408 522 100 1 1 0 0
427 522 100 1 1 0 0
446 522 100 1 1 0 0
465 522 100 1 1 0 0
484 522 100 1 1 0 0
503 522 100 1 1 0 0
522 522 100 1 1 0 0
541 522 100 1 1 0 0
560 522 100 1 1 0 0
579 522 100 1 1 0 0
598 522 100 1 1 0 0
617 522 100 1 1 0 0
636 522 100 1 1 0 0
655 522 100 1 1 0 0
674 522 100 1 1 0 0
693 522 100 1000 100 0 0
769 522 100 1000 100 0 0
788 522 100 1000 100 0 0
845 522 100 1000 100 0 0
883 522 100 1000 100 0 0
902 522 100 1000 100 0 0
959 522 100 1000 100 0 0
978 522 100 1000 100 0 0
997 522 100 1000 100 0 0
1016 522 100 1000 100 0 0
1073 522 100 1000 100 0 0
1111 522 100 1000 100 0 0
47 541 100 1000 100 0 0
66 541 100 1000 100 0 0
180 541 100 1000 100 0 0
199 541 100 1000 100 0 0
218 541 100 1000 100 0 0
294 541 100 1000 100 0 0
313 541 100 1000 100 0 0
332 541 100 1000 100 0 0
351 541 100 1000 100 0 0
370 541 100 1000 100 0 0
389 541 100 1000 100 0 0
408 541 100 1 1 0 0
427 541 100 1 1 0 0
446 541 100 1 1 0 0
465 541 100 1 1 0 0
484 541 100 1 1 0 0
503 541 100 1 1 0 0
522 541 100 1 1 0 0
541 541 100 1 1 0 0
560 541 100 1 1 0 0
579 541 100 1 1 0 0
598 541 100 1 1 0 0
617 541 100 1 1 0 0
636 541 100 1 1 0 0
655 541 100 1 1 0 0
674 541 100 1 1 0 0
712 541 100 1000 100 0 0
769 541 100 1000 100 0 0
921 541 100 1000 100 0 0
940 541 100 1000 100 0 0
1016 541 100 1000 100 0 0
1054 541 100 1000 100 0 0
1092 541 100 1000 100 0 0
1111 541 100 1000 100 0 0
28 560 100 1000 100 0 0
47 560 100 1000 100 0 0
66 560 100 1000 100 0 0
104 560 100 1000 100 0 0
123 560 100 1000 100 0 0
161 560 100 1000 100 0 0
199 560 100 1000 100 0 0
237 560 100 1000 100 0 0
275 560 100 1000 100 0 0
294 560 100 1000 100 0 0
351 560 100 1000 100 0 0
370 560 100 1 1 0 0
389 560 100 1 1 0 0
408 560 100 1 1 0 0
427 560 100 1 1 0 0
446 560 100 1 1 0 0
465 560 100 1 1 0 0
484 560 100 1 1 0 0
503 560 100 1 1 0 0
522 560 100 1 1 0 0
541 560 100 1 1 0 0
560 560 100 1 1 0 0
579 560 100 1 1 0 0
598 560 100 1 1 0 0
617 560 100 1 1 0 0
636 560 100 1 1 0 0
655 560 100 1 1 0 0
674 560 100 1 1 0 0
693 560 100 1 1 0 0
712 560 100 1 1 0 0
750 560 100 1000 100 0 0
769 560 100 1000 100 0 0
883 560 100 1000 100 0 0
921 560 100 1000 100 0 0
959 560 100 1000 100 0 0
978 560 100 1000 100 0 0
997 560 100 1000 100 0 0
1035 560 100 1000 100 0 0
9 579 100 1000 100 0 0
47 579 100 1000 100 0 0
66 579 100 1000 100 0 0
104 579 100 1000 100 0 0
199 579 100 1000 100 0 0
275 579 100 1000 100 0 0
370 579 100 1 1 0 0
389 579 100 1 1 0 0
408 579 100 1 1 0 0
427 579 100 1 1 0 0
446 579 100 1 1 0 0
465 579 100 1 1 0 0
484 579 100 1 1 0 0
503 579 100 1 1 0 0
522 579 100 1 1 0 0
541 579 100 1 1 0 0
560 579 100 1 1 0 0
579 579 100 1 1 0 0
598 579 100 1 1 0 0
617 579 100 1 1 0 0
636 579 100 1 1 0 0
655 579 100 1 1 0 0
674 579 100 1 1 0 0
693 579 100 1 1 0 0
712 579 100 1 1 0 0
731 579 100 1000 100 0 0
807 579 100 1000 100 0 0
864 579 100 1000 100 0 0
902 579 100 1000 100 0 0
959 579 100 1000 100 0 0
1016 579 100 1000 100 0 0
1035 579 100 1000 100 0 0
9 598 100 1000 100 0 0
47 598 100 1000 100 0 0
66 598 100 1000 100 0 0
85 598 100 1000 100 0 0
104 598 100 1000 100 0 0
161 598 100 1000 100 0 0
237 598 100 1000 100 0 0
332 598 100 1 1 0 0
351 598 100 1 1 0 0
370 598 100 1 1 0 0
389 598 100 1 1 0 0
408 598 100 1 1 0 0
427 598 100 1 1 0 0
446 598 100 1 1 0 0
465 598 100 1 1 0 0
484 598 100 1 1 0 0
503 598 100 1 1 0 0
522 598 100 1 1 0 0
541 598 100 1 1 0 0
560 598 100 1 1 0 0
579 598 100 1 1 0 0
598 598 100 1 1 0 0
617 598 100 1 1 0 0
636 598 100 1 1 0 0
655 598 100 1 1 0 0
674 598 100 1 1 0 0
693 598 100 1 1 0 0
712 598 100 1 1 0 0
731 598 100 1 1 0 0
750 598 100 1 1 0 0
826 598 100 1000 100 0 0
902 598 100 1000 100 0 0
940 598 100 1000 100 0 0
978 598 100 1000 100 0 0
1092 598 100 1000 100 0 0
1111 598 100 1000 100 0 0
9 617 100 1000 100 0 0
47 617 100 1000 100 0 0
104 617 100 1000 100 0 0
218 617 100 1000 100 0 0
237 617 100 1000 100 0 0
313 617 100 1000 100 0 0
332 617 100 1 1 0 0
351 617 100 1 1 0 0
370 617 100 1 1 0 0
389 617 100 1 1 0 0
408 617 100 1 1 0 0
427 617 100 1 1 0 0
446 617 100 1 1 0 0
465 617 100 1 1 0 0
484 617 100 1 1 0 0
503 617 100 1 1 0 0
522 617 100 1 1 0 0
541 617 100 1 1 0 0
560 617 100 1 1 0 0
579 617 100 1 1 0 0
598 617 100 1 1 0 0
617 617 100 1 1 0 0
636 617 100 1 1 0 0
655 617 100 1 1 0 0
674 617 100 1 1 0 0
693 617 100 1 1 0 0
712 617 100 1 1 0 0
731 617 100 1 1 0 0
750 617 100 1 1 0 0
807 617 100 1000 100 0 0
921 617 100 1000 100 0 0
997 617 100 1000 100 0 0
1016 617 100 1000 100 0 0
85 636 100 1000 100 0 0
161 636 100 1000 100 0 0
180 636 100 1000 100 0 0
199 636 100 1000 100 0 0
218 636 100 1000 100 0 0
294 636 100 1 1 0 0
313 636 100 1 1 0 0
332 636 100 1 1 0 0
351 636 100 1 1 0 0
370 636 100 1 1 0 0
389 636 100 1 1 0 0
408 636 100 1 1 0 0
427 636 100 1 1 0 0
446 636 100 1 1 0 0
465 636 100 1 1 0 0
484 636 100 1 1 0 0
503 636 100 1 1 0 0
522 636 100 1 1 0 0
541 636 100 1 1 0 0
560 636 100 1 1 0 0
579 636 100 1 1 0 0
598 636 100 1 1 0 0
617 636 100 1 1 0 0
636 636 100 1 1 0 0
655 636 100 1 1 0 0
674 636 100 1 1 0 0
693 636 100 1 1 0 0
712 636 100 1 1 0 0
731 636 100 1 1 0 0
750 636 100 1 1 0 0
769 636 100 1 1 0 0
788 636 100 1 1 0 0
807 636 100 1 1 0 0
826 636 100 1000 100 0 0
845 636 100 1000 100 0 0
883 636 100 1000 100 0 0
1054 636 100 1000 100 0 0
1073 636 100 1000 100 0 0
1092 636 100 1000 100 0 0
47 655 100 1000 100 0 0
66 655 100 1000 100 0 0
104 655 100 1000 100 0 0
142 655 100 1000 100 0 0
180 655 100 1000 100 0 0
237 655 100 1000 100 0 0
256 655 100 1000 100 0 0
294 655 100 1 1 0 0
313 655 100 1 1 0 0
332 655 100 1 1 0 0
351 655 100 1 1 0 0
370 655 100 1 1 0 0
389 655 100 1 1 0 0
408 655 100 1 1 0 0
427 655 100 1 1 0 0
446 655 100 1 1 0 0
465 655 100 1 1 0 0
484 655 100 1 1 0 0
503 655 100 1 1 0 0
522 655 100 1 1 0 0
541 655 100 1 1 0 0
560 655 100 1 1 0 0
579 655 100 1 1 0 0
598 655 100 1 1 0 0
617 655 100 1 1 0 0
636 655 100 1 1 0 0
655 655 100 1 1 0 0
674 655 100 1 1 0 0
693 655 100 1 1 0 0
712 655 100 1 1 0 0
731 655 100 1 1 0 0
750 655 100 1 1 0 0
769 655 100 1 1 0 0
788 655 100 1 1 0 0
807 655 100 1 1 0 0
826 655 100 1000 100 0 0
864 655 100 1000 100 0 0
959 655 100 1000 100 0 0
997 655 100 1000 100 0 0
1054 655 100 1000 100 0 0
1092 655 100 1000 100 0 0
1111 655 100 1000 100 0 0
28 674 100 1000 100 0 0
47 674 100 1000 100 0 0
85 674 100 1000 100 0 0
123 674 100 1000 100 0 0
180 674 100 1000 100 0 0
256 674 100 1 1 0 0
275 674 100 1 1 0 0
294 674 100 1 1 0 0
313 674 100 1 1 0 0
332 674 100 1 1 0 0
351 674 100 1 1 0 0
370 674 100 1 1 0 0
389 674 100 1 1 0 0
408 674 100 1 1 0 0
427 674 100 1 1 0 0
446 674 100 1 1 0 0
465 674 100 1 1 0 0
484 674 100 1 1 0 0
503 674 100 1 1 0 0
522 674 100 1 1 0 0
541 674 100 1 1 0 0
560 674 100 1 1 0 0
579 674 100 1 1 0 0
598 674 100 1 1 0 0
617 674 100 1 1 0 0
636 674 100 1 1 0 0
655 674 100 1 1 0 0
674 674 100 1 1 0 0
693 674 100 1 1 0 0
712 674 100 1 1 0 0
731 674 100 1 1 0 0
750 674 100 1 1 0 0
769 674 100 1 1 0 0
788 674 100 1 1 0 0
807 674 100 1 1 0 0
826 674 100 1 1 0 0
845 674 100 1 1 0 0
883 674 100 1000 100 0 0
902 674 100 1000 100 0 0
940 674 100 1000 100 0 0
959 674 100 1000 100 0 0
1016 674 100 1000 100 0 0
1035 674 100 1000 100 0 0
1073 674 100 1000 100 0 0
9 693 100 1000 100 0 0
28 693 100 1000 100 0 0
142 693 100 1000 100 0 0
161 693 100 1000 100 0 0
180 693 100 1000 100 0 0
256 693 100 1 1 0 0
275 693 100 1 1 0 0
294 693 100 1 1 0 0
313 693 100 1 1 0 0
332 693 100 1 1 0 0
351 693 100 1 1 0 0
370 693 100 1 1 0 0
389 693 100 1 1 0 0
408 693 100 1 1 0 0
427 693 100 1 1 0 0
446 693 100 1 1 0 0
465 693 100 1 1 0 0
484 693 100 1 1 0 0
503 693 100 1 1 0 0
522 693 100 1 1 0 0
541 693 100 1 1 0 0
560 693 100 1 1 0 0
579 693 100 1 1 0 0
598 693 100 1 1 0 0
617 693 100 1 1 0 0
636 693 100 1 1 0 0
655 693 100 1 1 0 0
674 693 100 1 1 0 0
693 693 100 1 1 0 0
712 693 100 1 1 0 0
731 693 100 1 1 0 0
750 693 100 1 1 0 0
769 693 100 1 1 0 0
788 693 100 1 1 0 0
807 693 100 1 1 0 0
826 693 100 1 1 0 0
845 693 100 1 1 0 0
902 693 100 1000 100 0 0
940 693 100 1000 100 0 0
978 693 100 1000 100 0 0
997 693 100 1000 100 0 0
28 712 100 1000 100 0 0
47 712 100 1000 100 0 0
66 712 100 1000 100 0 0
85 712 100 1000 100 0 0
142 712 100 1000 100 0 0
218 712 100 1 1 0 0
237 712 100 1 1 0 0
256 712 100 1 1 0 0
275 712 100 1 1 0 0
294 712 100 1 1 0 0
313 712 100 1 1 0 0
332 712 100 1 1 0 0
351 712 100 1 1 0 0
370 712 100 1 1 0 0
389 712 100 1 1 0 0
408 712 100 1 1 0 0
427 712 100 1 1 0 0
446 712 100 1 1 0 0
465 712 100 1 1 0 0
484 712 100 1 1 0 0
503 712 100 1 1 0 0
522 712 100 1 1 0 0
541 712 100 1 1 0 0
560 712 100 1 1 0 0
579 712 100 1 1 0 0
598 712 100 1 1 0 0
617 712 100 1 1 0 0
636 712 100 1 1 0 0
655 712 100 1 1 0 0
674 712 100 1 1 0 0
693 712 100 1 1 0 0
712 712 100 1 1 0 0
731 712 100 1 1 0 0
750 712 100 1 1 0 0
769 712 100 1 1 0 0
788 712 100 1 1 0 0
807 712 100 1 1 0 0
826 712 100 1 1 0 0
845 712 100 1 1 0 0
864 712 100 1 1 0 0
883 712 100 1 1 0 0
902 712 100 1000 100 0 0
921 712 100 1000 100 0 0
1054 712 100 1000 100 0 0
1073 712 100 1000 100 0 0
47 731 100 1000 100 0 0
104 731 100 1000 100 0 0
142 731 100 1000 100 0 0
180 731 100 1000 100 0 0
199 731 100 1 1 0 0
218 731 100 1 1 0 0
237 731 100 1 1 0 0
256 731 100 1 1 0 0
275 731 100 1 1 0 0
294 731 100 1 1 0 0
313 731 100 1 1 0 0
332 731 100 1 1 0 0
351 731 100 1 1 0 0
370 731 100 1 1 0 0
389 731 100 1 1 0 0
408 731 100 1 1 0 0
427 731 100 1 1 0 0
446 731 100 1 1 0 0
465 731 100 1 1 0 0
484 731 100 1 1 0 0
503 731 100 1 1 0 0
522 731 100 1 1 0 0
541 731 100 1 1 0 0
560 731 100 1 1 0 0
579 731 100 1 1 0 0
598 731 100 1 1 0 0
617 731 100 1 1 0 0
636 731 100 1 1 0 0
655 731 100 1 1 0 0
674 731 100 1 1 0 0
693 731 100 1 1 0 0
712 731 100 1 1 0 0
731 731 100 1 1 0 0
750 731 100 1 1 0 0
769 731 100 1 1 0 0
788 731 100 1 1 0 0
807 731 100 1 1 0 0
826 731 100 1 1 0 0
845 731 100 1 1 0 0
864 731 100 1 1 0 0
883 731 100 1 1 0 0
1054 731 100 1000 100 0 0
1073 731 100 1000 100 0 0
104 750 100 1000 100 0 0
142 750 100 1000 100 0 0
199 750 100 1 1 0 0
218 750 100 1 1 0 0
237 750 100 1 1 0 0
256 750 100 1 1 0 0
275 750 100 1 1 0 0
294 750 100 1 1 0 0
313 750 100 1 1 0 0
332 750 100 1 1 0 0
351 750 100 1 1 0 0
370 750 100 1 1 0 0
389 750 100 1 1 0 0
408 750 100 1 1 0 0
427 750 100 1 1 0 0
446 750 100 1 1 0 0
465 750 100 1 1 0 0
484 750 100 1 1 0 0
503 750 100 1 1 0 0
522 750 100 1 1 0 0
541 750 100 1 1 0 0
560 750 100 1 1 0 0
579 750 100 1 1 0 0
598 750 100 1 1 0 0
617 750 100 1 1 0 0
636 750 100 1 1 0 0
655 750 100 1 1 0 0
674 750 100 1 1 0 0
693 750 100 1 1 0 0
712 750 100 1 1 0 0
731 750 100 1 1 0 0
750 750 100 1 1 0 0
769 750 100 1 1 0 0
788 750 100 1 1 0 0
807 750 100 1 1 0 0
826 750 100 1 1 0 0
845 750 100 1 1 0 0
864 750 100 1 1 0 0
883 750 100 1 1 0 0
959 750 100 1000 100 0 0
997 750 100 1000 100 0 0
1111 750 100 1000 100 0 0
9 769 100 1000 100 0 0
28 769 100 1000 100 0 0
104 769 100 1000 100 0 0
161 769 100 1 1 0 0
180 769 100 1 1 0 0
199 769 100 1 1 0 0
218 769 100 1 1 0 0
237 769 100 1 1 0 0
256 769 100 1 1 0 0
275 769 100 1 1 0 0
294 769 100 1 1 0 0
313 769 100 1 1 0 0
332 769 100 1 1 0 0
351 769 100 1 1 0 0
370 769 100 1 1 0 0
389 769 100 1 1 0 0
408 769 100 1 1 0 0
427 769 100 1 1 0 0
446 769 100 1 1 0 0
465 769 100 1 1 0 0
484 769 100 1 1 0 0
503 769 100 1 1 0 0
522 769 100 1 1 0 0
541 769 100 1 1 0 0
560 769 100 1 1 0 0
579 769 100 1 1 0 0
598 769 100 1 1 0 0
617 769 100 1 1 0 0
636 769 100 1 1 0 0
655 769 100 1 1 0 0
674 769 100 1 1 0 0
693 769 100 1 1 0 0
712 769 100 1 1 0 0
731 769 100 1 1 0 0
750 769 100 1 1 0 0
769 769 100 1 1 0 0
788 769 100 1 1 0 0
807 769 100 1 1 0 0
826 769 100 1 1 0 0
845 769 100 1 1 0 0
864 769 100 1 1 0 0
883 769 100 1 1 0 0
902 769 100 1 1 0 0
921 769 100 1 1 0 0
959 769 100 1000 100 0 0
1073 769 100 1000 100 0 0
66 788 100 1000 100 0 0
85 788 100 1000 100 0 0
104 788 100 1000 100 0 0
142 788 100 1000 100 0 0
161 788 100 1 1 0 0
180 788 100 1 1 0 0
199 788 100 1 1 0 0
218 788 100 1 1 0 0
237 788 100 1 1 0 0
256 788 100 1 1 0 0
275 788 100 1 1 0 0
294 788 100 1 1 0 0
313 788 100 1 1 0 0
332 788 100 1 1 0 0
351 788 100 1 1 0 0
370 788 100 1 1 0 0
389 788 100 1 1 0 0
408 788 100 1 1 0 0
427 788 100 1 1 0 0
446 788 100 1 1 0 0
465 788 100 1 1 0 0
484 788 100 1 1 0 0
503 788 100 1 1 0 0
522 788 100 1 1 0 0
541 788 100 1 1 0 0
560 788 100 1 1 0 0
579 788 100 1 1 0 0
598 788 100 1 1 0 0
617 788 100 1 1 0 0
636 788 100 1 1 0 0
655 788 100 1 1 0 0
674 788 100 1 1 0 0
693 788 100 1 1 0 0
712 788 100 1 1 0 0
731 788 100 1 1 0 0
750 788 100 1 1 0 0
769 788 100 1 1 0 0
788 788 100 1 1 0 0
807 788 100 1 1 0 0
826 788 100 1 1 0 0
845 788 100 1 1 0 0
864 788 100 1 1 0 0
883 788 100 1 1 0 0
902 788 100 1 1 0 0
921 788 100 1 1 0 0
959 788 100 1000 100 0 0
1111 788 100 1000 100 0 0
123 807 100 1000 100 0 0
161 807 100 1 1 0 0
180 807 100 1 1 0 0
199 807 100 1 1 0 0
218 807 100 1 1 0 0
237 807 100 1 1 0 0
256 807 100 1 1 0 0
275 807 100 1 1 0 0
294 807 100 1 1 0 0
313 807 100 1 1 0 0
332 807 100 1 1 0 0
351 807 100 1 1 0 0
370 807 100 1 1 0 0
389 807 100 1 1 0 0
408 807 100 1 1 0 0
427 807 100 1 1 0 0
446 807 100 1 1 0 0
465 807 100 1 1 0 0
484 807 100 1 1 0 0
503 807 100 1 1 0 0
522 807 100 1 1 0 0
541 807 100 1 1 0 0
560 807 100 1 1 0 0
579 807 100 1 1 0 0
598 807 100 1 1 0 0
617 807 100 1 1 0 0
636 807 100 1 1 0 0
655 807 100 1 1 0 0
674 807 100 1 1 0 0
693 807 100 1 1 0 0
712 807 100 1 1 0 0
731 807 100 1 1 0 0
750 807 100 1 1 0 0
769 807 100 1 1 0 0
788 807 100 1 1 0 0
807 807 100 1 1 0 0
826 807 100 1 1 0 0
845 807 100 1 1 0 0
864 807 100 1 1 0 0
883 807 100 1 1 0 0
902 807 100 1 1 0 0
921 807 100 1 1 0 0
940 807 100 1000 100 0 0
1073 807 100 1000 100 0 0
104 826 100 1000 100 0 0
142 826 100 1000 100 0 0
161 826 100 1 1 0 0
180 826 100 1 1 0 0
199 826 100 1 1 0 0
218 826 100 1 1 0 0
237 826 100 1 1 0 0
256 826 100 1 1 0 0
275 826 100 1 1 0 0
294 826 100 1 1 0 0
313 826 100 1 1 0 0
332 826 100 1 1 0 0
351 826 100 1 1 0 0
370 826 100 1 1 0 0
389 826 100 1 1 0 0
408 826 100 1 1 0 0
427 826 100 1 1 0 0
446 826 100 1 1 0 0
465 826 100 1 1 0 0
484 826 100 1 1 0 0
503 826 100 1 1 0 0
522 826 100 1 1 0 0
541 826 100 1 1 0 0
560 826 100 1 1 0 0
579 826 100 1 1 0 0
598 826 100 1 1 0 0
617 826 100 1 1 0 0
636 826 100 1 1 0 0
655 826 100 1 1 0 0
674 826 100 1 1 0 0
693 826 100 1 1 0 0
712 826 100 1 1 0 0
731 826 100 1 1 0 0
750 826 100 1 1 0 0
769 826 100 1 1 0 0
788 826 100 1 1 0 0
807 826 100 1 1 0 0
826 826 100 1 1 0 0
845 826 100 1 1 0 0
864 826 100 1 1 0 0
883 826 100 1 1 0 0
902 826 100 1 1 0 0
921 826 100 1 1 0 0
978 826 100 1000 100 0 0
997 826 100 1000 100 0 0
1016 826 100 1000 100 0 0
1054 826 100 1000 100 0 0
1092 826 100 1000 100 0 0
1111 826 100 1000 100 0 0
9 845 100 1000 100 0 0
47 845 100 1000 100 0 0
123 845 100 1000 100 0 0
161 845 100 1 1 0 0
180 845 100 1 1 0 0
199 845 100 1 1 0 0
218 845 100 1 1 0 0
237 845 100 1 1 0 0
256 845 100 1 1 0 0
275 845 100 1 1 0 0
294 845 100 1 1 0 0
313 845 100 1 1 0 0
332 845 100 1 1 0 0
351 845 100 1 1 0 0
370 845 100 1 1 0 0
389 845 100 1 1 0 0
408 845 100 1 1 0 0
427 845 100 1 1 0 0
446 845 100 1 1 0 0
465 845 100 1 1 0 0
484 845 100 1 1 0 0
503 845 100 1 1 0 0
522 845 100 1 1 0 0
541 845 100 1 1 0 0
560 845 100 1 1 0 0
579 845 100 1 1 0 0
598 845 100 1 1 0 0
617 845 100 1 1 0 0
636 845 100 1 1 0 0
655 845 100 1 1 0 0
674 845 100 1 1 0 0
693 845 100 1 1 0 0
712 845 100 1 1 0 0
731 845 100 1 1 0 0
750 845 100 1 1 0 0
769 845 100 1 1 0 0
788 845 100 1 1 0 0
807 845 100 1 1 0 0
826 845 100 1 1 0 0
845 845 100 1 1 0 0
864 845 100 1 1 0 0
883 845 100 1 1 0 0
902 845 100 1 1 0 0
921 845 100 1 1 0 0
959 845 100 1000 100 0 0
85 864 100 1000 100 0 0
123 864 100 1000 100 0 0
161 864 100 1 1 0 0
180 864 100 1 1 0 0
199 864 100 1 1 0 0
218 864 100 1 1 0 0
237 864 100 1 1 0 0
256 864 100 1 1 0 0
275 864 100 1 1 0 0
294 864 100 1 1 0 0
313 864 100 1 1 0 0
332 864 100 1 1 0 0
351 864 100 1 1 0 0
370 864 100 1 1 0 0
389 864 100 1 1 0 0
408 864 100 1 1 0 0
427 864 100 1 1 0 0
446 864 100 1 1 0 0
465 864 100 1 1 0 0
484 864 100 1 1 0 0
503 864 100 1 1 0 0
522 864 100 1 1 0 0
541 864 100 1 1 0 0
560 864 100 1 1 0 0
579 864 100 1 1 0 0
598 864 100 1 1 0 0
617 864 100 1 1 0 0
636 864 100 1 1 0 0
655 864 100 1 1 0 0
674 864 100 1 1 0 0
693 864 100 1 1 0 0
712 864 100 1 1 0 0
731 864 100 1 1 0 0
750 864 100 1 1 0 0
769 864 100 1 1 0 0
788 864 100 1 1 0 0
807 864 100 1 1 0 0
826 864 100 1 1 0 0
845 864 100 1 1 0 0
864 864 100 1 1 0 0
883 864 100 1 1 0 0
902 864 100 1 1 0 0
921 864 100 1 1 0 0
1073 864 100 1000 100 0 0
1111 864 100 1000 100 0 0
9 883 100 1000 100 0 0
28 883 100 1000 100 0 0
47 883 100 1000 100 0 0
85 883 100 1000 100 0 0
142 883 100 1000 100 0 0
161 883 100 1 1 0 0
180 883 100 1 1 0 0
199 883 100 1 1 0 0
218 883 100 1 1 0 0
237 883 100 1 1 0 0
256 883 100 1 1 0 0
275 883 100 1 1 0 0
294 883 100 1 1 0 0
313 883 100 1 1 0 0
332 883 100 1 1 0 0
351 883 100 1 1 0 0
370 883 100 1 1 0 0
389 883 100 1 1 0 0
408 883 100 1 1 0 0
427 883 100 1 1 0 0
446 883 100 1 1 0 0
465 883 100 1 1 0 0
484 883 100 1 1 0 0
503 883 100 1 1 0 0
522 883 100 1 1 0 0
541 883 100 1 1 0 0
560 883 100 1 1 0 0
579 883 100 1 1 0 0
598 883 100 1 1 0 0
617 883 100 1 1 0 0
636 883 100 1 1 0 0
655 883 100 1 1 0 0
674 883 100 1 1 0 0
693 883 100 1 1 0 0
712 883 100 1 1 0 0
731 883 100 1 1 0 0
750 883 100 1 1 0 0
769 883 100 1 1 0 0
788 883 100 1 1 0 0
807 883 100 1 1 0 0
826 883 100 1 1 0 0
845 883 100 1 1 0 0
864 883 100 1 1 0 0
883 883 100 1 1 0 0
902 883 100 1 1 0 0
921 883 100 1 1 0 0
940 883 100 1000 100 0 0
959 883 100 1000 100 0 0
978 883 100 1000 100 0 0
66 902 100 1000 100 0 0
104 902 100 1000 100 0 0
161 902 100 1 1 0 0
180 902 100 1 1 0 0
199 902 100 1 1 0 0
218 902 100 1 1 0 0
237 902 100 1 1 0 0
256 902 100 1 1 0 0
275 902 100 1 1 0 0
294 902 100 1 1 0 0
313 902 100 1 1 0 0
332 902 100 1 1 0 0
351 902 100 1 1 0 0
370 902 100 1 1 0 0
389 902 100 1 1 0 0
408 902 100 1 1 0 0
427 902 100 1 1 0 0
446 902 100 1 1 0 0
465 902 100 1 1 0 0
484 902 100 1 1 0 0
503 902 100 1 1 0 0
522 902 100 1 1 0 0
541 902 100 1 1 0 0
560 902 100 1 1 0 0
579 902 100 1 1 0 0
598 902 100 1 1 0 0
617 902 100 1 1 0 0
636 902 100 1 1 0 0
655 902 100 1 1 0 0
674 902 100 1 1 0 0
693 902 100 1 1 0 0
712 902 100 1 1 0 0
731 902 100 1 1 0 0
750 902 100 1 1 0 0
769 902 100 1 1 0 0
788 902 100 1 1 0 0
807 902 100 1 1 0 0
826 902 100 1 1 0 0
845 902 100 1 1 0 0
864 902 100 1 1 0 0
883 902 100 1 1 0 0
902 902 100 1 1 0 0
921 902 100 1 1 0 0
978 902 100 1000 100 0 0
1054 902 100 1000 100 0 0
9 921 100 1000 100 0 0
85 921 100 1000 100 0 0
142 921 100 1000 100 0 0
161 921 100 1 1 0 0
180 921 100 1 1 0 0
199 921 100 1 1 0 0
218 921 100 1 1 0 0
237 921 100 1 1 0 0
256 921 100 1 1 0 0
275 921 100 1 1 0 0
294 921 100 1 1 0 0
313 921 100 1 1 0 0
332 921 100 1 1 0 0
351 921 100 1 1 0 0
370 921 100 1 1 0 0
389 921 100 1 1 0 0
408 921 100 1 1 0 0
427 921 100 1 1 0 0
446 921 100 1 1 0 0
465 921 100 1 1 0 0
484 921 100 1 1 0 0
503 921 100 1 1 0 0
522 921 100 1 1 0 0
541 921 100 1 1 0 0
560 921 100 1 1 0 0
579 921 100 1 1 0 0
598 921 100 1 1 0 0
617 921 100 1 1 0 0
636 921 100 1 1 0 0
655 921 100 1 1 0 0
674 921 100 1 1 0 0
693 921 100 1 1 0 0
712 921 100 1 1 0 0
731 921 100 1 1 0 0
750 921 100 1 1 0 0
769 921 100 1 1 0 0
788 921 100 1 1 0 0
807 921 100 1 1 0 0
826 921 100 1 1 0 0
845 921 100 1 1 0 0
864 921 100 1 1 0 0
883 921 100 1 1 0 0
902 921 100 1 1 0 0
921 921 100 1 1 0 0
997 921 100 1000 100 0 0
1016 921 100 1000 100 0 0
1035 921 100 1000 100 0 0
1111 921 100 1000 100 0 0
47 940 100 1000 100 0 0
123 940 100 1000 100 0 0
142 940 100 1000 100 0 0
161 940 100 1 1 0 0
180 940 100 1 1 0 0
199 940 100 1 1 0 0
218 940 100 1 1 0 0
237 940 100 1 1 0 0
256 940 100 1 1 0 0
275 940 100 1 1 0 0
294 940 100 1 1 0 0
313 940 100 1 1 0 0
332 940 100 1 1 0 0
351 940 100 1 1 0 0
370 940 100 1 1 0 0
389 940 100 1 1 0 0
408 940 100 1 1 0 0
427 940 100 1 1 0 0
446 940 100 1 1 0 0
465 940 100 1 1 0 0
484 940 100 1 1 0 0
503 940 100 1 1 0 0
522 940 100 1 1 0 0
541 940 100 1 1 0 0
560 940 100 1 1 0 0
579 940 100 1 1 0 0
598 940 100 1 1 0 0
617 940 100 1 1 0 0
636 940 100 1 1 0 0
655 940 100 1 1 0 0
674 940 100 1 1 0 0
693 940 100 1 1 0 0
712 940 100 1 1 0 0
731 940 100 1 1 0 0
750 940 100 1 1 0 0
769 940 100 1 1 0 0
788 940 100 1 1 0 0
807 940 100 1 1 0 0
826 940 100 1 1 0 0
845 940 100 1 1 0 0
864 940 100 1 1 0 0
883 940 100 1 1 0 0
902 940 100 1 1 0 0
921 940 100 1 1 0 0
959 940 100 1000 100 0 0
1016 940 100 1000 100 0 0
1035 940 100 1000 100 0 0
1092 940 100 1000 100 0 0
1111 940 100 1000 100 0 0
123 959 100 1000 100 0 0
161 959 100 1000 100 0 0
199 959 100 1 1 0 0
218 959 100 1 1 0 0
237 959 100 1 1 0 0
256 959 100 1 1 0 0
275 959 100 1 1 0 0
294 959 100 1 1 0 0
313 959 100 1 1 0 0
332 959 100 1 1 0 0
351 959 100 1 1 0 0
370 959 100 1 1 0 0
389 959 100 1 1 0 0
408 959 100 1 1 0 0
427 959 100 1 1 0 0
446 959 100 1 1 0 0
465 959 100 1 1 0 0
503 959 100 1 1 0 0
522 959 100 1 1 0 0
541 959 100 1 1 0 0
560 959 100 1 1 0 0
579 959 100 1 1 0 0
617 959 100 1000 100 0 0
636 959 100 1 1 0 0
655 959 100 1 1 0 0
674 959 100 1 1 0 0
693 959 100 1 1 0 0
712 959 100 1 1 0 0
731 959 100 1 1 0 0
750 959 100 1 1 0 0
769 959 100 1 1 0 0
788 959 100 1 1 0 0
807 959 100 1 1 0 0
826 959 100 1 1 0 0
845 959 100 1 1 0 0
864 959 100 1 1 0 0
883 959 100 1 1 0 0
902 959 100 1000 100 0 0
921 959 100 1000 100 0 0
940 959 100 1000 100 0 0
1016 959 100 1000 100 0 0
1035 959 100 1000 100 0 0
1092 959 100 1000 100 0 0
9 978 100 1000 100 0 0
66 978 100 1000 100 0 0
85 978 100 1000 100 0 0
161 978 100 1000 100 0 0
180 978 100 1000 100 0 0
199 978 100 1 1 0 0
218 978 100 1 1 0 0
237 978 100 1 1 0 0
256 978 100 1 1 0 0
275 978 100 1 1 0 0
294 978 100 1 1 0 0
313 978 100 1 1 0 0
332 978 100 1 1 0 0
351 978 100 1 1 0 0
370 978 100 1 1 0 0
389 978 100 1 1 0 0
408 978 100 1 1 0 0
427 978 100 1 1 0 0
446 978 100 1 1 0 0
465 978 100 1 1 0 0
503 978 100 1 1 0 0
522 978 100 1 1 0 0
541 978 100 1 1 0 0
560 978 100 1 1 0 0
579 978 100 1 1 0 0
636 978 100 1 1 0 0
655 978 100 1 1 0 0
674 978 100 1 1 0 0
693 978 100 1 1 0 0
712 978 100 1 1 0 0
731 978 100 1 1 0 0
750 978 100 1 1 0 0
769 978 100 1 1 0 0
788 978 100 1 1 0 0
807 978 100 1 1 0 0
826 978 100 1 1 0 0
845 978 100 1 1 0 0
864 978 100 1 1 0 0
883 978 100 1 1 0 0
902 978 100 1000 100 0 0
978 978 100 1000 100 0 0
1016 978 100 1000 100 0 0
1073 978 100 1000 100 0 0
9 997 100 1000 100 0 0
104 997 100 1000 100 0 0
256 997 100 1 1 0 0
275 997 100 1 1 0 0
294 997 100 1 1 0 0
313 997 100 1 1 0 0
332 997 100 1 1 0 0
351 997 100 1 1 0 0
370 997 100 1 1 0 0
389 997 100 1 1 0 0
408 997 100 1 1 0 0
427 997 100 1 1 0 0
484 997 100 1000 100 0 0
503 997 100 1 1 0 0
522 997 100 1 1 0 0
541 997 100 1 1 0 0
560 997 100 1 1 0 0
579 997 100 1 1 0 0
636 997 100 1000 100 0 0
674 997 100 1 1 0 0
693 997 100 1 1 0 0
712 997 100 1 1 0 0
731 997 100 1 1 0 0
750 997 100 1 1 0 0
769 997 100 1 1 0 0
788 997 100 1 1 0 0
807 997 100 1 1 0 0
826 997 100 1 1 0 0
845 997 100 1 1 0 0
864 997 100 1000 100 0 0
921 997 100 1000 100 0 0
959 997 100 1000 100 0 0
978 997 100 1000 100 0 0
142 1016 100 1000 100 0 0
218 1016 100 1000 100 0 0
256 1016 100 1 1 0 0
275 1016 100 1 1 0 0
294 1016 100 1 1 0 0
313 1016 100 1 1 0 0
332 1016 100 1 1 0 0
351 1016 100 1 1 0 0
370 1016 100 1 1 0 0
389 1016 100 1 1 0 0
408 1016 100 1 1 0 0
427 1016 100 1 1 0 0
503 1016 100 1 1 0 0
522 1016 100 1 1 0 0
541 1016 100 1 1 0 0
560 1016 100 1 1 0 0
579 1016 100 1 1 0 0
636 1016 100 1000 100 0 0
674 1016 100 1 1 0 0
693 1016 100 1 1 0 0
712 1016 100 1 1 0 0
731 1016 100 1 1 0 0
750 1016 100 1 1 0 0
769 1016 100 1 1 0 0
788 1016 100 1 1 0 0
807 1016 100 1 1 0 0
826 1016 100 1 1 0 0
845 1016 100 1 1 0 0
864 1016 100 1000 100 0 0
883 1016 100 1000 100 0 0
940 1016 100 1000 100 0 0
959 1016 100 1000 100 0 0
978 1016 100 1000 100 0 0
1073 1016 100 1000 100 0 0
9 1035 100 1000 100 0 0
28 1035 100 1000 100 0 0
47 1035 100 1000 100 0 0
104 1035 100 1000 100 0 0
180 1035 100 1000 100 0 0
294 1035 100 1 1 0 0
313 1035 100 1 1 0 0
332 1035 100 1 1 0 0
351 1035 100 1 1 0 0
370 1035 100 1 1 0 0
389 1035 100 1 1 0 0
408 1035 100 1 1 0 0
427 1035 100 1000 100 0 0
465 1035 100 1000 100 0 0
503 1035 100 1 1 0 0
522 1035 100 1 1 0 0
541 1035 100 1 1 0 0
560 1035 100 1 1 0 0
579 1035 100 1 1 0 0
617 1035 100 1000 100 0 0
674 1035 100 1000 100 0 0
693 1035 100 1000 100 0 0
712 1035 100 1 1 0 0
731 1035 100 1 1 0 0
750 1035 100 1 1 0 0
769 1035 100 1 1 0 0
788 1035 100 1 1 0 0
807 1035 100 1 1 0 0
826 1035 100 1000 100 0 0
864 1035 100 1000 100 0 0
1035 1035 100 1000 100 0 0
1073 1035 100 1000 100 0 0
9 1054 100 1000 100 0 0
104 1054 100 1000 100 0 0
123 1054 100 1000 100 0 0
161 1054 100 1000 100 0 0
218 1054 100 1000 100 0 0
237 1054 100 1000 100 0 0
275 1054 100 1000 100 0 0
294 1054 100 1 1 0 0
313 1054 100 1 1 0 0
332 1054 100 1 1 0 0
351 1054 100 1 1 0 0
370 1054 100 1 1 0 0
389 1054 100 1 1 0 0
408 1054 100 1 1 0 0
503 1054 100 1 1 0 0
522 1054 100 1 1 0 0
541 1054 100 1 1 0 0
560 1054 100 1 1 0 0
579 1054 100 1 1 0 0
617 1054 100 1000 100 0 0
636 1054 100 1000 100 0 0
674 1054 100 1000 100 0 0
693 1054 100 1000 100 0 0
712 1054 100 1 1 0 0
731 1054 100 1 1 0 0
750 1054 100 1 1 0 0
769 1054 100 1 1 0 0
788 1054 100 1 1 0 0
807 1054 100 1 1 0 0
826 1054 100 1000 100 0 0
845 1054 100 1000 100 0 0
902 1054 100 1000 100 0 0
1016 1054 100 1000 100 0 0
1035 1054 100 1000 100 0 0
1054 1054 100 1000 100 0 0
1073 1054 100 1000 100 0 0
1092 1054 100 1000 100 0 0
47 1073 100 1000 100 0 0
199 1073 100 1000 100 0 0
218 1073 100 1000 100 0 0
237 1073 100 1000 100 0 0
256 1073 100 1000 100 0 0
370 1073 100 1000 100 0 0
408 1073 100 1000 100 0 0
427 1073 100 1000 100 0 0
503 1073 100 1 1 0 0
522 1073 100 1 1 0 0
541 1073 100 1 1 0 0
560 1073 100 1 1 0 0
579 1073 100 1 1 0 0
598 1073 100 1000 100 0 0
693 1073 100 1000 100 0 0
731 1073 100 1000 100 0 0
769 1073 100 1000 100 0 0
788 1073 100 1000 100 0 0
807 1073 100 1000 100 0 0
864 1073 100 1000 100 0 0
940 1073 100 1 1 0 0
959 1073 100 1 1 0 0
978 1073 100 1 1 0 0
28 1092 100 1000 100 0 0
47 1092 100 1000 100 0 0
104 1092 100 1000 100 0 0
161 1092 100 1000 100 0 0
218 1092 100 1000 100 0 0
294 1092 100 1000 100 0 0
313 1092 100 1000 100 0 0
370 1092 100 1000 100 0 0
408 1092 100 1000 100 0 0
446 1092 100 1000 100 0 0
484 1092 100 1000 100 0 0
503 1092 100 1 1 0 0
522 1092 100 1 1 0 0
541 1092 100 1 1 0 0
560 1092 100 1 1 0 0
579 1092 100 1 1 0 0
598 1092 100 1000 100 0 0
712 1092 100 1000 100 0 0
940 1092 100 1 1 0 0
959 1092 100 1 1 0 0
978 1092 100 1 1 0 0
997 1092 100 1000 100 0 0
1016 1092 100 1000 100 0 0
1035 1092 100 1000 100 0 0
1054 1092 100 1000 100 0 0
1073 1092 100 1000 100 0 0
1092 1092 100 1000 100 0 0
28 1111 100 1000 100 0 0
47 1111 100 1000 100 0 0
142 1111 100 1000 100 0 0
180 1111 100 1000 100 0 0
199 1111 100 1000 100 0 0
237 1111 100 1000 100 0 0
294 1111 100 1000 100 0 0
313 1111 100 1000 100 0 0
389 1111 100 1000 100 0 0
408 1111 100 1000 100 0 0
427 1111 100 1000 100 0 0
484 1111 100 1 1 0 0
503 1111 100 1 1 0 0
522 1111 100 1 1 0 0
541 1111 100 1 1 0 0
560 1111 100 1 1 0 0
579 1111 100 1 1 0 0
598 1111 100 1 1 0 0
617 1111 100 1 1 0 0
769 1111 100 1000 100 0 0
807 1111 100 1000 100 0 0
826 1111 100 1000 100 0 0
864 1111 100 1 1 0 0
883 1111 100 1 1 0 0
902 1111 100 1 1 0 0
921 1111 100 1 1 0 0
940 1111 100 1 1 0 0
959 1111 100 1 1 0 0
978 1111 100 1 1 0 0
997 1111 100 1 1 0 0
1016 1111 100 1 1 0 0
1035 1111 100 1 1 0 0
1054 1111 100 1 1 0 0
1092 1111 100 1000 100 0 0
1111 1111 100 1000 100 0 0
47 1130 100 1000 100 0 0
85 1130 100 1000 100 0 0
123 1130 100 1000 100 0 0
161 1130 100 1000 100 0 0
180 1130 100 1000 100 0 0
218 1130 100 1000 100 0 0
237 1130 100 1000 100 0 0
294 1130 100 1000 100 0 0
351 1130 100 1000 100 0 0
370 1130 100 1000 100 0 0
408 1130 100 1000 100 0 0
465 1130 100 1 1 0 0
484 1130 100 1 1 0 0
503 1130 100 1 1 0 0
522 1130 100 1 1 0 0
541 1130 100 1 1 0 0
560 1130 100 1 1 0 0
579 1130 100 1 1 0 0
598 1130 100 1 1 0 0
617 1130 100 1 1 0 0
693 1130 100 1000 100 0 0
712 1130 100 1000 100 0 0
826 1130 100 1000 100 0 0
845 1130 100 1 1 0 0
864 1130 100 1 1 0 0
883 1130 100 1 1 0 0
902 1130 100 1 1 0 0
921 1130 100 1 1 0 0
940 1130 100 1 1 0 0
959 1130 100 1 1 0 0
978 1130 100 1 1 0 0
997 1130 100 1 1 0 0
1016 1130 100 1 1 0 0
1035 1130 100 1 1 0 0
1054 1130 100 1 1 0 0
1073 1130 100 1000 100 0 0
28 1149 100 1000 100 0 0
161 1149 100 1000 100 0 0
180 1149 100 1000 100 0 0
237 1149 100 1000 100 0 0
294 1149 100 1000 100 0 0
427 1149 100 1 1 0 0
446 1149 100 1 1 0 0
465 1149 100 1 1 0 0
484 1149 100 1 1 0 0
503 1149 100 1 1 0 0
522 1149 100 1 1 0 0
541 1149 100 1 1 0 0
560 1149 100 1 1 0 0
579 1149 100 1 1 0 0
598 1149 100 1 1 0 0
617 1149 100 1 1 0 0
636 1149 100 1 1 0 0
655 1149 100 1 1 0 0
712 1149 100 1000 100 0 0
731 1149 100 1000 100 0 0
750 1149 100 1000 100 0 0
826 1149 100 1000 100 0 0
845 1149 100 1 1 0 0
864 1149 100 1 1 0 0
883 1149 100 1 1 0 0
902 1149 100 1 1 0 0
921 1149 100 1 1 0 0
940 1149 100 1 1 0 0
959 1149 100 1 1 0 0
978 1149 100 1 1 0 0
997 1149 100 1 1 0 0
1016 1149 100 1 1 0 0
1035 1149 100 1 1 0 0
1054 1149 100 1 1 0 0
1092 1149 100 1000 100 0 0
9 1168 100 1000 100 0 0
47 1168 100 1000 100 0 0
85 1168 100 1000 100 0 0
104 1168 100 1000 100 0 0
142 1168 100 1000 100 0 0
180 1168 100 1000 100 0 0
237 1168 100 1000 100 0 0
275 1168 100 1000 100 0 0
370 1168 100 1000 100 0 0
408 1168 100 1 1 0 0
427 1168 100 1 1 0 0
446 1168 100 1 1 0 0
465 1168 100 1 1 0 0
484 1168 100 1 1 0 0
503 1168 100 1 1 0 0
522 1168 100 1 1 0 0
541 1168 100 1 1 0 0
560 1168 100 1 1 0 0
579 1168 100 1 1 0 0
598 1168 100 1 1 0 0
617 1168 100 1 1 0 0
636 1168 100 1 1 0 0
655 1168 100 1 1 0 0
674 1168 100 1 1 0 0
693 1168 100 1000 100 0 0
807 1168 100 1000 100 0 0
845 1168 100 1 1 0 0
864 1168 100 1 1 0 0
883 1168 100 1 1 0 0
902 1168 100 1 1 0 0
921 1168 100 1 1 0 0
940 1168 100 1 1 0 0
959 1168 100 1 1 0 0
978 1168 100 1 1 0 0
997 1168 100 1 1 0 0
1016 1168 100 1 1 0 0
1035 1168 100 1 1 0 0
1054 1168 100 1 1 0 0
66 1187 100 1000 100 0 0
142 1187 100 1000 100 0 0
161 1187 100 1000 100 0 0
237 1187 100 1000 100 0 0
332 1187 100 1000 100 0 0
351 1187 100 1 1 0 0
370 1187 100 1 1 0 0
389 1187 100 1 1 0 0
408 1187 100 1 1 0 0
427 1187 100 1 1 0 0
446 1187 100 1 1 0 0
465 1187 100 1 1 0 0
484 1187 100 1 1 0 0
503 1187 100 1 1 0 0
522 1187 100 1 1 0 0
541 1187 100 1 1 0 0
560 1187 100 1 1 0 0
579 1187 100 1 1 0 0
598 1187 100 1 1 0 0
617 1187 100 1 1 0 0
636 1187 100 1 1 0 0
655 1187 100 1 1 0 0
674 1187 100 1 1 0 0
693 1187 100 1 1 0 0
712 1187 100 1 1 0 0
731 1187 100 1 1 0 0
750 1187 100 1 1 0 0
807 1187 100 1000 100 0 0
845 1187 100 1 1 0 0
864 1187 100 1 1 0 0
883 1187 100 1 1 0 0
902 1187 100 1 1 0 0
921 1187 100 1 1 0 0
940 1187 100 1 1 0 0
959 1187 100 1 1 0 0
978 1187 100 1 1 0 0
997 1187 100 1 1 0 0
1016 1187 100 1 1 0 0
1035 1187 100 1 1 0 0
1054 1187 100 1 1 0 0
1092 1187 100 1000 100 0 0
47 1206 100 1000 100 0 0
66 1206 100 1000 100 0 0
104 1206 100 1000 100 0 0
161 1206 100 1000 100 0 0
180 1206 100 1000 100 0 0
237 1206 100 1000 100 0 0
275 1206 100 1000 100 0 0
294 1206 100 1000 100 0 0
332 1206 100 1 1 0 0
351 1206 100 1 1 0 0
370 1206 100 1 1 0 0
389 1206 100 1 1 0 0
408 1206 100 1 1 0 0
427 1206 100 1 1 0 0
446 1206 100 1 1 0 0
465 1206 100 1 1 0 0
484 1206 100 1 1 0 0
503 1206 100 1 1 0 0
522 1206 100 1 1 0 0
541 1206 100 1 1 0 0
560 1206 100 1 1 0 0
579 1206 100 1 1 0 0
598 1206 100 1 1 0 0
617 1206 100 1 1 0 0
636 1206 100 1 1 0 0
655 1206 100 1 1 0 0
674 1206 100 1 1 0 0
693 1206 100 1 1 0 0
712 1206 100 1 1 0 0
731 1206 100 1 1 0 0
750 1206 100 1 1 0 0
769 1206 100 1000 100 0 0
788 1206 100 1000 100 0 0
807 1206 100 1000 100 0 0
902 1206 100 1 1 0 0
921 1206 100 1 1 0 0
940 1206 100 1 1 0 0
959 1206 100 1 1 0 0
978 1206 100 1 1 0 0
997 1206 100 1 1 0 0
1016 1206 100 1 1 0 0
1035 1206 100 1000 100 0 0
1054 1206 100 1000 100 0 0
1073 1206 100 1000 100 0 0
1092 1206 100 1000 100 0 0
1111 1206 100 1000 100 0 0
9 1225 100 1000 100 0 0
28 1225 100 1000 100 0 0
85 1225 100 1000 100 0 0
256 1225 100 1000 100 0 0
332 1225 100 1 1 0 0
351 1225 100 1 1 0 0
370 1225 100 1 1 0 0
389 1225 100 1 1 0 0
408 1225 100 1 1 0 0
427 1225 100 1 1 0 0
446 1225 100 1 1 0 0
465 1225 100 1 1 0 0
484 1225 100 1 1 0 0
503 1225 100 1 1 0 0
522 1225 100 1 1 0 0
541 1225 100 1 1 0 0
560 1225 100 1 1 0 0
579 1225 100 1 1 0 0
598 1225 100 1 1 0 0
617 1225 100 1 1 0 0
636 1225 100 1 1 0 0
655 1225 100 1 1 0 0
674 1225 100 1 1 0 0
693 1225 100 1 1 0 0
712 1225 100 1 1 0 0
731 1225 100 1 1 0 0
750 1225 100 1 1 0 0
769 1225 100 1000 100 0 0
807 1225 100 1000 100 0 0
883 1225 100 1000 100 0 0
902 1225 100 1 1 0 0
921 1225 100 1 1 0 0
940 1225 100 1 1 0 0
959 1225 100 1 1 0 0
978 1225 100 1 1 0 0
997 1225 100 1 1 0 0
1016 1225 100 1 1 0 0
1035 1225 100 1000 100 0 0
1054 1225 100 1000 100 0 0
1073 1225 100 1000 100 0 0
1111 1225 100 1000 100 0 0
85 1244 100 1000 100 0 0
104 1244 100 1000 100 0 0
161 1244 100 1000 100 0 0
218 1244 100 1000 100 0 0
275 1244 100 1000 100 0 0
294 1244 100 1000 100 0 0
389 1244 100 1000 100 0 0
427 1244 100 1000 100 0 0
522 1244 100 1000 100 0 0
541 1244 100 1000 100 0 0
598 1244 100 1000 100 0 0
636 1244 100 1000 100 0 0
674 1244 100 1000 100 0 0
712 1244 100 1000 100 0 0
826 1244 100 1000 100 0 0
845 1244 100 1000 100 0 0
883 1244 100 1000 100 0 0
902 1244 100 1000 100 0 0
940 1244 100 1 1 0 0
959 1244 100 1 1 0 0
978 1244 100 1 1 0 0
1035 1244 100 1000 100 0 0
28 1263 100 1000 100 0 0
47 1263 100 1000 100 0 0
66 1263 100 1000 100 0 0
104 1263 100 1000 100 0 0
180 1263 100 1000 100 0 0
237 1263 100 1000 100 0 0
313 1263 100 1000 100 0 0
332 1263 100 1000 100 0 0
370 1263 100 1000 100 0 0
389 1263 100 1000 100 0 0
408 1263 100 1000 100 0 0
427 1263 100 1000 100 0 0
484 1263 100 1000 100 0 0
541 1263 100 1000 100 0 0
579 1263 100 1000 100 0 0
598 1263 100 1000 100 0 0
617 1263 100 1000 100 0 0
636 1263 100 1000 100 0 0
712 1263 100 1000 100 0 0
750 1263 100 1000 100 0 0
864 1263 100 1000 100 0 0
902 1263 100 1000 100 0 0
921 1263 100 1000 100 0 0
940 1263 100 1 1 0 0
959 1263 100 1 1 0 0
978 1263 100 1 1 0 0
1092 1263 100 1000 100 0 0
1111 1263 100 1000 100 0 0
9 1282 100 1000 100 0 0
47 1282 100 1000 100 0 0
123 1282 100 1000 100 0 0
161 1282 100 1000 100 0 0
199 1282 100 1000 100 0 0
218 1282 100 1000 100 0 0
237 1282 100 1000 100 0 0
313 1282 100 1000 100 0 0
465 1282 100 1000 100 0 0
484 1282 100 1000 100 0 0
560 1282 100 1000 100 0 0
579 1282 100 1000 100 0 0
598 1282 100 1000 100 0 0
655 1282 100 1000 100 0 0
731 1282 100 1000 100 0 0
769 1282 100 1000 100 0 0
826 1282 100 1000 100 0 0
864 1282 100 1000 100 0 0
883 1282 100 1000 100 0 0
902 1282 100 1000 100 0 0
921 1282 100 1000 100 0 0
959 1282 100 1000 100 0 0
978 1282 100 1000 100 0 0
1054 1282 100 1000 100 0 0
1092 1282 100 1000 100 0 0
1111 1282 100 1000 100 0 0
28 1301 100 1000 100 0 0
47 1301 100 1000 100 0 0
85 1301 100 1000 100 0 0
142 1301 100 1000 100 0 0
218 1301 100 1000 100 0 0
313 1301 100 1000 100 0 0
332 1301 100 1000 100 0 0
484 1301 100 1000 100 0 0
522 1301 100 1000 100 0 0
541 1301 100 1000 100 0 0
674 1301 100 1000 100 0 0
693 1301 100 1000 100 0 0
731 1301 100 1000 100 0 0
826 1301 100 1000 100 0 0
845 1301 100 1000 100 0 0
883 1301 100 1000 100 0 0
940 1301 100 1000 100 0 0
1016 1301 100 1000 100 0 0
1035 1301 100 1000 100 0 0
9 1320 100 1000 100 0 0
47 1320 100 1000 100 0 0
85 1320 100 1000 100 0 0
142 1320 100 1000 100 0 0
199 1320 100 1000 100 0 0
237 1320 100 1000 100 0 0
275 1320 100 1000 100 0 0
294 1320 100 1000 100 0 0
313 1320 100 1000 100 0 0
351 1320 100 1000 100 0 0
408 1320 100 1000 100 0 0
427 1320 100 1000 100 0 0
503 1320 100 1000 100 0 0
560 1320 100 1000 100 0 0
579 1320 100 1000 100 0 0
750 1320 100 1000 100 0 0
788 1320 100 1000 100 0 0
807 1320 100 1000 100 0 0
826 1320 100 1000 100 0 0
902 1320 100 1 1 0 0
921 1320 100 1 1 0 0
997 1320 100 1 1 0 0
1016 1320 100 1 1 0 0
1035 1320 100 1000 100 0 0
1073 1320 100 1000 100 0 0
85 1339 100 1000 100 0 0
123 1339 100 1000 100 0 0
294 1339 100 1000 100 0 0
351 1339 100 1000 100 0 0
370 1339 100 1000 100 0 0
389 1339 100 1000 100 0 0
408 1339 100 1000 100 0 0
427 1339 100 1000 100 0 0
484 1339 100 1000 100 0 0
522 1339 100 1000 100 0 0
598 1339 100 1000 100 0 0
617 1339 100 1000 100 0 0
693 1339 100 1000 100 0 0
731 1339 100 1000 100 0 0
826 1339 100 1000 100 0 0
845 1339 100 1000 100 0 0
902 1339 100 1 1 0 0
921 1339 100 1 1 0 0
997 1339 100 1 1 0 0
1016 1339 100 1 1 0 0
1035 1339 100 1000 100 0 0
1092 1339 100 1000 100 0 0
9 1358 100 1000 100 0 0
47 1358 100 1000 100 0 0
66 1358 100 1000 100 0 0
161 1358 100 1000 100 0 0
199 1358 100 1000 100 0 0
237 1358 100 1000 100 0 0
313 1358 100 1000 100 0 0
332 1358 100 1000 100 0 0
351 1358 100 1000 100 0 0
389 1358 100 1000 100 0 0
541 1358 100 1000 100 0 0
579 1358 100 1000 100 0 0
636 1358 100 1000 100 0 0
845 1358 100 1000 100 0 0
883 1358 100 1000 100 0 0
902 1358 100 1 1 0 0
921 1358 100 1 1 0 0
997 1358 100 1 1 0 0
1016 1358 100 1 1 0 0
1035 1358 100 1000 100 0 0
1073 1358 100 1000 100 0 0
1092 1358 100 1000 100 0 0
1111 1358 100 1000 100 0 0
9 1377 100 1000 100 0 0
85 1377 100 1000 100 0 0
104 1377 100 1000 100 0 0
123 1377 100 1000 100 0 0
161 1377 100 1000 100 0 0
256 1377 100 1000 100 0 0
351 1377 100 1000 100 0 0
370 1377 100 1000 100 0 0
389 1377 100 1000 100 0 0
427 1377 100 1000 100 0 0
446 1377 100 1000 100 0 0
484 1377 100 1000 100 0 0
503 1377 100 1000 100 0 0
617 1377 100 1000 100 0 0
655 1377 100 1000 100 0 0
674 1377 100 1000 100 0 0
693 1377 100 1000 100 0 0
712 1377 100 1000 100 0 0
769 1377 100 1000 100 0 0
788 1377 100 1000 100 0 0
807 1377 100 1000 100 0 0
864 1377 100 1000 100 0 0
883 1377 100 1000 100 0 0
902 1377 100 1 1 0 0
921 1377 100 1 1 0 0
940 1377 100 1 1 0 0
959 1377 100 1 1 0 0
978 1377 100 1 1 0 0
997 1377 100 1 1 0 0
1016 1377 100 1 1 0 0
1073 1377 100 1000 100 0 0
28 1396 100 1000 100 0 0
66 1396 100 1000 100 0 0
104 1396 100 1000 100 0 0
123 1396 100 1000 100 0 0
180 1396 100 1000 100 0 0
218 1396 100 1000 100 0 0
275 1396 100 1000 100 0 0
294 1396 100 1000 100 0 0
313 1396 100 1000 100 0 0
370 1396 100 1000 100 0 0
389 1396 100 1000 100 0 0
408 1396 100 1000 100 0 0
503 1396 100 1000 100 0 0
541 1396 100 1000 100 0 0
579 1396 100 1000 100 0 0
636 1396 100 1000 100 0 0
712 1396 100 1000 100 0 0
731 1396 100 1000 100 0 0
750 1396 100 1000 100 0 0
788 1396 100 1000 100 0 0
826 1396 100 1000 100 0 0
902 1396 100 1 1 0 0
921 1396 100 1 1 0 0
940 1396 100 1 1 0 0
959 1396 100 1 1 0 0
978 1396 100 1 1 0 0
997 1396 100 1 1 0 0
1016 1396 100 1 1 0 0
1111 1396 100 1000 100 0 0
9 1415 100 1000 100 0 0
28 1415 100 1000 100 0 0
66 1415 100 1000 100 0 0
85 1415 100 1000 100 0 0
123 1415 100 1000 100 0 0
142 1415 100 1000 100 0 0
199 1415 100 1000 100 0 0
275 1415 100 1000 100 0 0
332 1415 100 1000 100 0 0
351 1415 100 1000 100 0 0
389 1415 100 1000 100 0 0
408 1415 100 1000 100 0 0
446 1415 100 1000 100 0 0
465 1415 100 1000 100 0 0
484 1415 100 1000 100 0 0
503 1415 100 1000 100 0 0
522 1415 100 1000 100 0 0
560 1415 100 1000 100 0 0
598 1415 100 1000 100 0 0
617 1415 100 1000 100 0 0
674 1415 100 1000 100 0 0
845 1415 100 1000 100 0 0
902 1415 100 1 1 0 0
921 1415 100 1 1 0 0
940 1415 100 1000 100 0 0
978 1415 100 1000 100 0 0
997 1415 100 1 1 0 0
1016 1415 100 1 1 0 0
1035 1415 100 1000 100 0 0
1092 1415 100 1000 100 0 0
180 1434 100 1000 100 0 0
199 1434 100 1000 100 0 0
237 1434 100 1000 100 0 0
275 1434 100 1000 100 0 0
332 1434 100 1000 100 0 0
351 1434 100 1000 100 0 0
370 1434 100 1000 100 0 0
408 1434 100 1000 100 0 0
427 1434 100 1000 100 0 0
503 1434 100 1000 100 0 0
541 1434 100 1000 100 0 0
560 1434 100 1000 100 0 0
579 1434 100 1000 100 0 0
617 1434 100 1000 100 0 0
674 1434 100 1000 100 0 0
712 1434 100 1000 100 0 0
826 1434 100 1000 100 0 0
845 1434 100 1000 100 0 0
883 1434 100 1000 100 0 0
902 1434 100 1 1 0 0
921 1434 100 1 1 0 0
978 1434 100 1000 100 0 0
997 1434 100 1 1 0 0
1016 1434 100 1 1 0 0
1035 1434 100 1000 100 0 0
1054 1434 100 1000 100 0 0
1073 1434 100 1000 100 0 0
85 1453 100 1000 100 0 0
123 1453 100 1000 100 0 0
199 1453 100 1000 100 0 0
218 1453 100 1000 100 0 0
256 1453 100 1000 100 0 0
313 1453 100 1000 100 0 0
332 1453 100 1000 100 0 0
370 1453 100 1000 100 0 0
465 1453 100 1000 100 0 0
484 1453 100 1000 100 0 0
560 1453 100 1000 100 0 0
636 1453 100 1000 100 0 0
674 1453 100 1000 100 0 0
693 1453 100 1000 100 0 0
750 1453 100 1000 100 0 0
788 1453 100 1000 100 0 0
826 1453 100 1000 100 0 0
845 1453 100 1000 100 0 0
864 1453 100 1000 100 0 0
883 1453 100 1000 100 0 0
902 1453 100 1 1 0 0
921 1453 100 1 1 0 0
940 1453 100 1 1 0 0
959 1453 100 1 1 0 0
978 1453 100 1 1 0 0
997 1453 100 1 1 0 0
1016 1453 100 1 1 0 0
1073 1453 100 1000 100 0 0
9 1472 100 1000 100 0 0
66 1472 100 1000 100 0 0
123 1472 100 1000 100 0 0
294 1472 100 1000 100 0 0
313 1472 100 1000 100 0 0
389 1472 100 1000 100 0 0
465 1472 100 1000 100 0 0
503 1472 100 1000 100 0 0
522 1472 100 1000 100 0 0
541 1472 100 1000 100 0 0
579 1472 100 1000 100 0 0
693 1472 100 1000 100 0 0
769 1472 100 1000 100 0 0
788 1472 100 1000 100 0 0
826 1472 100 1000 100 0 0
883 1472 100 1000 100 0 0
902 1472 100 1 1 0 0
921 1472 100 1 1 0 0
940 1472 100 1 1 0 0
959 1472 100 1 1 0 0
978 1472 100 1 1 0 0
997 1472 100 1 1 0 0
1016 1472 100 1 1 0 0
66 1491 100 1000 100 0 0
104 1491 100 1000 100 0 0
294 1491 100 1000 100 0 0
351 1491 100 1000 100 0 0
370 1491 100 1000 100 0 0
446 1491 100 1000 100 0 0
465 1491 100 1000 100 0 0
541 1491 100 1000 100 0 0
560 1491 100 1000 100 0 0
731 1491 100 1000 100 0 0
750 1491 100 1000 100 0 0
788 1491 100 1000 100 0 0
807 1491 100 1000 100 0 0
826 1491 100 1000 100 0 0
845 1491 100 1000 100 0 0
940 1491 100 1 1 0 0
959 1491 100 1 1 0 0
978 1491 100 1 1 0 0
997 1491 100 1000 100 0 0
1016 1491 100 1000 100 0 0
1054 1491 100 1000 100 0 0
1073 1491 100 1000 100 0 0
9 1510 100 1000 100 0 0
85 1510 100 1000 100 0 0
142 1510 100 1000 100 0 0
161 1510 100 1000 100 0 0
180 1510 100 1000 100 0 0
199 1510 100 1000 100 0 0
351 1510 100 1000 100 0 0
484 1510 100 1000 100 0 0
522 1510 100 1000 100 0 0
541 1510 100 1000 100 0 0
598 1510 100 1000 100 0 0
674 1510 100 1000 100 0 0
712 1510 100 1000 100 0 0
769 1510 100 1000 100 0 0
788 1510 100 1000 100 0 0
921 1510 100 1000 100 0 0
940 1510 100 1 1 0 0
959 1510 100 1 1 0 0
978 1510 100 1 1 0 0
9 1529 100 1000 100 0 0
28 1529 100 1000 100 0 0
161 1529 100 1000 100 0 0
180 1529 100 1000 100 0 0
237 1529 100 1000 100 0 0
256 1529 100 1000 100 0 0
294 1529 100 1000 100 0 0
332 1529 100 1000 100 0 0
408 1529 100 1000 100 0 0
522 1529 100 1000 100 0 0
693 1529 100 1000 100 0 0
769 1529 100 1000 100 0 0
807 1529 100 1000 100 0 0
845 1529 100 1000 100 0 0
864 1529 100 1000 100 0 0
883 1529 100 1000 100 0 0
1016 1529 100 1000 100 0 0
1035 1529 100 1000 100 0 0
1092 1529 100 1000 100 0 0
