50
111
50
1
1
1
483
600
1001
1023
777
2730
258 27 100 1 1 0 0
269 27 100 1 1 0 0
280 27 100 1 1 0 0
731 27 100 1 1 0 0
742 27 100 1 1 0 0
753 27 100 1 1 0 0
258 38 100 1 1 0 0
269 38 100 1000 100 0 0
280 38 100 1 1 0 0
720 38 100 1 1 0 0
731 38 100 1 1 0 0
742 38 100 1000 100 0 0
753 38 100 1 1 0 0
236 49 100 1 1 0 0
247 49 100 1 1 0 0
258 49 100 1 1 0 0
269 49 100 1000 100 0 0
280 49 100 1 1 0 0
720 49 100 1 1 0 0
731 49 100 1000 100 0 0
742 49 100 1000 100 0 0
753 49 100 1 1 0 0
764 49 100 1 1 0 0
225 60 100 1 1 0 0
236 60 100 1 1 0 0
247 60 100 1000 100 0 0
258 60 100 1000 100 0 0
269 60 100 1000 100 0 0
280 60 100 1 1 0 0
720 60 100 1 1 0 0
731 60 100 1000 100 0 0
742 60 100 1 1 0 0
753 60 100 1000 100 0 0
764 60 100 1 1 0 0
225 71 100 1 1 0 0
236 71 100 1000 100 0 0
247 71 100 1 1 0 0
258 71 100 1 1 0 0
269 71 100 1000 100 0 0
280 71 100 1 1 0 0
720 71 100 1 1 0 0
731 71 100 1000 100 0 0
742 71 100 1 1 0 0
753 71 100 1000 100 0 0
764 71 100 1 1 0 0
225 82 100 1 1 0 0
236 82 100 1000 100 0 0
247 82 100 1 1 0 0
258 82 100 1 1 0 0
269 82 100 1000 100 0 0
280 82 100 1 1 0 0
291 82 100 1 1 0 0
709 82 100 1 1 0 0
720 82 100 1 1 0 0
731 82 100 1000 100 0 0
742 82 100 1 1 0 0
753 82 100 1000 100 0 0
764 82 100 1 1 0 0
775 82 100 1 1 0 0
786 82 100 1 1 0 0
203 93 100 1 1 0 0
214 93 100 1 1 0 0
225 93 100 1 1 0 0
236 93 100 1000 100 0 0
247 93 100 1 1 0 0
258 93 100 1 1 0 0
269 93 100 1 1 0 0
280 93 100 1000 100 0 0
291 93 100 1 1 0 0
302 93 100 1 1 0 0
313 93 100 1 1 0 0
390 93 100 1 1 0 0
401 93 100 1 1 0 0
412 93 100 1 1 0 0
423 93 100 1 1 0 0
434 93 100 1 1 0 0
445 93 100 1 1 0 0
456 93 100 1 1 0 0
467 93 100 1 1 0 0
478 93 100 1 1 0 0
489 93 100 1 1 0 0
500 93 100 1 1 0 0
511 93 100 1 1 0 0
522 93 100 1 1 0 0
533 93 100 1 1 0 0
544 93 100 1 1 0 0
555 93 100 1 1 0 0
566 93 100 1 1 0 0
698 93 100 1 1 0 0
709 93 100 1 1 0 0
720 93 100 1000 100 0 0
731 93 100 1 1 0 0
742 93 100 1 1 0 0
753 93 100 1 1 0 0
764 93 100 1000 100 0 0
775 93 100 1000 100 0 0
786 93 100 1 1 0 0
203 104 100 1 1 0 0
214 104 100 1000 100 0 0
225 104 100 1000 100 0 0
236 104 100 1 1 0 0
247 104 100 1 1 0 0
269 104 100 1 1 0 0
280 104 100 1 1 0 0
291 104 100 1000 100 0 0
302 104 100 1000 100 0 0
313 104 100 1 1 0 0
324 104 100 1 1 0 0
335 104 100 1 1 0 0
346 104 100 1 1 0 0
357 104 100 1 1 0 0
368 104 100 1 1 0 0
379 104 100 1 1 0 0
390 104 100 1 1 0 0
401 104 100 1000 100 0 0
412 104 100 1000 100 0 0
423 104 100 1000 100 0 0
434 104 100 1000 100 0 0
445 104 100 1000 100 0 0
456 104 100 1000 100 0 0
467 104 100 1000 100 0 0
478 104 100 1000 100 0 0
489 104 100 1000 100 0 0
500 104 100 1000 100 0 0
511 104 100 1000 100 0 0
522 104 100 1000 100 0 0
533 104 100 1000 100 0 0
544 104 100 1000 100 0 0
555 104 100 1000 100 0 0
566 104 100 1 1 0 0
577 104 100 1 1 0 0
588 104 100 1 1 0 0
599 104 100 1 1 0 0
610 104 100 1 1 0 0
621 104 100 1 1 0 0
632 104 100 1 1 0 0
643 104 100 1 1 0 0
654 104 100 1 1 0 0
665 104 100 1 1 0 0
676 104 100 1 1 0 0
687 104 100 1 1 0 0
698 104 100 1 1 0 0
709 104 100 1000 100 0 0
720 104 100 1 1 0 0
731 104 100 1 1 0 0
753 104 100 1 1 0 0
764 104 100 1 1 0 0
775 104 100 1000 100 0 0
786 104 100 1 1 0 0
203 115 100 1 1 0 0
214 115 100 1000 100 0 0
225 115 100 1 1 0 0
236 115 100 1 1 0 0
280 115 100 1 1 0 0
291 115 100 1 1 0 0
302 115 100 1 1 0 0
313 115 100 1000 100 0 0
324 115 100 1000 100 0 0
335 115 100 1000 100 0 0
346 115 100 1000 100 0 0
357 115 100 1000 100 0 0
368 115 100 1000 100 0 0
379 115 100 1000 100 0 0
390 115 100 1000 100 0 0
401 115 100 1 1 0 0
412 115 100 1 1 0 0
423 115 100 1 1 0 0
434 115 100 1 1 0 0
445 115 100 1 1 0 0
456 115 100 1 1 0 0
467 115 100 1 1 0 0
478 115 100 1 1 0 0
489 115 100 1 1 0 0
500 115 100 1 1 0 0
511 115 100 1 1 0 0
522 115 100 1 1 0 0
533 115 100 1 1 0 0
544 115 100 1 1 0 0
555 115 100 1 1 0 0
566 115 100 1000 100 0 0
577 115 100 1000 100 0 0
588 115 100 1000 100 0 0
599 115 100 1000 100 0 0
610 115 100 1000 100 0 0
621 115 100 1000 100 0 0
632 115 100 1000 100 0 0
643 115 100 1000 100 0 0
654 115 100 1000 100 0 0
665 115 100 1000 100 0 0
676 115 100 1000 100 0 0
687 115 100 1000 100 0 0
698 115 100 1000 100 0 0
709 115 100 1 1 0 0
720 115 100 1 1 0 0
764 115 100 1 1 0 0
775 115 100 1000 100 0 0
786 115 100 1 1 0 0
203 126 100 1 1 0 0
214 126 100 1000 100 0 0
225 126 100 1000 100 0 0
236 126 100 1 1 0 0
247 126 100 1 1 0 0
302 126 100 1 1 0 0
313 126 100 1 1 0 0
324 126 100 1 1 0 0
335 126 100 1 1 0 0
346 126 100 1 1 0 0
357 126 100 1 1 0 0
368 126 100 1 1 0 0
379 126 100 1 1 0 0
390 126 100 1 1 0 0
401 126 100 1 1 0 0
555 126 100 1 1 0 0
566 126 100 1 1 0 0
577 126 100 1 1 0 0
588 126 100 1 1 0 0
599 126 100 1 1 0 0
610 126 100 1 1 0 0
621 126 100 1 1 0 0
632 126 100 1 1 0 0
643 126 100 1 1 0 0
654 126 100 1 1 0 0
665 126 100 1 1 0 0
676 126 100 1 1 0 0
687 126 100 1 1 0 0
698 126 100 1 1 0 0
709 126 100 1 1 0 0
764 126 100 1 1 0 0
775 126 100 1000 100 0 0
786 126 100 1 1 0 0
203 137 100 1 1 0 0
214 137 100 1 1 0 0
225 137 100 1 1 0 0
236 137 100 1000 100 0 0
247 137 100 1 1 0 0
764 137 100 1 1 0 0
775 137 100 1000 100 0 0
786 137 100 1 1 0 0
225 148 100 1 1 0 0
236 148 100 1000 100 0 0
247 148 100 1 1 0 0
753 148 100 1 1 0 0
764 148 100 1 1 0 0
775 148 100 1000 100 0 0
786 148 100 1 1 0 0
225 159 100 1 1 0 0
236 159 100 1000 100 0 0
247 159 100 1 1 0 0
742 159 100 1 1 0 0
753 159 100 1 1 0 0
764 159 100 1000 100 0 0
775 159 100 1000 100 0 0
786 159 100 1 1 0 0
225 170 100 1 1 0 0
236 170 100 1000 100 0 0
247 170 100 1 1 0 0
742 170 100 1 1 0 0
753 170 100 1000 100 0 0
764 170 100 1 1 0 0
775 170 100 1 1 0 0
786 170 100 1 1 0 0
797 170 100 1 1 0 0
225 181 100 1 1 0 0
236 181 100 1000 100 0 0
247 181 100 1 1 0 0
280 181 100 1 1 0 0
291 181 100 1 1 0 0
302 181 100 1 1 0 0
313 181 100 1 1 0 0
324 181 100 1 1 0 0
335 181 100 1 1 0 0
346 181 100 1 1 0 0
357 181 100 1 1 0 0
368 181 100 1 1 0 0
379 181 100 1 1 0 0
390 181 100 1 1 0 0
401 181 100 1 1 0 0
599 181 100 1 1 0 0
610 181 100 1 1 0 0
621 181 100 1 1 0 0
632 181 100 1 1 0 0
643 181 100 1 1 0 0
654 181 100 1 1 0 0
665 181 100 1 1 0 0
676 181 100 1 1 0 0
687 181 100 1 1 0 0
698 181 100 1 1 0 0
709 181 100 1 1 0 0
720 181 100 1 1 0 0
742 181 100 1 1 0 0
753 181 100 1 1 0 0
764 181 100 1000 100 0 0
775 181 100 1000 100 0 0
786 181 100 1000 100 0 0
797 181 100 1 1 0 0
203 192 100 1 1 0 0
214 192 100 1 1 0 0
225 192 100 1 1 0 0
236 192 100 1000 100 0 0
247 192 100 1 1 0 0
269 192 100 1 1 0 0
280 192 100 1 1 0 0
291 192 100 1000 100 0 0
302 192 100 1000 100 0 0
313 192 100 1000 100 0 0
324 192 100 1000 100 0 0
335 192 100 1000 100 0 0
346 192 100 1000 100 0 0
357 192 100 1000 100 0 0
368 192 100 1000 100 0 0
379 192 100 1000 100 0 0
390 192 100 1000 100 0 0
401 192 100 1 1 0 0
412 192 100 1 1 0 0
423 192 100 1 1 0 0
434 192 100 1 1 0 0
588 192 100 1 1 0 0
599 192 100 1 1 0 0
610 192 100 1000 100 0 0
621 192 100 1000 100 0 0
632 192 100 1000 100 0 0
643 192 100 1000 100 0 0
654 192 100 1000 100 0 0
665 192 100 1000 100 0 0
676 192 100 1000 100 0 0
687 192 100 1000 100 0 0
698 192 100 1000 100 0 0
709 192 100 1000 100 0 0
720 192 100 1 1 0 0
731 192 100 1 1 0 0
742 192 100 1 1 0 0
753 192 100 1 1 0 0
764 192 100 1 1 0 0
775 192 100 1 1 0 0
786 192 100 1000 100 0 0
797 192 100 1 1 0 0
192 203 100 1 1 0 0
203 203 100 1 1 0 0
214 203 100 1000 100 0 0
225 203 100 1000 100 0 0
236 203 100 1 1 0 0
247 203 100 1 1 0 0
258 203 100 1 1 0 0
269 203 100 1 1 0 0
280 203 100 1000 100 0 0
291 203 100 1 1 0 0
302 203 100 1 1 0 0
313 203 100 1 1 0 0
324 203 100 1 1 0 0
335 203 100 1 1 0 0
346 203 100 1 1 0 0
357 203 100 1 1 0 0
368 203 100 1 1 0 0
379 203 100 1 1 0 0
390 203 100 1 1 0 0
401 203 100 1000 100 0 0
412 203 100 1000 100 0 0
423 203 100 1000 100 0 0
434 203 100 1 1 0 0
445 203 100 1 1 0 0
566 203 100 1 1 0 0
577 203 100 1 1 0 0
588 203 100 1 1 0 0
599 203 100 1000 100 0 0
610 203 100 1 1 0 0
621 203 100 1 1 0 0
632 203 100 1 1 0 0
643 203 100 1 1 0 0
654 203 100 1 1 0 0
665 203 100 1 1 0 0
676 203 100 1 1 0 0
687 203 100 1 1 0 0
698 203 100 1 1 0 0
709 203 100 1 1 0 0
720 203 100 1000 100 0 0
731 203 100 1000 100 0 0
742 203 100 1000 100 0 0
753 203 100 1 1 0 0
764 203 100 1 1 0 0
775 203 100 1 1 0 0
786 203 100 1000 100 0 0
797 203 100 1 1 0 0
808 203 100 1 1 0 0
819 203 100 1 1 0 0
192 214 100 1 1 0 0
203 214 100 1000 100 0 0
214 214 100 1 1 0 0
225 214 100 1 1 0 0
236 214 100 1 1 0 0
247 214 100 1 1 0 0
258 214 100 1 1 0 0
269 214 100 1000 100 0 0
280 214 100 1 1 0 0
291 214 100 1 1 0 0
390 214 100 1 1 0 0
401 214 100 1 1 0 0
412 214 100 1 1 0 0
423 214 100 1 1 0 0
434 214 100 1000 100 0 0
445 214 100 1 1 0 0
555 214 100 1 1 0 0
566 214 100 1 1 0 0
577 214 100 1000 100 0 0
588 214 100 1000 100 0 0
599 214 100 1 1 0 0
610 214 100 1 1 0 0
709 214 100 1 1 0 0
720 214 100 1 1 0 0
731 214 100 1 1 0 0
742 214 100 1 1 0 0
753 214 100 1000 100 0 0
764 214 100 1 1 0 0
775 214 100 1 1 0 0
786 214 100 1 1 0 0
797 214 100 1000 100 0 0
808 214 100 1000 100 0 0
819 214 100 1 1 0 0
830 214 100 1 1 0 0
192 225 100 1 1 0 0
203 225 100 1000 100 0 0
214 225 100 1 1 0 0
236 225 100 1 1 0 0
247 225 100 1 1 0 0
258 225 100 1000 100 0 0
269 225 100 1 1 0 0
280 225 100 1 1 0 0
423 225 100 1 1 0 0
434 225 100 1000 100 0 0
445 225 100 1 1 0 0
456 225 100 1 1 0 0
555 225 100 1 1 0 0
566 225 100 1000 100 0 0
577 225 100 1 1 0 0
588 225 100 1 1 0 0
599 225 100 1 1 0 0
742 225 100 1 1 0 0
753 225 100 1000 100 0 0
764 225 100 1 1 0 0
786 225 100 1 1 0 0
797 225 100 1 1 0 0
808 225 100 1 1 0 0
819 225 100 1000 100 0 0
830 225 100 1 1 0 0
170 236 100 1 1 0 0
181 236 100 1 1 0 0
192 236 100 1 1 0 0
203 236 100 1000 100 0 0
214 236 100 1 1 0 0
225 236 100 1 1 0 0
236 236 100 1 1 0 0
247 236 100 1000 100 0 0
258 236 100 1 1 0 0
269 236 100 1 1 0 0
335 236 100 1 1 0 0
346 236 100 1 1 0 0
357 236 100 1 1 0 0
368 236 100 1 1 0 0
379 236 100 1 1 0 0
390 236 100 1 1 0 0
423 236 100 1 1 0 0
434 236 100 1000 100 0 0
445 236 100 1000 100 0 0
456 236 100 1 1 0 0
467 236 100 1 1 0 0
544 236 100 1 1 0 0
555 236 100 1 1 0 0
566 236 100 1000 100 0 0
577 236 100 1 1 0 0
632 236 100 1 1 0 0
643 236 100 1 1 0 0
654 236 100 1 1 0 0
665 236 100 1 1 0 0
676 236 100 1 1 0 0
687 236 100 1 1 0 0
742 236 100 1 1 0 0
753 236 100 1000 100 0 0
764 236 100 1 1 0 0
775 236 100 1 1 0 0
808 236 100 1 1 0 0
819 236 100 1000 100 0 0
830 236 100 1 1 0 0
170 247 100 1 1 0 0
181 247 100 1000 100 0 0
192 247 100 1000 100 0 0
203 247 100 1 1 0 0
214 247 100 1 1 0 0
225 247 100 1 1 0 0
236 247 100 1000 100 0 0
247 247 100 1 1 0 0
258 247 100 1 1 0 0
335 247 100 1 1 0 0
346 247 100 1000 100 0 0
357 247 100 1000 100 0 0
368 247 100 1000 100 0 0
379 247 100 1000 100 0 0
390 247 100 1 1 0 0
401 247 100 1 1 0 0
423 247 100 1 1 0 0
434 247 100 1 1 0 0
445 247 100 1 1 0 0
456 247 100 1000 100 0 0
467 247 100 1 1 0 0
544 247 100 1 1 0 0
555 247 100 1000 100 0 0
566 247 100 1 1 0 0
577 247 100 1 1 0 0
632 247 100 1 1 0 0
643 247 100 1000 100 0 0
654 247 100 1000 100 0 0
665 247 100 1000 100 0 0
676 247 100 1000 100 0 0
687 247 100 1 1 0 0
698 247 100 1 1 0 0
742 247 100 1 1 0 0
753 247 100 1 1 0 0
764 247 100 1000 100 0 0
775 247 100 1 1 0 0
808 247 100 1 1 0 0
819 247 100 1000 100 0 0
830 247 100 1 1 0 0
170 258 100 1 1 0 0
181 258 100 1000 100 0 0
192 258 100 1 1 0 0
203 258 100 1 1 0 0
225 258 100 1 1 0 0
236 258 100 1000 100 0 0
247 258 100 1 1 0 0
335 258 100 1 1 0 0
346 258 100 1000 100 0 0
357 258 100 1 1 0 0
368 258 100 1 1 0 0
379 258 100 1 1 0 0
390 258 100 1000 100 0 0
401 258 100 1 1 0 0
445 258 100 1 1 0 0
456 258 100 1000 100 0 0
467 258 100 1 1 0 0
533 258 100 1 1 0 0
544 258 100 1 1 0 0
555 258 100 1000 100 0 0
566 258 100 1 1 0 0
632 258 100 1 1 0 0
643 258 100 1 1 0 0
654 258 100 1000 100 0 0
665 258 100 1 1 0 0
676 258 100 1 1 0 0
687 258 100 1000 100 0 0
698 258 100 1 1 0 0
709 258 100 1 1 0 0
753 258 100 1 1 0 0
764 258 100 1000 100 0 0
775 258 100 1 1 0 0
808 258 100 1 1 0 0
819 258 100 1000 100 0 0
830 258 100 1 1 0 0
170 269 100 1 1 0 0
181 269 100 1000 100 0 0
192 269 100 1 1 0 0
225 269 100 1 1 0 0
236 269 100 1000 100 0 0
247 269 100 1 1 0 0
280 269 100 1 1 0 0
291 269 100 1 1 0 0
302 269 100 1 1 0 0
313 269 100 1 1 0 0
324 269 100 1 1 0 0
335 269 100 1 1 0 0
346 269 100 1000 100 0 0
357 269 100 1 1 0 0
379 269 100 1 1 0 0
390 269 100 1000 100 0 0
401 269 100 1 1 0 0
445 269 100 1 1 0 0
456 269 100 1000 100 0 0
467 269 100 1 1 0 0
478 269 100 1 1 0 0
522 269 100 1 1 0 0
533 269 100 1 1 0 0
544 269 100 1000 100 0 0
555 269 100 1000 100 0 0
566 269 100 1 1 0 0
599 269 100 1 1 0 0
610 269 100 1 1 0 0
621 269 100 1 1 0 0
632 269 100 1 1 0 0
643 269 100 1 1 0 0
654 269 100 1000 100 0 0
665 269 100 1 1 0 0
676 269 100 1 1 0 0
687 269 100 1 1 0 0
698 269 100 1000 100 0 0
709 269 100 1 1 0 0
720 269 100 1 1 0 0
753 269 100 1 1 0 0
764 269 100 1000 100 0 0
775 269 100 1 1 0 0
786 269 100 1 1 0 0
808 269 100 1 1 0 0
819 269 100 1000 100 0 0
830 269 100 1 1 0 0
170 280 100 1 1 0 0
181 280 100 1000 100 0 0
192 280 100 1 1 0 0
225 280 100 1 1 0 0
236 280 100 1000 100 0 0
247 280 100 1 1 0 0
280 280 100 1 1 0 0
291 280 100 1000 100 0 0
302 280 100 1000 100 0 0
313 280 100 1000 100 0 0
324 280 100 1000 100 0 0
335 280 100 1000 100 0 0
346 280 100 1 1 0 0
357 280 100 1 1 0 0
379 280 100 1 1 0 0
390 280 100 1000 100 0 0
401 280 100 1 1 0 0
445 280 100 1 1 0 0
456 280 100 1 1 0 0
467 280 100 1000 100 0 0
478 280 100 1 1 0 0
522 280 100 1 1 0 0
533 280 100 1000 100 0 0
544 280 100 1 1 0 0
555 280 100 1 1 0 0
566 280 100 1 1 0 0
599 280 100 1 1 0 0
610 280 100 1000 100 0 0
621 280 100 1000 100 0 0
632 280 100 1000 100 0 0
643 280 100 1 1 0 0
654 280 100 1000 100 0 0
665 280 100 1 1 0 0
687 280 100 1 1 0 0
698 280 100 1 1 0 0
709 280 100 1000 100 0 0
720 280 100 1 1 0 0
753 280 100 1 1 0 0
764 280 100 1000 100 0 0
775 280 100 1000 100 0 0
786 280 100 1 1 0 0
797 280 100 1 1 0 0
808 280 100 1 1 0 0
819 280 100 1000 100 0 0
830 280 100 1 1 0 0
170 291 100 1 1 0 0
181 291 100 1000 100 0 0
192 291 100 1 1 0 0
225 291 100 1 1 0 0
236 291 100 1000 100 0 0
247 291 100 1 1 0 0
280 291 100 1 1 0 0
291 291 100 1000 100 0 0
302 291 100 1 1 0 0
313 291 100 1 1 0 0
324 291 100 1 1 0 0
335 291 100 1 1 0 0
346 291 100 1 1 0 0
379 291 100 1 1 0 0
390 291 100 1000 100 0 0
401 291 100 1 1 0 0
456 291 100 1 1 0 0
467 291 100 1000 100 0 0
478 291 100 1 1 0 0
522 291 100 1 1 0 0
533 291 100 1000 100 0 0
544 291 100 1 1 0 0
599 291 100 1 1 0 0
610 291 100 1000 100 0 0
621 291 100 1 1 0 0
632 291 100 1 1 0 0
643 291 100 1000 100 0 0
654 291 100 1 1 0 0
665 291 100 1 1 0 0
698 291 100 1 1 0 0
709 291 100 1000 100 0 0
720 291 100 1 1 0 0
753 291 100 1 1 0 0
764 291 100 1 1 0 0
775 291 100 1 1 0 0
786 291 100 1000 100 0 0
797 291 100 1 1 0 0
808 291 100 1 1 0 0
819 291 100 1000 100 0 0
830 291 100 1 1 0 0
170 302 100 1 1 0 0
181 302 100 1000 100 0 0
192 302 100 1 1 0 0
225 302 100 1 1 0 0
236 302 100 1000 100 0 0
247 302 100 1 1 0 0
280 302 100 1 1 0 0
291 302 100 1000 100 0 0
302 302 100 1 1 0 0
313 302 100 1 1 0 0
379 302 100 1 1 0 0
390 302 100 1000 100 0 0
401 302 100 1 1 0 0
456 302 100 1 1 0 0
467 302 100 1000 100 0 0
478 302 100 1 1 0 0
522 302 100 1 1 0 0
533 302 100 1000 100 0 0
544 302 100 1 1 0 0
599 302 100 1 1 0 0
610 302 100 1000 100 0 0
621 302 100 1 1 0 0
632 302 100 1 1 0 0
643 302 100 1 1 0 0
654 302 100 1 1 0 0
698 302 100 1 1 0 0
709 302 100 1000 100 0 0
720 302 100 1 1 0 0
753 302 100 1 1 0 0
764 302 100 1 1 0 0
775 302 100 1 1 0 0
786 302 100 1000 100 0 0
797 302 100 1 1 0 0
808 302 100 1 1 0 0
819 302 100 1000 100 0 0
830 302 100 1 1 0 0
170 313 100 1 1 0 0
181 313 100 1000 100 0 0
192 313 100 1 1 0 0
225 313 100 1 1 0 0
236 313 100 1000 100 0 0
247 313 100 1 1 0 0
280 313 100 1 1 0 0
291 313 100 1 1 0 0
302 313 100 1000 100 0 0
313 313 100 1 1 0 0
324 313 100 1 1 0 0
379 313 100 1 1 0 0
390 313 100 1000 100 0 0
401 313 100 1 1 0 0
445 313 100 1 1 0 0
456 313 100 1 1 0 0
467 313 100 1000 100 0 0
478 313 100 1 1 0 0
522 313 100 1 1 0 0
533 313 100 1000 100 0 0
544 313 100 1 1 0 0
555 313 100 1 1 0 0
566 313 100 1 1 0 0
599 313 100 1 1 0 0
610 313 100 1000 100 0 0
621 313 100 1 1 0 0
687 313 100 1 1 0 0
698 313 100 1 1 0 0
709 313 100 1000 100 0 0
720 313 100 1 1 0 0
753 313 100 1 1 0 0
764 313 100 1000 100 0 0
775 313 100 1000 100 0 0
786 313 100 1 1 0 0
797 313 100 1 1 0 0
808 313 100 1 1 0 0
819 313 100 1000 100 0 0
830 313 100 1 1 0 0
170 324 100 1 1 0 0
181 324 100 1000 100 0 0
192 324 100 1 1 0 0
225 324 100 1 1 0 0
236 324 100 1000 100 0 0
247 324 100 1 1 0 0
291 324 100 1 1 0 0
302 324 100 1 1 0 0
313 324 100 1000 100 0 0
324 324 100 1 1 0 0
335 324 100 1 1 0 0
368 324 100 1 1 0 0
379 324 100 1 1 0 0
390 324 100 1000 100 0 0
401 324 100 1 1 0 0
445 324 100 1 1 0 0
456 324 100 1000 100 0 0
467 324 100 1 1 0 0
478 324 100 1 1 0 0
522 324 100 1 1 0 0
533 324 100 1 1 0 0
544 324 100 1000 100 0 0
555 324 100 1000 100 0 0
566 324 100 1 1 0 0
599 324 100 1 1 0 0
610 324 100 1000 100 0 0
621 324 100 1 1 0 0
632 324 100 1 1 0 0
687 324 100 1 1 0 0
698 324 100 1000 100 0 0
709 324 100 1 1 0 0
720 324 100 1 1 0 0
753 324 100 1 1 0 0
764 324 100 1000 100 0 0
775 324 100 1 1 0 0
786 324 100 1 1 0 0
808 324 100 1 1 0 0
819 324 100 1000 100 0 0
830 324 100 1 1 0 0
170 335 100 1 1 0 0
181 335 100 1000 100 0 0
192 335 100 1 1 0 0
225 335 100 1 1 0 0
236 335 100 1000 100 0 0
247 335 100 1 1 0 0
302 335 100 1 1 0 0
313 335 100 1 1 0 0
324 335 100 1000 100 0 0
335 335 100 1 1 0 0
346 335 100 1 1 0 0
357 335 100 1 1 0 0
368 335 100 1 1 0 0
379 335 100 1000 100 0 0
390 335 100 1 1 0 0
401 335 100 1 1 0 0
445 335 100 1 1 0 0
456 335 100 1000 100 0 0
467 335 100 1 1 0 0
533 335 100 1 1 0 0
544 335 100 1 1 0 0
555 335 100 1000 100 0 0
566 335 100 1 1 0 0
599 335 100 1 1 0 0
610 335 100 1 1 0 0
621 335 100 1000 100 0 0
632 335 100 1 1 0 0
643 335 100 1 1 0 0
654 335 100 1 1 0 0
665 335 100 1 1 0 0
676 335 100 1 1 0 0
687 335 100 1 1 0 0
698 335 100 1000 100 0 0
709 335 100 1 1 0 0
753 335 100 1 1 0 0
764 335 100 1000 100 0 0
775 335 100 1 1 0 0
808 335 100 1 1 0 0
819 335 100 1000 100 0 0
830 335 100 1 1 0 0
170 346 100 1 1 0 0
181 346 100 1000 100 0 0
192 346 100 1 1 0 0
225 346 100 1 1 0 0
236 346 100 1000 100 0 0
247 346 100 1 1 0 0
258 346 100 1 1 0 0
269 346 100 1 1 0 0
313 346 100 1 1 0 0
324 346 100 1000 100 0 0
335 346 100 1000 100 0 0
346 346 100 1000 100 0 0
357 346 100 1000 100 0 0
368 346 100 1000 100 0 0
379 346 100 1000 100 0 0
390 346 100 1 1 0 0
445 346 100 1 1 0 0
456 346 100 1000 100 0 0
467 346 100 1 1 0 0
544 346 100 1 1 0 0
555 346 100 1000 100 0 0
566 346 100 1 1 0 0
610 346 100 1 1 0 0
621 346 100 1000 100 0 0
632 346 100 1000 100 0 0
643 346 100 1000 100 0 0
654 346 100 1000 100 0 0
665 346 100 1000 100 0 0
676 346 100 1000 100 0 0
687 346 100 1000 100 0 0
698 346 100 1000 100 0 0
709 346 100 1 1 0 0
742 346 100 1 1 0 0
753 346 100 1 1 0 0
764 346 100 1000 100 0 0
775 346 100 1 1 0 0
808 346 100 1 1 0 0
819 346 100 1000 100 0 0
830 346 100 1 1 0 0
170 357 100 1 1 0 0
181 357 100 1000 100 0 0
192 357 100 1 1 0 0
225 357 100 1 1 0 0
236 357 100 1 1 0 0
247 357 100 1000 100 0 0
258 357 100 1000 100 0 0
269 357 100 1 1 0 0
280 357 100 1 1 0 0
313 357 100 1 1 0 0
324 357 100 1 1 0 0
335 357 100 1 1 0 0
346 357 100 1 1 0 0
357 357 100 1 1 0 0
368 357 100 1 1 0 0
379 357 100 1 1 0 0
390 357 100 1 1 0 0
423 357 100 1 1 0 0
434 357 100 1 1 0 0
445 357 100 1 1 0 0
456 357 100 1000 100 0 0
467 357 100 1 1 0 0
544 357 100 1 1 0 0
555 357 100 1000 100 0 0
566 357 100 1 1 0 0
577 357 100 1 1 0 0
610 357 100 1 1 0 0
621 357 100 1 1 0 0
632 357 100 1 1 0 0
643 357 100 1 1 0 0
654 357 100 1 1 0 0
665 357 100 1 1 0 0
676 357 100 1 1 0 0
687 357 100 1 1 0 0
698 357 100 1 1 0 0
709 357 100 1 1 0 0
742 357 100 1 1 0 0
753 357 100 1000 100 0 0
764 357 100 1 1 0 0
775 357 100 1 1 0 0
808 357 100 1 1 0 0
819 357 100 1000 100 0 0
830 357 100 1 1 0 0
170 368 100 1 1 0 0
181 368 100 1000 100 0 0
192 368 100 1 1 0 0
203 368 100 1 1 0 0
236 368 100 1 1 0 0
247 368 100 1 1 0 0
258 368 100 1 1 0 0
269 368 100 1000 100 0 0
280 368 100 1 1 0 0
423 368 100 1 1 0 0
434 368 100 1000 100 0 0
445 368 100 1000 100 0 0
456 368 100 1 1 0 0
467 368 100 1 1 0 0
489 368 100 1 1 0 0
500 368 100 1 1 0 0
511 368 100 1 1 0 0
544 368 100 1 1 0 0
555 368 100 1 1 0 0
566 368 100 1000 100 0 0
577 368 100 1 1 0 0
742 368 100 1 1 0 0
753 368 100 1000 100 0 0
764 368 100 1 1 0 0
808 368 100 1 1 0 0
819 368 100 1000 100 0 0
830 368 100 1 1 0 0
170 379 100 1 1 0 0
181 379 100 1000 100 0 0
192 379 100 1000 100 0 0
203 379 100 1 1 0 0
214 379 100 1 1 0 0
258 379 100 1 1 0 0
269 379 100 1000 100 0 0
280 379 100 1 1 0 0
291 379 100 1 1 0 0
412 379 100 1 1 0 0
423 379 100 1 1 0 0
434 379 100 1000 100 0 0
445 379 100 1 1 0 0
456 379 100 1 1 0 0
478 379 100 1 1 0 0
489 379 100 1 1 0 0
500 379 100 1000 100 0 0
511 379 100 1 1 0 0
522 379 100 1 1 0 0
533 379 100 1 1 0 0
555 379 100 1 1 0 0
566 379 100 1000 100 0 0
577 379 100 1 1 0 0
588 379 100 1 1 0 0
599 379 100 1 1 0 0
720 379 100 1 1 0 0
731 379 100 1 1 0 0
742 379 100 1 1 0 0
753 379 100 1000 100 0 0
764 379 100 1 1 0 0
786 379 100 1 1 0 0
797 379 100 1 1 0 0
808 379 100 1 1 0 0
819 379 100 1000 100 0 0
830 379 100 1 1 0 0
170 390 100 1 1 0 0
181 390 100 1 1 0 0
192 390 100 1 1 0 0
203 390 100 1000 100 0 0
214 390 100 1 1 0 0
258 390 100 1 1 0 0
269 390 100 1 1 0 0
280 390 100 1000 100 0 0
291 390 100 1 1 0 0
302 390 100 1 1 0 0
313 390 100 1 1 0 0
324 390 100 1 1 0 0
335 390 100 1 1 0 0
346 390 100 1 1 0 0
379 390 100 1 1 0 0
390 390 100 1 1 0 0
401 390 100 1 1 0 0
412 390 100 1 1 0 0
423 390 100 1000 100 0 0
434 390 100 1 1 0 0
445 390 100 1 1 0 0
467 390 100 1 1 0 0
478 390 100 1 1 0 0
489 390 100 1000 100 0 0
500 390 100 1 1 0 0
511 390 100 1000 100 0 0
522 390 100 1000 100 0 0
533 390 100 1 1 0 0
544 390 100 1 1 0 0
555 390 100 1 1 0 0
566 390 100 1 1 0 0
577 390 100 1000 100 0 0
588 390 100 1000 100 0 0
599 390 100 1 1 0 0
610 390 100 1 1 0 0
621 390 100 1 1 0 0
676 390 100 1 1 0 0
687 390 100 1 1 0 0
698 390 100 1 1 0 0
709 390 100 1 1 0 0
720 390 100 1 1 0 0
731 390 100 1000 100 0 0
742 390 100 1000 100 0 0
753 390 100 1 1 0 0
764 390 100 1 1 0 0
775 390 100 1 1 0 0
786 390 100 1 1 0 0
797 390 100 1000 100 0 0
808 390 100 1000 100 0 0
819 390 100 1 1 0 0
830 390 100 1 1 0 0
192 401 100 1 1 0 0
203 401 100 1000 100 0 0
214 401 100 1 1 0 0
269 401 100 1 1 0 0
280 401 100 1 1 0 0
291 401 100 1000 100 0 0
302 401 100 1000 100 0 0
313 401 100 1000 100 0 0
324 401 100 1000 100 0 0
335 401 100 1000 100 0 0
346 401 100 1 1 0 0
379 401 100 1 1 0 0
390 401 100 1000 100 0 0
401 401 100 1000 100 0 0
412 401 100 1000 100 0 0
423 401 100 1 1 0 0
434 401 100 1 1 0 0
456 401 100 1 1 0 0
467 401 100 1 1 0 0
478 401 100 1000 100 0 0
489 401 100 1 1 0 0
500 401 100 1 1 0 0
511 401 100 1 1 0 0
522 401 100 1 1 0 0
533 401 100 1000 100 0 0
544 401 100 1 1 0 0
566 401 100 1 1 0 0
577 401 100 1 1 0 0
588 401 100 1 1 0 0
599 401 100 1000 100 0 0
610 401 100 1000 100 0 0
621 401 100 1 1 0 0
676 401 100 1 1 0 0
687 401 100 1000 100 0 0
698 401 100 1000 100 0 0
709 401 100 1000 100 0 0
720 401 100 1000 100 0 0
731 401 100 1 1 0 0
742 401 100 1 1 0 0
753 401 100 1 1 0 0
775 401 100 1 1 0 0
786 401 100 1000 100 0 0
797 401 100 1 1 0 0
808 401 100 1 1 0 0
819 401 100 1 1 0 0
192 412 100 1 1 0 0
203 412 100 1000 100 0 0
214 412 100 1 1 0 0
225 412 100 1 1 0 0
236 412 100 1 1 0 0
280 412 100 1 1 0 0
291 412 100 1 1 0 0
302 412 100 1 1 0 0
313 412 100 1 1 0 0
324 412 100 1 1 0 0
335 412 100 1000 100 0 0
346 412 100 1 1 0 0
357 412 100 1 1 0 0
368 412 100 1 1 0 0
379 412 100 1 1 0 0
390 412 100 1000 100 0 0
401 412 100 1 1 0 0
412 412 100 1 1 0 0
423 412 100 1 1 0 0
445 412 100 1 1 0 0
456 412 100 1 1 0 0
467 412 100 1000 100 0 0
478 412 100 1 1 0 0
489 412 100 1 1 0 0
522 412 100 1 1 0 0
533 412 100 1000 100 0 0
544 412 100 1 1 0 0
555 412 100 1 1 0 0
588 412 100 1 1 0 0
599 412 100 1 1 0 0
610 412 100 1000 100 0 0
621 412 100 1 1 0 0
632 412 100 1 1 0 0
643 412 100 1 1 0 0
654 412 100 1 1 0 0
665 412 100 1 1 0 0
676 412 100 1 1 0 0
687 412 100 1000 100 0 0
698 412 100 1 1 0 0
709 412 100 1 1 0 0
720 412 100 1 1 0 0
731 412 100 1 1 0 0
775 412 100 1 1 0 0
786 412 100 1000 100 0 0
797 412 100 1 1 0 0
192 423 100 1 1 0 0
203 423 100 1 1 0 0
214 423 100 1000 100 0 0
225 423 100 1000 100 0 0
236 423 100 1 1 0 0
247 423 100 1 1 0 0
324 423 100 1 1 0 0
335 423 100 1 1 0 0
346 423 100 1000 100 0 0
357 423 100 1000 100 0 0
368 423 100 1000 100 0 0
379 423 100 1000 100 0 0
390 423 100 1 1 0 0
401 423 100 1 1 0 0
445 423 100 1 1 0 0
456 423 100 1000 100 0 0
467 423 100 1 1 0 0
478 423 100 1 1 0 0
522 423 100 1 1 0 0
533 423 100 1 1 0 0
544 423 100 1000 100 0 0
555 423 100 1 1 0 0
599 423 100 1 1 0 0
610 423 100 1 1 0 0
621 423 100 1000 100 0 0
632 423 100 1000 100 0 0
643 423 100 1000 100 0 0
654 423 100 1000 100 0 0
665 423 100 1000 100 0 0
676 423 100 1000 100 0 0
687 423 100 1 1 0 0
698 423 100 1 1 0 0
764 423 100 1 1 0 0
775 423 100 1 1 0 0
786 423 100 1000 100 0 0
797 423 100 1 1 0 0
203 434 100 1 1 0 0
214 434 100 1 1 0 0
225 434 100 1 1 0 0
236 434 100 1000 100 0 0
247 434 100 1 1 0 0
258 434 100 1 1 0 0
335 434 100 1 1 0 0
346 434 100 1 1 0 0
357 434 100 1 1 0 0
368 434 100 1 1 0 0
379 434 100 1 1 0 0
390 434 100 1 1 0 0
445 434 100 1 1 0 0
456 434 100 1000 100 0 0
467 434 100 1 1 0 0
478 434 100 1 1 0 0
533 434 100 1 1 0 0
544 434 100 1000 100 0 0
555 434 100 1 1 0 0
610 434 100 1 1 0 0
621 434 100 1 1 0 0
632 434 100 1 1 0 0
643 434 100 1 1 0 0
654 434 100 1 1 0 0
665 434 100 1 1 0 0
676 434 100 1 1 0 0
687 434 100 1 1 0 0
764 434 100 1 1 0 0
775 434 100 1000 100 0 0
786 434 100 1 1 0 0
797 434 100 1 1 0 0
225 445 100 1 1 0 0
236 445 100 1 1 0 0
247 445 100 1000 100 0 0
258 445 100 1 1 0 0
445 445 100 1 1 0 0
456 445 100 1 1 0 0
467 445 100 1000 100 0 0
478 445 100 1 1 0 0
489 445 100 1 1 0 0
533 445 100 1 1 0 0
544 445 100 1000 100 0 0
555 445 100 1 1 0 0
764 445 100 1 1 0 0
775 445 100 1000 100 0 0
786 445 100 1 1 0 0
225 456 100 1 1 0 0
236 456 100 1 1 0 0
247 456 100 1000 100 0 0
258 456 100 1 1 0 0
456 456 100 1 1 0 0
467 456 100 1 1 0 0
478 456 100 1000 100 0 0
489 456 100 1 1 0 0
522 456 100 1 1 0 0
533 456 100 1 1 0 0
544 456 100 1000 100 0 0
555 456 100 1 1 0 0
764 456 100 1 1 0 0
775 456 100 1000 100 0 0
786 456 100 1 1 0 0
203 467 100 1 1 0 0
214 467 100 1 1 0 0
225 467 100 1 1 0 0
236 467 100 1000 100 0 0
247 467 100 1 1 0 0
258 467 100 1 1 0 0
467 467 100 1 1 0 0
478 467 100 1000 100 0 0
489 467 100 1 1 0 0
500 467 100 1 1 0 0
522 467 100 1 1 0 0
533 467 100 1000 100 0 0
544 467 100 1 1 0 0
555 467 100 1 1 0 0
764 467 100 1 1 0 0
775 467 100 1000 100 0 0
786 467 100 1 1 0 0
797 467 100 1 1 0 0
203 478 100 1 1 0 0
214 478 100 1000 100 0 0
225 478 100 1000 100 0 0
236 478 100 1 1 0 0
247 478 100 1 1 0 0
467 478 100 1 1 0 0
478 478 100 1 1 0 0
489 478 100 1000 100 0 0
500 478 100 1 1 0 0
522 478 100 1 1 0 0
533 478 100 1000 100 0 0
544 478 100 1 1 0 0
764 478 100 1 1 0 0
775 478 100 1 1 0 0
786 478 100 1000 100 0 0
797 478 100 1 1 0 0
203 489 100 1 1 0 0
214 489 100 1000 100 0 0
225 489 100 1 1 0 0
236 489 100 1 1 0 0
478 489 100 1 1 0 0
489 489 100 1000 100 0 0
500 489 100 1 1 0 0
511 489 100 1 1 0 0
522 489 100 1 1 0 0
533 489 100 1000 100 0 0
544 489 100 1 1 0 0
775 489 100 1 1 0 0
786 489 100 1000 100 0 0
797 489 100 1 1 0 0
808 489 100 1 1 0 0
819 489 100 1 1 0 0
192 500 100 1 1 0 0
203 500 100 1 1 0 0
214 500 100 1000 100 0 0
225 500 100 1 1 0 0
478 500 100 1 1 0 0
489 500 100 1000 100 0 0
500 500 100 1 1 0 0
511 500 100 1000 100 0 0
522 500 100 1000 100 0 0
533 500 100 1 1 0 0
544 500 100 1 1 0 0
775 500 100 1 1 0 0
786 500 100 1 1 0 0
797 500 100 1000 100 0 0
808 500 100 1000 100 0 0
819 500 100 1 1 0 0
192 511 100 1 1 0 0
203 511 100 1000 100 0 0
214 511 100 1 1 0 0
225 511 100 1 1 0 0
478 511 100 1 1 0 0
489 511 100 1 1 0 0
500 511 100 1000 100 0 0
511 511 100 1 1 0 0
522 511 100 1 1 0 0
533 511 100 1 1 0 0
786 511 100 1 1 0 0
797 511 100 1 1 0 0
808 511 100 1000 100 0 0
819 511 100 1 1 0 0
192 522 100 1 1 0 0
203 522 100 1000 100 0 0
214 522 100 1 1 0 0
489 522 100 1 1 0 0
500 522 100 1 1 0 0
511 522 100 1 1 0 0
797 522 100 1 1 0 0
808 522 100 1000 100 0 0
819 522 100 1 1 0 0
192 533 100 1 1 0 0
203 533 100 1000 100 0 0
214 533 100 1 1 0 0
797 533 100 1 1 0 0
808 533 100 1000 100 0 0
819 533 100 1 1 0 0
170 544 100 1 1 0 0
181 544 100 1 1 0 0
192 544 100 1 1 0 0
203 544 100 1000 100 0 0
214 544 100 1 1 0 0
797 544 100 1 1 0 0
808 544 100 1000 100 0 0
819 544 100 1 1 0 0
830 544 100 1 1 0 0
170 555 100 1 1 0 0
181 555 100 1000 100 0 0
192 555 100 1000 100 0 0
203 555 100 1 1 0 0
214 555 100 1 1 0 0
335 555 100 1 1 0 0
346 555 100 1 1 0 0
357 555 100 1 1 0 0
797 555 100 1 1 0 0
808 555 100 1 1 0 0
819 555 100 1000 100 0 0
830 555 100 1 1 0 0
170 566 100 1 1 0 0
181 566 100 1000 100 0 0
192 566 100 1 1 0 0
203 566 100 1 1 0 0
324 566 100 1 1 0 0
335 566 100 1 1 0 0
346 566 100 1000 100 0 0
357 566 100 1 1 0 0
368 566 100 1 1 0 0
808 566 100 1 1 0 0
819 566 100 1000 100 0 0
830 566 100 1 1 0 0
170 577 100 1 1 0 0
181 577 100 1000 100 0 0
192 577 100 1 1 0 0
324 577 100 1 1 0 0
335 577 100 1000 100 0 0
346 577 100 1 1 0 0
357 577 100 1000 100 0 0
368 577 100 1 1 0 0
808 577 100 1 1 0 0
819 577 100 1000 100 0 0
830 577 100 1 1 0 0
170 588 100 1 1 0 0
181 588 100 1000 100 0 0
192 588 100 1 1 0 0
324 588 100 1 1 0 0
335 588 100 1000 100 0 0
346 588 100 1 1 0 0
357 588 100 1000 100 0 0
368 588 100 1 1 0 0
808 588 100 1 1 0 0
819 588 100 1000 100 0 0
830 588 100 1 1 0 0
170 599 100 1 1 0 0
181 599 100 1000 100 0 0
192 599 100 1 1 0 0
324 599 100 1 1 0 0
335 599 100 1000 100 0 0
346 599 100 1 1 0 0
357 599 100 1000 100 0 0
368 599 100 1 1 0 0
643 599 100 1 1 0 0
654 599 100 1 1 0 0
665 599 100 1 1 0 0
676 599 100 1 1 0 0
808 599 100 1 1 0 0
819 599 100 1000 100 0 0
830 599 100 1 1 0 0
170 610 100 1 1 0 0
181 610 100 1000 100 0 0
192 610 100 1 1 0 0
324 610 100 1 1 0 0
335 610 100 1000 100 0 0
346 610 100 1 1 0 0
357 610 100 1000 100 0 0
368 610 100 1 1 0 0
632 610 100 1 1 0 0
643 610 100 1 1 0 0
654 610 100 1000 100 0 0
665 610 100 1000 100 0 0
676 610 100 1 1 0 0
687 610 100 1 1 0 0
808 610 100 1 1 0 0
819 610 100 1000 100 0 0
830 610 100 1 1 0 0
170 621 100 1 1 0 0
181 621 100 1000 100 0 0
192 621 100 1 1 0 0
324 621 100 1 1 0 0
335 621 100 1000 100 0 0
346 621 100 1 1 0 0
357 621 100 1000 100 0 0
368 621 100 1 1 0 0
632 621 100 1 1 0 0
643 621 100 1000 100 0 0
654 621 100 1 1 0 0
665 621 100 1 1 0 0
676 621 100 1000 100 0 0
687 621 100 1 1 0 0
808 621 100 1 1 0 0
819 621 100 1000 100 0 0
830 621 100 1 1 0 0
170 632 100 1 1 0 0
181 632 100 1000 100 0 0
192 632 100 1 1 0 0
313 632 100 1 1 0 0
324 632 100 1 1 0 0
335 632 100 1000 100 0 0
346 632 100 1 1 0 0
357 632 100 1000 100 0 0
368 632 100 1 1 0 0
632 632 100 1 1 0 0
643 632 100 1000 100 0 0
654 632 100 1 1 0 0
665 632 100 1 1 0 0
676 632 100 1000 100 0 0
687 632 100 1 1 0 0
797 632 100 1 1 0 0
808 632 100 1 1 0 0
819 632 100 1000 100 0 0
830 632 100 1 1 0 0
170 643 100 1 1 0 0
181 643 100 1000 100 0 0
192 643 100 1 1 0 0
302 643 100 1 1 0 0
313 643 100 1 1 0 0
324 643 100 1000 100 0 0
335 643 100 1000 100 0 0
346 643 100 1 1 0 0
357 643 100 1000 100 0 0
368 643 100 1 1 0 0
632 643 100 1 1 0 0
643 643 100 1000 100 0 0
654 643 100 1 1 0 0
665 643 100 1 1 0 0
676 643 100 1000 100 0 0
687 643 100 1 1 0 0
797 643 100 1 1 0 0
808 643 100 1000 100 0 0
819 643 100 1 1 0 0
830 643 100 1 1 0 0
170 654 100 1 1 0 0
181 654 100 1000 100 0 0
192 654 100 1 1 0 0
302 654 100 1 1 0 0
313 654 100 1000 100 0 0
324 654 100 1 1 0 0
335 654 100 1 1 0 0
346 654 100 1 1 0 0
357 654 100 1000 100 0 0
368 654 100 1 1 0 0
632 654 100 1 1 0 0
643 654 100 1000 100 0 0
654 654 100 1 1 0 0
665 654 100 1 1 0 0
676 654 100 1000 100 0 0
687 654 100 1 1 0 0
797 654 100 1 1 0 0
808 654 100 1000 100 0 0
819 654 100 1 1 0 0
170 665 100 1 1 0 0
181 665 100 1000 100 0 0
192 665 100 1 1 0 0
203 665 100 1 1 0 0
302 665 100 1 1 0 0
313 665 100 1000 100 0 0
324 665 100 1 1 0 0
346 665 100 1 1 0 0
357 665 100 1000 100 0 0
368 665 100 1 1 0 0
632 665 100 1 1 0 0
643 665 100 1 1 0 0
654 665 100 1000 100 0 0
665 665 100 1000 100 0 0
676 665 100 1 1 0 0
687 665 100 1 1 0 0
786 665 100 1 1 0 0
797 665 100 1 1 0 0
808 665 100 1000 100 0 0
819 665 100 1 1 0 0
170 676 100 1 1 0 0
181 676 100 1000 100 0 0
192 676 100 1000 100 0 0
203 676 100 1 1 0 0
214 676 100 1 1 0 0
302 676 100 1 1 0 0
313 676 100 1000 100 0 0
324 676 100 1 1 0 0
335 676 100 1 1 0 0
346 676 100 1 1 0 0
357 676 100 1000 100 0 0
368 676 100 1 1 0 0
643 676 100 1 1 0 0
654 676 100 1 1 0 0
665 676 100 1 1 0 0
676 676 100 1000 100 0 0
687 676 100 1 1 0 0
698 676 100 1 1 0 0
775 676 100 1 1 0 0
786 676 100 1 1 0 0
797 676 100 1000 100 0 0
808 676 100 1 1 0 0
819 676 100 1 1 0 0
38 687 100 1 1 0 0
49 687 100 1 1 0 0
60 687 100 1 1 0 0
71 687 100 1 1 0 0
170 687 100 1 1 0 0
181 687 100 1 1 0 0
192 687 100 1 1 0 0
203 687 100 1000 100 0 0
214 687 100 1 1 0 0
291 687 100 1 1 0 0
302 687 100 1 1 0 0
313 687 100 1000 100 0 0
324 687 100 1 1 0 0
335 687 100 1 1 0 0
346 687 100 1000 100 0 0
357 687 100 1 1 0 0
368 687 100 1 1 0 0
654 687 100 1 1 0 0
665 687 100 1000 100 0 0
676 687 100 1 1 0 0
687 687 100 1000 100 0 0
698 687 100 1 1 0 0
775 687 100 1 1 0 0
786 687 100 1000 100 0 0
797 687 100 1 1 0 0
808 687 100 1 1 0 0
38 698 100 1 1 0 0
49 698 100 1000 100 0 0
60 698 100 1000 100 0 0
71 698 100 1 1 0 0
192 698 100 1 1 0 0
203 698 100 1000 100 0 0
214 698 100 1 1 0 0
291 698 100 1 1 0 0
302 698 100 1000 100 0 0
313 698 100 1 1 0 0
324 698 100 1 1 0 0
335 698 100 1 1 0 0
346 698 100 1000 100 0 0
357 698 100 1 1 0 0
654 698 100 1 1 0 0
665 698 100 1000 100 0 0
676 698 100 1 1 0 0
687 698 100 1000 100 0 0
698 698 100 1 1 0 0
709 698 100 1 1 0 0
775 698 100 1 1 0 0
786 698 100 1000 100 0 0
797 698 100 1 1 0 0
38 709 100 1 1 0 0
49 709 100 1000 100 0 0
60 709 100 1000 100 0 0
71 709 100 1 1 0 0
82 709 100 1 1 0 0
93 709 100 1 1 0 0
192 709 100 1 1 0 0
203 709 100 1000 100 0 0
214 709 100 1 1 0 0
225 709 100 1 1 0 0
291 709 100 1 1 0 0
302 709 100 1000 100 0 0
313 709 100 1 1 0 0
324 709 100 1 1 0 0
335 709 100 1 1 0 0
346 709 100 1000 100 0 0
357 709 100 1 1 0 0
654 709 100 1 1 0 0
665 709 100 1000 100 0 0
676 709 100 1 1 0 0
687 709 100 1000 100 0 0
698 709 100 1000 100 0 0
709 709 100 1 1 0 0
720 709 100 1 1 0 0
764 709 100 1 1 0 0
775 709 100 1 1 0 0
786 709 100 1000 100 0 0
797 709 100 1 1 0 0
38 720 100 1 1 0 0
49 720 100 1000 100 0 0
60 720 100 1 1 0 0
71 720 100 1000 100 0 0
82 720 100 1000 100 0 0
93 720 100 1 1 0 0
192 720 100 1 1 0 0
203 720 100 1 1 0 0
214 720 100 1000 100 0 0
225 720 100 1 1 0 0
291 720 100 1 1 0 0
302 720 100 1000 100 0 0
313 720 100 1 1 0 0
324 720 100 1000 100 0 0
335 720 100 1000 100 0 0
346 720 100 1 1 0 0
357 720 100 1 1 0 0
654 720 100 1 1 0 0
665 720 100 1 1 0 0
676 720 100 1000 100 0 0
687 720 100 1 1 0 0
698 720 100 1 1 0 0
709 720 100 1000 100 0 0
720 720 100 1 1 0 0
731 720 100 1 1 0 0
764 720 100 1 1 0 0
775 720 100 1000 100 0 0
786 720 100 1 1 0 0
797 720 100 1 1 0 0
38 731 100 1 1 0 0
49 731 100 1 1 0 0
60 731 100 1000 100 0 0
71 731 100 1 1 0 0
82 731 100 1000 100 0 0
93 731 100 1 1 0 0
203 731 100 1 1 0 0
214 731 100 1000 100 0 0
225 731 100 1 1 0 0
236 731 100 1 1 0 0
280 731 100 1 1 0 0
291 731 100 1 1 0 0
302 731 100 1000 100 0 0
313 731 100 1 1 0 0
324 731 100 1000 100 0 0
335 731 100 1 1 0 0
346 731 100 1 1 0 0
665 731 100 1 1 0 0
676 731 100 1000 100 0 0
687 731 100 1 1 0 0
698 731 100 1 1 0 0
709 731 100 1 1 0 0
720 731 100 1000 100 0 0
731 731 100 1 1 0 0
753 731 100 1 1 0 0
764 731 100 1 1 0 0
775 731 100 1000 100 0 0
786 731 100 1 1 0 0
49 742 100 1 1 0 0
60 742 100 1000 100 0 0
71 742 100 1 1 0 0
82 742 100 1000 100 0 0
93 742 100 1 1 0 0
104 742 100 1 1 0 0
203 742 100 1 1 0 0
214 742 100 1 1 0 0
225 742 100 1000 100 0 0
236 742 100 1 1 0 0
247 742 100 1 1 0 0
269 742 100 1 1 0 0
280 742 100 1 1 0 0
291 742 100 1000 100 0 0
302 742 100 1 1 0 0
313 742 100 1 1 0 0
324 742 100 1000 100 0 0
335 742 100 1 1 0 0
665 742 100 1 1 0 0
676 742 100 1000 100 0 0
687 742 100 1 1 0 0
698 742 100 1 1 0 0
709 742 100 1 1 0 0
720 742 100 1000 100 0 0
731 742 100 1 1 0 0
742 742 100 1 1 0 0
753 742 100 1 1 0 0
764 742 100 1000 100 0 0
775 742 100 1 1 0 0
786 742 100 1 1 0 0
49 753 100 1 1 0 0
60 753 100 1000 100 0 0
71 753 100 1 1 0 0
82 753 100 1 1 0 0
93 753 100 1000 100 0 0
104 753 100 1 1 0 0
115 753 100 1 1 0 0
126 753 100 1 1 0 0
137 753 100 1 1 0 0
148 753 100 1 1 0 0
159 753 100 1 1 0 0
170 753 100 1 1 0 0
181 753 100 1 1 0 0
214 753 100 1 1 0 0
225 753 100 1 1 0 0
236 753 100 1000 100 0 0
247 753 100 1 1 0 0
258 753 100 1 1 0 0
269 753 100 1 1 0 0
280 753 100 1000 100 0 0
291 753 100 1 1 0 0
302 753 100 1 1 0 0
313 753 100 1 1 0 0
324 753 100 1000 100 0 0
335 753 100 1 1 0 0
665 753 100 1 1 0 0
676 753 100 1 1 0 0
687 753 100 1000 100 0 0
698 753 100 1000 100 0 0
709 753 100 1 1 0 0
720 753 100 1000 100 0 0
731 753 100 1 1 0 0
742 753 100 1 1 0 0
753 753 100 1000 100 0 0
764 753 100 1 1 0 0
775 753 100 1 1 0 0
49 764 100 1 1 0 0
60 764 100 1000 100 0 0
71 764 100 1 1 0 0
82 764 100 1 1 0 0
93 764 100 1 1 0 0
104 764 100 1000 100 0 0
115 764 100 1000 100 0 0
126 764 100 1000 100 0 0
137 764 100 1000 100 0 0
148 764 100 1000 100 0 0
159 764 100 1000 100 0 0
170 764 100 1000 100 0 0
181 764 100 1 1 0 0
225 764 100 1 1 0 0
236 764 100 1 1 0 0
247 764 100 1000 100 0 0
258 764 100 1 1 0 0
269 764 100 1 1 0 0
280 764 100 1000 100 0 0
291 764 100 1 1 0 0
302 764 100 1 1 0 0
313 764 100 1000 100 0 0
324 764 100 1 1 0 0
335 764 100 1 1 0 0
676 764 100 1 1 0 0
687 764 100 1 1 0 0
698 764 100 1 1 0 0
709 764 100 1000 100 0 0
720 764 100 1 1 0 0
731 764 100 1 1 0 0
742 764 100 1 1 0 0
753 764 100 1000 100 0 0
764 764 100 1 1 0 0
830 764 100 1 1 0 0
841 764 100 1 1 0 0
852 764 100 1 1 0 0
49 775 100 1 1 0 0
60 775 100 1 1 0 0
71 775 100 1000 100 0 0
82 775 100 1 1 0 0
93 775 100 1 1 0 0
104 775 100 1 1 0 0
115 775 100 1 1 0 0
126 775 100 1 1 0 0
137 775 100 1 1 0 0
148 775 100 1 1 0 0
159 775 100 1 1 0 0
170 775 100 1000 100 0 0
181 775 100 1 1 0 0
236 775 100 1 1 0 0
247 775 100 1000 100 0 0
258 775 100 1 1 0 0
269 775 100 1 1 0 0
280 775 100 1 1 0 0
291 775 100 1000 100 0 0
302 775 100 1000 100 0 0
313 775 100 1 1 0 0
324 775 100 1 1 0 0
698 775 100 1 1 0 0
709 775 100 1 1 0 0
720 775 100 1 1 0 0
731 775 100 1 1 0 0
742 775 100 1000 100 0 0
753 775 100 1 1 0 0
764 775 100 1 1 0 0
819 775 100 1 1 0 0
830 775 100 1 1 0 0
841 775 100 1000 100 0 0
852 775 100 1 1 0 0
863 775 100 1 1 0 0
60 786 100 1 1 0 0
71 786 100 1000 100 0 0
82 786 100 1000 100 0 0
93 786 100 1000 100 0 0
104 786 100 1000 100 0 0
115 786 100 1000 100 0 0
126 786 100 1000 100 0 0
137 786 100 1 1 0 0
148 786 100 1 1 0 0
159 786 100 1 1 0 0
170 786 100 1000 100 0 0
181 786 100 1 1 0 0
192 786 100 1 1 0 0
203 786 100 1 1 0 0
236 786 100 1 1 0 0
247 786 100 1000 100 0 0
258 786 100 1000 100 0 0
269 786 100 1 1 0 0
280 786 100 1 1 0 0
291 786 100 1 1 0 0
302 786 100 1 1 0 0
313 786 100 1 1 0 0
709 786 100 1 1 0 0
720 786 100 1 1 0 0
731 786 100 1000 100 0 0
742 786 100 1000 100 0 0
753 786 100 1 1 0 0
808 786 100 1 1 0 0
819 786 100 1 1 0 0
830 786 100 1000 100 0 0
841 786 100 1 1 0 0
852 786 100 1000 100 0 0
863 786 100 1 1 0 0
874 786 100 1 1 0 0
60 797 100 1 1 0 0
71 797 100 1 1 0 0
82 797 100 1 1 0 0
93 797 100 1 1 0 0
104 797 100 1 1 0 0
115 797 100 1 1 0 0
126 797 100 1 1 0 0
137 797 100 1000 100 0 0
148 797 100 1000 100 0 0
159 797 100 1 1 0 0
170 797 100 1 1 0 0
181 797 100 1000 100 0 0
192 797 100 1000 100 0 0
203 797 100 1 1 0 0
236 797 100 1 1 0 0
247 797 100 1 1 0 0
258 797 100 1 1 0 0
269 797 100 1000 100 0 0
280 797 100 1 1 0 0
291 797 100 1 1 0 0
709 797 100 1 1 0 0
720 797 100 1000 100 0 0
731 797 100 1 1 0 0
742 797 100 1 1 0 0
753 797 100 1 1 0 0
786 797 100 1 1 0 0
797 797 100 1 1 0 0
808 797 100 1 1 0 0
819 797 100 1000 100 0 0
830 797 100 1 1 0 0
841 797 100 1 1 0 0
852 797 100 1 1 0 0
863 797 100 1000 100 0 0
874 797 100 1 1 0 0
885 797 100 1 1 0 0
896 797 100 1 1 0 0
907 797 100 1 1 0 0
918 797 100 1 1 0 0
929 797 100 1 1 0 0
940 797 100 1 1 0 0
951 797 100 1 1 0 0
962 797 100 1 1 0 0
973 797 100 1 1 0 0
126 808 100 1 1 0 0
137 808 100 1 1 0 0
148 808 100 1 1 0 0
159 808 100 1000 100 0 0
170 808 100 1 1 0 0
181 808 100 1 1 0 0
192 808 100 1000 100 0 0
203 808 100 1 1 0 0
258 808 100 1 1 0 0
269 808 100 1 1 0 0
280 808 100 1000 100 0 0
291 808 100 1 1 0 0
709 808 100 1 1 0 0
720 808 100 1000 100 0 0
731 808 100 1 1 0 0
786 808 100 1 1 0 0
797 808 100 1000 100 0 0
808 808 100 1000 100 0 0
819 808 100 1 1 0 0
830 808 100 1 1 0 0
852 808 100 1 1 0 0
863 808 100 1 1 0 0
874 808 100 1000 100 0 0
885 808 100 1000 100 0 0
896 808 100 1000 100 0 0
907 808 100 1000 100 0 0
918 808 100 1000 100 0 0
929 808 100 1000 100 0 0
940 808 100 1000 100 0 0
951 808 100 1000 100 0 0
962 808 100 1000 100 0 0
973 808 100 1 1 0 0
148 819 100 1 1 0 0
159 819 100 1000 100 0 0
170 819 100 1 1 0 0
181 819 100 1 1 0 0
192 819 100 1000 100 0 0
203 819 100 1 1 0 0
214 819 100 1 1 0 0
269 819 100 1 1 0 0
280 819 100 1000 100 0 0
291 819 100 1 1 0 0
390 819 100 1 1 0 0
401 819 100 1 1 0 0
412 819 100 1 1 0 0
423 819 100 1 1 0 0
698 819 100 1 1 0 0
709 819 100 1 1 0 0
720 819 100 1000 100 0 0
731 819 100 1 1 0 0
775 819 100 1 1 0 0
786 819 100 1 1 0 0
797 819 100 1000 100 0 0
808 819 100 1 1 0 0
819 819 100 1 1 0 0
863 819 100 1 1 0 0
874 819 100 1 1 0 0
885 819 100 1 1 0 0
896 819 100 1 1 0 0
907 819 100 1 1 0 0
918 819 100 1 1 0 0
929 819 100 1 1 0 0
940 819 100 1 1 0 0
951 819 100 1 1 0 0
962 819 100 1000 100 0 0
973 819 100 1 1 0 0
984 819 100 1 1 0 0
38 830 100 1 1 0 0
49 830 100 1 1 0 0
60 830 100 1 1 0 0
71 830 100 1 1 0 0
82 830 100 1 1 0 0
93 830 100 1 1 0 0
148 830 100 1 1 0 0
159 830 100 1000 100 0 0
170 830 100 1 1 0 0
181 830 100 1 1 0 0
192 830 100 1 1 0 0
203 830 100 1000 100 0 0
214 830 100 1 1 0 0
269 830 100 1 1 0 0
280 830 100 1000 100 0 0
291 830 100 1 1 0 0
379 830 100 1 1 0 0
390 830 100 1 1 0 0
401 830 100 1000 100 0 0
412 830 100 1000 100 0 0
423 830 100 1 1 0 0
434 830 100 1 1 0 0
698 830 100 1 1 0 0
709 830 100 1000 100 0 0
720 830 100 1 1 0 0
731 830 100 1 1 0 0
742 830 100 1 1 0 0
753 830 100 1 1 0 0
764 830 100 1 1 0 0
775 830 100 1 1 0 0
786 830 100 1000 100 0 0
797 830 100 1 1 0 0
808 830 100 1 1 0 0
951 830 100 1 1 0 0
962 830 100 1 1 0 0
973 830 100 1000 100 0 0
984 830 100 1 1 0 0
38 841 100 1 1 0 0
49 841 100 1000 100 0 0
60 841 100 1000 100 0 0
71 841 100 1000 100 0 0
82 841 100 1000 100 0 0
93 841 100 1 1 0 0
148 841 100 1 1 0 0
159 841 100 1000 100 0 0
170 841 100 1 1 0 0
192 841 100 1 1 0 0
203 841 100 1000 100 0 0
214 841 100 1 1 0 0
269 841 100 1 1 0 0
280 841 100 1000 100 0 0
291 841 100 1 1 0 0
379 841 100 1 1 0 0
390 841 100 1000 100 0 0
401 841 100 1 1 0 0
412 841 100 1 1 0 0
423 841 100 1000 100 0 0
434 841 100 1 1 0 0
456 841 100 1 1 0 0
467 841 100 1 1 0 0
478 841 100 1 1 0 0
489 841 100 1 1 0 0
522 841 100 1 1 0 0
533 841 100 1 1 0 0
544 841 100 1 1 0 0
566 841 100 1 1 0 0
577 841 100 1 1 0 0
588 841 100 1 1 0 0
599 841 100 1 1 0 0
610 841 100 1 1 0 0
632 841 100 1 1 0 0
643 841 100 1 1 0 0
654 841 100 1 1 0 0
698 841 100 1 1 0 0
709 841 100 1000 100 0 0
720 841 100 1 1 0 0
742 841 100 1 1 0 0
753 841 100 1000 100 0 0
764 841 100 1000 100 0 0
775 841 100 1000 100 0 0
786 841 100 1 1 0 0
797 841 100 1 1 0 0
951 841 100 1 1 0 0
962 841 100 1000 100 0 0
973 841 100 1 1 0 0
984 841 100 1 1 0 0
38 852 100 1 1 0 0
49 852 100 1000 100 0 0
60 852 100 1 1 0 0
71 852 100 1 1 0 0
82 852 100 1000 100 0 0
93 852 100 1 1 0 0
104 852 100 1 1 0 0
148 852 100 1 1 0 0
159 852 100 1000 100 0 0
170 852 100 1 1 0 0
192 852 100 1 1 0 0
203 852 100 1000 100 0 0
214 852 100 1 1 0 0
225 852 100 1 1 0 0
236 852 100 1 1 0 0
269 852 100 1 1 0 0
280 852 100 1000 100 0 0
291 852 100 1 1 0 0
335 852 100 1 1 0 0
346 852 100 1 1 0 0
357 852 100 1 1 0 0
379 852 100 1 1 0 0
390 852 100 1000 100 0 0
401 852 100 1 1 0 0
412 852 100 1 1 0 0
423 852 100 1000 100 0 0
434 852 100 1 1 0 0
445 852 100 1 1 0 0
456 852 100 1 1 0 0
467 852 100 1000 100 0 0
478 852 100 1000 100 0 0
489 852 100 1 1 0 0
500 852 100 1 1 0 0
511 852 100 1 1 0 0
522 852 100 1 1 0 0
533 852 100 1000 100 0 0
544 852 100 1 1 0 0
555 852 100 1 1 0 0
566 852 100 1 1 0 0
577 852 100 1000 100 0 0
588 852 100 1000 100 0 0
599 852 100 1000 100 0 0
610 852 100 1 1 0 0
621 852 100 1 1 0 0
632 852 100 1 1 0 0
643 852 100 1000 100 0 0
654 852 100 1 1 0 0
665 852 100 1 1 0 0
698 852 100 1 1 0 0
709 852 100 1000 100 0 0
720 852 100 1 1 0 0
731 852 100 1 1 0 0
742 852 100 1 1 0 0
753 852 100 1000 100 0 0
764 852 100 1 1 0 0
775 852 100 1 1 0 0
786 852 100 1 1 0 0
830 852 100 1 1 0 0
841 852 100 1 1 0 0
852 852 100 1 1 0 0
863 852 100 1 1 0 0
874 852 100 1 1 0 0
951 852 100 1 1 0 0
962 852 100 1000 100 0 0
973 852 100 1 1 0 0
38 863 100 1 1 0 0
49 863 100 1000 100 0 0
60 863 100 1 1 0 0
71 863 100 1 1 0 0
82 863 100 1 1 0 0
93 863 100 1000 100 0 0
104 863 100 1 1 0 0
115 863 100 1 1 0 0
126 863 100 1 1 0 0
137 863 100 1 1 0 0
148 863 100 1 1 0 0
159 863 100 1000 100 0 0
170 863 100 1 1 0 0
192 863 100 1 1 0 0
203 863 100 1 1 0 0
214 863 100 1000 100 0 0
225 863 100 1000 100 0 0
236 863 100 1 1 0 0
269 863 100 1 1 0 0
280 863 100 1000 100 0 0
291 863 100 1 1 0 0
324 863 100 1 1 0 0
335 863 100 1 1 0 0
346 863 100 1000 100 0 0
357 863 100 1 1 0 0
368 863 100 1 1 0 0
379 863 100 1 1 0 0
390 863 100 1000 100 0 0
401 863 100 1 1 0 0
412 863 100 1 1 0 0
423 863 100 1000 100 0 0
434 863 100 1 1 0 0
445 863 100 1 1 0 0
456 863 100 1000 100 0 0
467 863 100 1 1 0 0
478 863 100 1 1 0 0
489 863 100 1000 100 0 0
500 863 100 1 1 0 0
511 863 100 1 1 0 0
522 863 100 1000 100 0 0
533 863 100 1 1 0 0
544 863 100 1000 100 0 0
555 863 100 1 1 0 0
566 863 100 1000 100 0 0
577 863 100 1 1 0 0
588 863 100 1 1 0 0
599 863 100 1 1 0 0
610 863 100 1000 100 0 0
621 863 100 1000 100 0 0
632 863 100 1000 100 0 0
643 863 100 1 1 0 0
654 863 100 1000 100 0 0
665 863 100 1 1 0 0
698 863 100 1 1 0 0
709 863 100 1 1 0 0
720 863 100 1000 100 0 0
731 863 100 1000 100 0 0
742 863 100 1000 100 0 0
753 863 100 1 1 0 0
764 863 100 1 1 0 0
808 863 100 1 1 0 0
819 863 100 1 1 0 0
830 863 100 1 1 0 0
841 863 100 1000 100 0 0
852 863 100 1000 100 0 0
863 863 100 1000 100 0 0
874 863 100 1 1 0 0
885 863 100 1 1 0 0
896 863 100 1 1 0 0
907 863 100 1 1 0 0
918 863 100 1 1 0 0
951 863 100 1 1 0 0
962 863 100 1000 100 0 0
973 863 100 1 1 0 0
38 874 100 1 1 0 0
49 874 100 1000 100 0 0
60 874 100 1000 100 0 0
71 874 100 1000 100 0 0
82 874 100 1000 100 0 0
93 874 100 1 1 0 0
104 874 100 1000 100 0 0
115 874 100 1000 100 0 0
126 874 100 1000 100 0 0
137 874 100 1000 100 0 0
148 874 100 1000 100 0 0
159 874 100 1 1 0 0
170 874 100 1 1 0 0
203 874 100 1 1 0 0
214 874 100 1 1 0 0
225 874 100 1000 100 0 0
236 874 100 1 1 0 0
247 874 100 1 1 0 0
258 874 100 1 1 0 0
269 874 100 1 1 0 0
280 874 100 1000 100 0 0
291 874 100 1 1 0 0
324 874 100 1 1 0 0
335 874 100 1000 100 0 0
346 874 100 1 1 0 0
357 874 100 1000 100 0 0
368 874 100 1 1 0 0
379 874 100 1 1 0 0
390 874 100 1000 100 0 0
401 874 100 1 1 0 0
412 874 100 1 1 0 0
423 874 100 1 1 0 0
434 874 100 1000 100 0 0
445 874 100 1000 100 0 0
456 874 100 1 1 0 0
467 874 100 1 1 0 0
478 874 100 1 1 0 0
489 874 100 1000 100 0 0
500 874 100 1 1 0 0
511 874 100 1 1 0 0
522 874 100 1000 100 0 0
533 874 100 1 1 0 0
544 874 100 1000 100 0 0
555 874 100 1 1 0 0
566 874 100 1000 100 0 0
577 874 100 1 1 0 0
599 874 100 1 1 0 0
610 874 100 1000 100 0 0
621 874 100 1 1 0 0
632 874 100 1 1 0 0
643 874 100 1 1 0 0
654 874 100 1000 100 0 0
665 874 100 1 1 0 0
709 874 100 1 1 0 0
720 874 100 1 1 0 0
731 874 100 1 1 0 0
742 874 100 1 1 0 0
753 874 100 1 1 0 0
797 874 100 1 1 0 0
808 874 100 1 1 0 0
819 874 100 1000 100 0 0
830 874 100 1000 100 0 0
841 874 100 1 1 0 0
852 874 100 1 1 0 0
863 874 100 1 1 0 0
874 874 100 1000 100 0 0
885 874 100 1000 100 0 0
896 874 100 1000 100 0 0
907 874 100 1000 100 0 0
918 874 100 1 1 0 0
929 874 100 1 1 0 0
951 874 100 1 1 0 0
962 874 100 1000 100 0 0
973 874 100 1 1 0 0
38 885 100 1 1 0 0
49 885 100 1 1 0 0
60 885 100 1 1 0 0
71 885 100 1 1 0 0
82 885 100 1 1 0 0
93 885 100 1000 100 0 0
104 885 100 1 1 0 0
115 885 100 1 1 0 0
126 885 100 1 1 0 0
137 885 100 1 1 0 0
148 885 100 1 1 0 0
159 885 100 1 1 0 0
170 885 100 1 1 0 0
181 885 100 1 1 0 0
214 885 100 1 1 0 0
225 885 100 1 1 0 0
236 885 100 1000 100 0 0
247 885 100 1000 100 0 0
258 885 100 1000 100 0 0
269 885 100 1000 100 0 0
280 885 100 1 1 0 0
291 885 100 1 1 0 0
324 885 100 1 1 0 0
335 885 100 1000 100 0 0
346 885 100 1 1 0 0
357 885 100 1000 100 0 0
368 885 100 1 1 0 0
379 885 100 1000 100 0 0
390 885 100 1 1 0 0
401 885 100 1 1 0 0
423 885 100 1 1 0 0
434 885 100 1000 100 0 0
445 885 100 1 1 0 0
456 885 100 1000 100 0 0
467 885 100 1 1 0 0
478 885 100 1 1 0 0
489 885 100 1000 100 0 0
500 885 100 1 1 0 0
511 885 100 1 1 0 0
522 885 100 1000 100 0 0
533 885 100 1 1 0 0
544 885 100 1000 100 0 0
555 885 100 1 1 0 0
566 885 100 1000 100 0 0
577 885 100 1 1 0 0
599 885 100 1 1 0 0
610 885 100 1000 100 0 0
621 885 100 1 1 0 0
643 885 100 1 1 0 0
654 885 100 1000 100 0 0
665 885 100 1 1 0 0
775 885 100 1 1 0 0
786 885 100 1 1 0 0
797 885 100 1 1 0 0
808 885 100 1000 100 0 0
819 885 100 1 1 0 0
830 885 100 1 1 0 0
841 885 100 1 1 0 0
863 885 100 1 1 0 0
874 885 100 1 1 0 0
885 885 100 1 1 0 0
896 885 100 1 1 0 0
907 885 100 1 1 0 0
918 885 100 1000 100 0 0
929 885 100 1 1 0 0
940 885 100 1 1 0 0
951 885 100 1 1 0 0
962 885 100 1000 100 0 0
973 885 100 1 1 0 0
82 896 100 1 1 0 0
93 896 100 1000 100 0 0
104 896 100 1000 100 0 0
115 896 100 1000 100 0 0
126 896 100 1000 100 0 0
137 896 100 1000 100 0 0
148 896 100 1000 100 0 0
159 896 100 1000 100 0 0
170 896 100 1000 100 0 0
181 896 100 1 1 0 0
192 896 100 1 1 0 0
225 896 100 1 1 0 0
236 896 100 1 1 0 0
247 896 100 1 1 0 0
258 896 100 1 1 0 0
269 896 100 1 1 0 0
280 896 100 1 1 0 0
324 896 100 1 1 0 0
335 896 100 1000 100 0 0
346 896 100 1 1 0 0
357 896 100 1000 100 0 0
368 896 100 1 1 0 0
379 896 100 1000 100 0 0
390 896 100 1 1 0 0
423 896 100 1 1 0 0
434 896 100 1000 100 0 0
445 896 100 1 1 0 0
456 896 100 1000 100 0 0
467 896 100 1 1 0 0
478 896 100 1 1 0 0
489 896 100 1000 100 0 0
500 896 100 1 1 0 0
511 896 100 1 1 0 0
522 896 100 1000 100 0 0
533 896 100 1 1 0 0
544 896 100 1000 100 0 0
555 896 100 1 1 0 0
566 896 100 1000 100 0 0
577 896 100 1 1 0 0
599 896 100 1 1 0 0
610 896 100 1000 100 0 0
621 896 100 1 1 0 0
643 896 100 1 1 0 0
654 896 100 1000 100 0 0
665 896 100 1 1 0 0
698 896 100 1 1 0 0
709 896 100 1 1 0 0
720 896 100 1 1 0 0
731 896 100 1 1 0 0
742 896 100 1 1 0 0
753 896 100 1 1 0 0
764 896 100 1 1 0 0
775 896 100 1 1 0 0
786 896 100 1000 100 0 0
797 896 100 1000 100 0 0
808 896 100 1 1 0 0
819 896 100 1 1 0 0
907 896 100 1 1 0 0
918 896 100 1 1 0 0
929 896 100 1000 100 0 0
940 896 100 1000 100 0 0
951 896 100 1000 100 0 0
962 896 100 1000 100 0 0
973 896 100 1 1 0 0
82 907 100 1 1 0 0
93 907 100 1 1 0 0
104 907 100 1 1 0 0
115 907 100 1 1 0 0
126 907 100 1 1 0 0
137 907 100 1 1 0 0
148 907 100 1 1 0 0
159 907 100 1 1 0 0
170 907 100 1 1 0 0
181 907 100 1000 100 0 0
192 907 100 1 1 0 0
324 907 100 1 1 0 0
335 907 100 1000 100 0 0
346 907 100 1 1 0 0
357 907 100 1000 100 0 0
368 907 100 1 1 0 0
379 907 100 1000 100 0 0
390 907 100 1 1 0 0
423 907 100 1 1 0 0
434 907 100 1000 100 0 0
445 907 100 1000 100 0 0
456 907 100 1 1 0 0
467 907 100 1 1 0 0
478 907 100 1 1 0 0
489 907 100 1000 100 0 0
500 907 100 1 1 0 0
511 907 100 1 1 0 0
522 907 100 1000 100 0 0
533 907 100 1 1 0 0
544 907 100 1000 100 0 0
555 907 100 1 1 0 0
566 907 100 1000 100 0 0
577 907 100 1 1 0 0
599 907 100 1 1 0 0
610 907 100 1000 100 0 0
621 907 100 1 1 0 0
643 907 100 1 1 0 0
654 907 100 1000 100 0 0
665 907 100 1 1 0 0
687 907 100 1 1 0 0
698 907 100 1 1 0 0
709 907 100 1000 100 0 0
720 907 100 1000 100 0 0
731 907 100 1000 100 0 0
742 907 100 1000 100 0 0
753 907 100 1000 100 0 0
764 907 100 1000 100 0 0
775 907 100 1000 100 0 0
786 907 100 1 1 0 0
797 907 100 1 1 0 0
808 907 100 1 1 0 0
918 907 100 1 1 0 0
929 907 100 1 1 0 0
940 907 100 1 1 0 0
951 907 100 1 1 0 0
962 907 100 1 1 0 0
973 907 100 1 1 0 0
170 918 100 1 1 0 0
181 918 100 1000 100 0 0
192 918 100 1 1 0 0
203 918 100 1 1 0 0
324 918 100 1 1 0 0
335 918 100 1000 100 0 0
346 918 100 1 1 0 0
357 918 100 1000 100 0 0
368 918 100 1 1 0 0
379 918 100 1000 100 0 0
390 918 100 1 1 0 0
423 918 100 1 1 0 0
434 918 100 1000 100 0 0
445 918 100 1000 100 0 0
456 918 100 1 1 0 0
478 918 100 1 1 0 0
489 918 100 1000 100 0 0
500 918 100 1 1 0 0
511 918 100 1 1 0 0
522 918 100 1000 100 0 0
533 918 100 1 1 0 0
544 918 100 1000 100 0 0
555 918 100 1 1 0 0
566 918 100 1000 100 0 0
577 918 100 1 1 0 0
599 918 100 1 1 0 0
610 918 100 1000 100 0 0
621 918 100 1 1 0 0
643 918 100 1 1 0 0
654 918 100 1000 100 0 0
665 918 100 1 1 0 0
687 918 100 1 1 0 0
698 918 100 1000 100 0 0
709 918 100 1 1 0 0
720 918 100 1 1 0 0
731 918 100 1 1 0 0
742 918 100 1 1 0 0
753 918 100 1 1 0 0
764 918 100 1 1 0 0
775 918 100 1 1 0 0
786 918 100 1 1 0 0
170 929 100 1 1 0 0
181 929 100 1 1 0 0
192 929 100 1000 100 0 0
203 929 100 1 1 0 0
214 929 100 1 1 0 0
236 929 100 1 1 0 0
247 929 100 1 1 0 0
258 929 100 1 1 0 0
269 929 100 1 1 0 0
280 929 100 1 1 0 0
291 929 100 1 1 0 0
302 929 100 1 1 0 0
313 929 100 1 1 0 0
324 929 100 1 1 0 0
335 929 100 1000 100 0 0
346 929 100 1 1 0 0
357 929 100 1000 100 0 0
368 929 100 1 1 0 0
379 929 100 1000 100 0 0
390 929 100 1 1 0 0
401 929 100 1 1 0 0
412 929 100 1 1 0 0
423 929 100 1 1 0 0
434 929 100 1000 100 0 0
445 929 100 1000 100 0 0
456 929 100 1 1 0 0
467 929 100 1 1 0 0
478 929 100 1 1 0 0
489 929 100 1000 100 0 0
500 929 100 1 1 0 0
511 929 100 1 1 0 0
522 929 100 1000 100 0 0
533 929 100 1 1 0 0
544 929 100 1000 100 0 0
555 929 100 1 1 0 0
566 929 100 1000 100 0 0
577 929 100 1 1 0 0
588 929 100 1 1 0 0
599 929 100 1 1 0 0
610 929 100 1000 100 0 0
621 929 100 1 1 0 0
632 929 100 1 1 0 0
643 929 100 1 1 0 0
654 929 100 1000 100 0 0
665 929 100 1 1 0 0
676 929 100 1 1 0 0
687 929 100 1 1 0 0
698 929 100 1000 100 0 0
709 929 100 1 1 0 0
181 940 100 1 1 0 0
192 940 100 1 1 0 0
203 940 100 1000 100 0 0
214 940 100 1 1 0 0
225 940 100 1 1 0 0
236 940 100 1 1 0 0
247 940 100 1000 100 0 0
258 940 100 1000 100 0 0
269 940 100 1000 100 0 0
280 940 100 1000 100 0 0
291 940 100 1000 100 0 0
302 940 100 1000 100 0 0
313 940 100 1 1 0 0
324 940 100 1 1 0 0
335 940 100 1000 100 0 0
346 940 100 1 1 0 0
357 940 100 1000 100 0 0
368 940 100 1 1 0 0
379 940 100 1 1 0 0
390 940 100 1000 100 0 0
401 940 100 1 1 0 0
412 940 100 1 1 0 0
423 940 100 1000 100 0 0
434 940 100 1 1 0 0
445 940 100 1 1 0 0
456 940 100 1000 100 0 0
467 940 100 1 1 0 0
478 940 100 1 1 0 0
489 940 100 1000 100 0 0
500 940 100 1 1 0 0
511 940 100 1 1 0 0
522 940 100 1000 100 0 0
533 940 100 1 1 0 0
544 940 100 1000 100 0 0
555 940 100 1 1 0 0
566 940 100 1 1 0 0
577 940 100 1000 100 0 0
588 940 100 1000 100 0 0
599 940 100 1000 100 0 0
610 940 100 1 1 0 0
621 940 100 1000 100 0 0
632 940 100 1000 100 0 0
643 940 100 1 1 0 0
654 940 100 1000 100 0 0
665 940 100 1 1 0 0
676 940 100 1 1 0 0
687 940 100 1000 100 0 0
698 940 100 1 1 0 0
709 940 100 1 1 0 0
192 951 100 1 1 0 0
203 951 100 1 1 0 0
214 951 100 1000 100 0 0
225 951 100 1 1 0 0
236 951 100 1000 100 0 0
247 951 100 1 1 0 0
258 951 100 1 1 0 0
269 951 100 1 1 0 0
280 951 100 1 1 0 0
291 951 100 1 1 0 0
302 951 100 1 1 0 0
313 951 100 1000 100 0 0
324 951 100 1 1 0 0
335 951 100 1 1 0 0
346 951 100 1000 100 0 0
357 951 100 1 1 0 0
368 951 100 1 1 0 0
379 951 100 1 1 0 0
390 951 100 1 1 0 0
401 951 100 1000 100 0 0
412 951 100 1000 100 0 0
423 951 100 1 1 0 0
434 951 100 1 1 0 0
445 951 100 1 1 0 0
456 951 100 1 1 0 0
467 951 100 1000 100 0 0
478 951 100 1000 100 0 0
489 951 100 1 1 0 0
500 951 100 1 1 0 0
511 951 100 1 1 0 0
522 951 100 1 1 0 0
533 951 100 1000 100 0 0
544 951 100 1 1 0 0
555 951 100 1 1 0 0
566 951 100 1 1 0 0
577 951 100 1 1 0 0
588 951 100 1 1 0 0
599 951 100 1 1 0 0
610 951 100 1 1 0 0
621 951 100 1 1 0 0
632 951 100 1 1 0 0
643 951 100 1000 100 0 0
654 951 100 1 1 0 0
665 951 100 1 1 0 0
676 951 100 1000 100 0 0
687 951 100 1 1 0 0
698 951 100 1 1 0 0
203 962 100 1 1 0 0
214 962 100 1 1 0 0
225 962 100 1000 100 0 0
236 962 100 1 1 0 0
247 962 100 1 1 0 0
302 962 100 1 1 0 0
313 962 100 1000 100 0 0
324 962 100 1 1 0 0
335 962 100 1 1 0 0
346 962 100 1 1 0 0
357 962 100 1 1 0 0
368 962 100 1 1 0 0
379 962 100 1 1 0 0
390 962 100 1 1 0 0
401 962 100 1 1 0 0
412 962 100 1 1 0 0
423 962 100 1 1 0 0
434 962 100 1 1 0 0
445 962 100 1 1 0 0
456 962 100 1 1 0 0
467 962 100 1 1 0 0
478 962 100 1 1 0 0
489 962 100 1 1 0 0
500 962 100 1 1 0 0
511 962 100 1 1 0 0
522 962 100 1 1 0 0
533 962 100 1 1 0 0
544 962 100 1 1 0 0
555 962 100 1 1 0 0
566 962 100 1 1 0 0
577 962 100 1 1 0 0
588 962 100 1 1 0 0
599 962 100 1 1 0 0
610 962 100 1 1 0 0
621 962 100 1 1 0 0
632 962 100 1 1 0 0
643 962 100 1 1 0 0
654 962 100 1 1 0 0
665 962 100 1 1 0 0
676 962 100 1000 100 0 0
687 962 100 1 1 0 0
214 973 100 1 1 0 0
225 973 100 1 1 0 0
236 973 100 1 1 0 0
302 973 100 1 1 0 0
313 973 100 1000 100 0 0
324 973 100 1000 100 0 0
335 973 100 1000 100 0 0
346 973 100 1000 100 0 0
357 973 100 1000 100 0 0
368 973 100 1000 100 0 0
379 973 100 1000 100 0 0
390 973 100 1 1 0 0
401 973 100 1 1 0 0
412 973 100 1 1 0 0
423 973 100 1 1 0 0
434 973 100 1000 100 0 0
445 973 100 1000 100 0 0
456 973 100 1000 100 0 0
467 973 100 1000 100 0 0
478 973 100 1000 100 0 0
489 973 100 1000 100 0 0
500 973 100 1000 100 0 0
511 973 100 1000 100 0 0
522 973 100 1000 100 0 0
533 973 100 1000 100 0 0
544 973 100 1000 100 0 0
555 973 100 1000 100 0 0
566 973 100 1000 100 0 0
577 973 100 1000 100 0 0
588 973 100 1000 100 0 0
599 973 100 1000 100 0 0
610 973 100 1000 100 0 0
621 973 100 1000 100 0 0
632 973 100 1000 100 0 0
643 973 100 1000 100 0 0
654 973 100 1000 100 0 0
665 973 100 1000 100 0 0
676 973 100 1 1 0 0
687 973 100 1 1 0 0
302 984 100 1 1 0 0
313 984 100 1 1 0 0
324 984 100 1 1 0 0
335 984 100 1 1 0 0
346 984 100 1 1 0 0
357 984 100 1 1 0 0
368 984 100 1 1 0 0
379 984 100 1 1 0 0
390 984 100 1000 100 0 0
401 984 100 1000 100 0 0
412 984 100 1000 100 0 0
423 984 100 1000 100 0 0
434 984 100 1 1 0 0
445 984 100 1 1 0 0
456 984 100 1 1 0 0
467 984 100 1 1 0 0
478 984 100 1 1 0 0
489 984 100 1 1 0 0
500 984 100 1 1 0 0
511 984 100 1 1 0 0
522 984 100 1 1 0 0
533 984 100 1 1 0 0
544 984 100 1 1 0 0
555 984 100 1 1 0 0
566 984 100 1 1 0 0
577 984 100 1 1 0 0
588 984 100 1 1 0 0
599 984 100 1 1 0 0
610 984 100 1 1 0 0
621 984 100 1 1 0 0
632 984 100 1 1 0 0
643 984 100 1 1 0 0
654 984 100 1 1 0 0
665 984 100 1 1 0 0
676 984 100 1 1 0 0
379 995 100 1 1 0 0
390 995 100 1 1 0 0
401 995 100 1 1 0 0
412 995 100 1 1 0 0
423 995 100 1 1 0 0
434 995 100 1 1 0 0
