3200
150
32
1
8
3
414
464
1000
1000
274
353
509 87 126 124 177 0 0
479 114 117 128 173 0 0
450 83 198 127 124 0 0
480 55 151 126 186 0 0
963 908 125 122 173 0 0
958 923 122 118 151 0 0
941 934 110 120 111 0 0
922 933 101 122 173 0 0
909 922 139 122 185 0 0
904 904 124 118 104 0 0
911 886 129 117 141 0 0
927 876 133 116 189 0 0
944 877 106 123 190 0 0
959 889 121 117 194 0 0
263 862 113 119 174 0 0
255 883 112 124 184 0 0
237 892 142 121 126 0 0
216 888 105 118 114 0 0
203 872 117 120 187 0 0
204 850 104 119 163 0 0
219 833 116 120 116 0 0
240 831 141 117 107 0 0
257 842 106 117 151 0 0
970 855 130 129 131 0 0
938 886 117 123 196 0 0
907 852 194 122 110 0 0
940 823 111 121 101 0 0
391 310 171 127 186 0 0
367 338 139 125 194 0 0
333 325 178 121 131 0 0
335 286 152 129 138 0 0
370 276 154 121 175 0 0
465 457 142 124 156 0 0
458 477 132 121 127 0 0
438 488 113 119 143 0 0
417 484 132 124 121 0 0
403 467 108 123 174 0 0
404 444 111 117 149 0 0
420 427 120 119 190 0 0
440 425 119 122 180 0 0
459 437 126 117 151 0 0
250 644 139 118 162 0 0
242 664 110 121 145 0 0
225 675 126 117 103 0 0
205 673 107 120 138 0 0
191 662 133 119 197 0 0
185 640 130 118 156 0 0
191 622 102 118 119 0 0
210 610 121 118 154 0 0
230 612 138 119 143 0 0
246 625 114 123 144 0 0
766 725 119 119 197 0 0
757 748 120 120 115 0 0
737 758 104 119 155 0 0
713 753 118 116 145 0 0
700 735 127 123 101 0 0
702 710 107 122 121 0 0
718 694 136 123 193 0 0
739 691 141 123 172 0 0
760 705 127 117 149 0 0
787 777 135 121 151 0 0
761 810 153 124 157 0 0
726 796 111 129 119 0 0
728 754 155 122 128 0 0
766 745 124 123 165 0 0
906 815 115 121 101 0 0
899 833 128 121 138 0 0
882 845 105 123 122 0 0
858 844 105 118 133 0 0
843 832 129 123 138 0 0
837 811 110 117 138 0 0
843 791 104 123 117 0 0
861 778 136 120 181 0 0
885 779 116 123 110 0 0
900 792 122 119 164 0 0
103 143 129 119 194 0 0
95 166 126 119 100 0 0
76 177 138 120 113 0 0
56 175 134 122 150 0 0
39 161 118 120 148 0 0
34 142 114 118 133 0 0
41 121 112 120 148 0 0
59 109 122 121 130 0 0
81 110 107 119 118 0 0
98 124 136 117 131 0 0
844 552 151 119 120 0 0
828 582 154 126 143 0 0
800 586 153 118 122 0 0
775 564 132 122 162 0 0
777 534 111 126 133 0 0
801 516 120 118 161 0 0
831 524 110 125 125 0 0
744 260 132 118 171 0 0
729 287 133 122 180 0 0
700 293 102 124 139 0 0
676 273 119 126 117 0 0
677 241 109 123 120 0 0
704 222 104 124 143 0 0
732 230 115 120 168 0 0
107 602 100 117 159 0 0
98 625 129 123 150 0 0
76 637 124 123 127 0 0
53 632 102 121 149 0 0
37 610 110 121 173 0 0
38 589 127 117 161 0 0
54 570 119 117 158 0 0
81 567 118 124 126 0 0
99 579 122 124 188 0 0
890 25 135 118 173 0 0
876 51 107 125 193 0 0
844 57 118 121 134 0 0
821 36 148 122 167 0 0
823 4 144 122 127 0 0
850 0 114 124 151 0 0
879 0 121 121 191 0 0
457 78 134 122 178 0 0
444 104 118 125 182 0 0
418 112 123 118 169 0 0
393 100 140 121 117 0 0
384 75 133 122 116 0 0
397 47 131 121 178 0 0
422 39 108 117 137 0 0
447 50 134 122 189 0 0
524 343 131 116 160 0 0
516 364 109 123 109 0 0
498 376 117 118 104 0 0
476 376 129 119 127 0 0
456 360 109 123 178 0 0
451 337 131 120 153 0 0
459 317 133 123 157 0 0
479 305 137 116 192 0 0
502 307 117 123 141 0 0
518 320 113 119 170 0 0
292 753 122 121 101 0 0
271 784 101 124 116 0 0
234 781 125 123 126 0 0
219 750 161 123 180 0 0
240 717 132 120 103 0 0
274 718 151 119 112 0 0
88 654 126 117 100 0 0
81 673 138 118 170 0 0
62 686 110 122 178 0 0
38 685 139 117 144 0 0
20 670 139 120 101 0 0
15 649 118 123 126 0 0
24 626 114 120 166 0 0
42 615 133 119 157 0 0
65 616 129 118 125 0 0
83 631 131 116 196 0 0
572 661 145 118 182 0 0
561 685 110 120 163 0 0
534 695 119 124 152 0 0
506 683 144 122 157 0 0
497 656 110 119 147 0 0
510 628 104 121 170 0 0
536 620 124 117 168 0 0
562 632 133 117 105 0 0
967 682 149 124 128 0 0
945 714 143 128 165 0 0
909 711 157 123 178 0 0
892 679 142 124 138 0 0
911 646 142 119 179 0 0
951 648 105 120 163 0 0
400 702 184 124 187 0 0
362 737 122 128 181 0 0
325 698 196 126 149 0 0
364 662 117 130 113 0 0
884 634 134 127 191 0 0
844 671 197 128 139 0 0
809 631 195 123 110 0 0
850 596 150 124 118 0 0
608 689 118 120 167 0 0
599 711 106 121 162 0 0
575 724 119 123 197 0 0
551 719 124 116 156 0 0
534 696 125 123 126 0 0
535 673 131 124 131 0 0
552 653 138 117 138 0 0
579 649 140 120 182 0 0
601 664 126 123 104 0 0
760 440 147 122 119 0 0
745 471 149 118 124 0 0
713 477 135 126 167 0 0
686 456 152 124 180 0 0
687 421 113 121 176 0 0
714 401 118 122 106 0 0
749 411 103 119 197 0 0
336 624 158 121 147 0 0
307 660 161 121 147 0 0
265 644 156 125 126 0 0
267 598 151 123 115 0 0
311 586 141 123 188 0 0
820 159 112 116 138 0 0
812 180 122 120 162 0 0
792 193 136 117 169 0 0
768 192 107 122 164 0 0
749 177 114 123 156 0 0
743 153 139 119 177 0 0
751 131 117 118 173 0 0
771 118 130 124 101 0 0
796 119 114 116 158 0 0
814 134 116 117 187 0 0
131 495 125 118 181 0 0
123 518 124 117 196 0 0
103 532 103 116 184 0 0
80 531 138 119 156 0 0
61 517 135 118 163 0 0
54 491 125 121 136 0 0
63 469 105 119 128 0 0
81 457 108 121 172 0 0
107 458 111 123 129 0 0
125 473 110 123 122 0 0
791 197 140 125 139 0 0
778 226 149 121 122 0 0
751 235 122 120 195 0 0
725 224 127 124 116 0 0
714 194 119 124 152 0 0
727 167 112 118 137 0 0
755 158 121 123 160 0 0
781 170 143 120 122 0 0
387 91 121 119 190 0 0
378 117 121 120 147 0 0
356 130 132 123 151 0 0
334 128 128 123 144 0 0
315 114 124 120 176 0 0
308 88 121 120 170 0 0
317 64 130 120 124 0 0
337 52 138 119 191 0 0
360 53 123 116 103 0 0
380 68 115 121 124 0 0
128 77 143 132 175 0 0
88 115 185 129 192 0 0
49 72 100 127 129 0 0
89 36 144 130 102 0 0
785 507 138 120 153 0 0
765 540 133 127 189 0 0
725 540 165 119 131 0 0
706 502 105 118 191 0 0
727 470 112 124 191 0 0
768 472 135 121 104 0 0
210 198 122 123 188 0 0
203 218 111 122 144 0 0
182 233 139 119 117 0 0
156 232 126 116 146 0 0
136 215 109 117 162 0 0
131 193 114 119 123 0 0
139 170 102 121 161 0 0
160 156 112 117 115 0 0
186 158 121 120 138 0 0
203 171 110 123 158 0 0
684 398 106 117 107 0 0
670 428 139 123 149 0 0
643 437 117 117 109 0 0
616 425 130 121 150 0 0
605 396 140 121 131 0 0
619 367 139 119 138 0 0
645 358 104 121 169 0 0
674 370 100 117 113 0 0
544 973 140 124 193 0 0
524 1000 109 126 188 0 0
482 1000 131 122 185 0 0
465 970 153 120 101 0 0
485 937 113 124 131 0 0
527 939 156 124 122 0 0
674 300 119 129 156 0 0
645 338 140 123 183 0 0
601 322 120 124 115 0 0
603 275 138 123 157 0 0
649 262 168 120 192 0 0
1000 771 140 125 135 0 0
981 807 140 125 127 0 0
937 791 151 129 110 0 0
940 743 101 127 132 0 0
986 732 167 121 161 0 0
696 93 157 119 199 0 0
676 127 158 119 192 0 0
632 125 163 124 174 0 0
615 91 150 124 164 0 0
638 54 106 127 150 0 0
677 57 135 127 157 0 0
146 344 137 118 136 0 0
138 365 135 117 169 0 0
117 380 117 119 198 0 0
90 379 109 117 161 0 0
71 363 106 118 187 0 0
65 338 133 123 198 0 0
73 316 106 121 174 0 0
93 301 123 118 134 0 0
122 303 110 116 155 0 0
139 317 139 121 191 0 0
173 584 104 122 135 0 0
159 615 130 119 127 0 0
130 624 103 119 177 0 0
103 612 130 124 133 0 0
92 580 129 119 120 0 0
104 554 139 122 139 0 0
136 543 142 118 130 0 0
162 555 122 123 187 0 0
561 563 139 128 161 0 0
530 601 132 123 125 0 0
486 584 126 124 161 0 0
488 536 115 129 115 0 0
536 523 167 125 125 0 0
417 496 104 121 187 0 0
407 520 119 119 167 0 0
389 533 124 123 172 0 0
362 532 109 118 178 0 0
341 515 100 119 150 0 0
336 492 127 122 122 0 0
346 466 128 119 138 0 0
367 454 116 119 142 0 0
391 455 119 119 136 0 0
410 470 103 119 128 0 0
318 228 100 116 110 0 0
307 256 124 117 187 0 0
284 268 140 124 161 0 0
256 262 136 122 155 0 0
238 238 122 123 187 0 0
240 211 141 123 128 0 0
258 192 137 118 162 0 0
287 188 132 124 180 0 0
311 203 131 118 154 0 0
207 641 147 119 142 0 0
190 674 112 120 155 0 0
155 680 145 122 175 0 0
129 657 155 126 173 0 0
131 620 141 118 176 0 0
158 600 128 123 167 0 0
192 609 123 117 173 0 0
595 68 117 119 102 0 0
587 92 106 121 120 0 0
566 107 131 123 155 0 0
538 105 135 118 116 0 0
517 88 108 121 169 0 0
512 65 138 123 139 0 0
522 39 103 121 128 0 0
544 25 138 118 188 0 0
567 27 131 118 168 0 0
589 44 112 120 143 0 0
480 568 138 120 121 0 0
471 591 125 121 128 0 0
451 605 110 117 134 0 0
425 604 110 116 105 0 0
403 586 132 117 179 0 0
397 560 114 116 104 0 0
405 540 122 118 129 0 0
426 524 100 120 124 0 0
454 526 134 117 181 0 0
473 540 112 118 151 0 0
825 451 111 130 183 0 0
782 490 158 131 130 0 0
742 445 136 128 100 0 0
787 407 197 132 167 0 0
