3200
150
36
1
8
3
844
306
2222
777
214
276
2222 118 109 131 194
2188 151 131 128 155
2155 117 149 122 102
2189 84 181 124 178
446 186 119 124 159
429 214 123 127 147
395 214 112 127 197
379 183 118 128 170
398 154 129 125 126
431 156 158 119 120
1264 495 108 124 173
1246 525 109 124 171
1211 524 105 127 167
1195 494 165 123 155
1215 463 146 125 156
1247 464 115 125 136
1334 98 118 124 164
1295 133 117 129 178
1263 95 128 127 145
1302 62 182 125 199
1137 261 131 129 146
1101 295 125 122 116
1066 258 123 124 181
1103 224 192 127 147
574 718 113 120 182
546 752 136 128 184
507 737 134 122 128
508 694 127 128 114
550 681 166 124 162
1761 225 177 126 130
1735 258 126 124 101
1693 242 129 129 173
1695 200 177 121 160
1736 187 123 129 146
1189 288 100 129 196
1148 323 129 122 101
1114 283 136 127 162
1153 248 186 128 171
2083 101 130 128 132
2061 134 154 123 184
2025 131 110 123 194
2008 98 109 127 168
2027 66 161 124 160
2065 67 166 125 190
971 330 136 123 120
952 363 131 127 168
914 362 123 121 122
896 326 139 127 120
916 296 129 119 127
956 299 101 126 129
1055 311 160 124 184
1028 345 135 123 121
985 330 128 129 127
985 284 148 124 181
1029 271 131 121 182
916 93 167 125 194
889 127 107 126 164
845 111 134 129 120
847 65 112 129 115
891 53 154 124 101
1671 726 194 124 165
1632 764 127 126 105
1594 723 161 122 184
1634 687 144 127 174
1929 468 110 119 153
1909 501 141 127 120
1867 500 107 126 159
1850 466 164 126 113
1870 431 128 125 154
1911 433 146 127 146
1933 329 109 131 135
1892 366 124 127 157
1854 326 143 124 103
1896 287 165 125 106
1006 649 155 122 129
977 685 125 124 120
934 670 112 127 178
935 622 162 128 193
981 609 136 128 135
667 569 121 131 125
625 606 107 124 196
588 566 196 129 150
628 527 156 122 142
987 387 145 131 156
944 423 134 132 126
908 381 102 129 179
951 344 158 132 184
109 506 163 124 149
86 539 130 126 167
45 536 122 126 162
28 500 161 120 132
50 466 123 119 148
92 469 101 123 113
1913 380 161 127 149
1869 417 179 125 122
1832 374 139 128 184
1877 336 187 122 124
182 659 159 121 160
153 695 127 126 191
107 678 104 126 146
109 630 106 121 191
156 617 157 125 136
671 80 116 121 118
648 113 141 123 118
610 112 161 118 177
590 74 140 127 107
611 40 109 119 142
654 43 147 123 194
979 741 142 129 131
935 777 199 123 114
898 736 127 126 124
939 698 128 128 176
1541 128 177 120 169
1511 166 121 129 116
1465 149 118 128 188
1467 99 178 129 158
1514 86 116 122 154
1589 727 111 127 123
1567 762 134 121 165
1524 759 158 124 174
1506 720 150 121 101
1530 686 119 119 146
1572 690 131 120 157
1457 560 174 123 109
1424 600 123 121 116
1380 581 174 126 153
1382 533 129 120 100
1430 519 173 123 160
1708 494 125 122 184
1679 533 116 122 112
1631 516 173 127 150
1633 468 166 123 146
1683 454 139 129 119
1713 348 136 126 112
1669 389 182 130 184
1630 346 182 130 175
1675 306 171 122 168
2044 398 185 131 187
2001 438 104 126 147
1961 396 199 130 138
2005 355 139 132 162
1898 247 118 124 119
1876 283 150 119 192
1833 282 115 123 110
1813 243 109 124 152
1835 208 104 122 141
1879 210 141 122 127
1661 427 145 127 114
1637 462 165 127 195
1594 459 101 120 176
1576 420 150 121 168
1598 385 145 127 154
1641 387 112 120 169
558 200 122 127 161
512 240 142 130 198
473 194 122 128 143
519 155 194 127 120
873 397 110 126 163
840 436 136 126 109
794 417 134 127 121
797 368 142 123 164
846 354 131 120 179
1981 171 120 126 119
1957 209 133 123 103
1915 206 149 123 180
1896 169 105 119 190
1917 133 132 126 178
1963 135 121 122 172
720 731 127 121 173
687 769 122 120 111
641 750 169 120 178
645 700 119 125 183
694 688 160 120 124
2216 330 150 124 139
2185 368 112 121 134
2137 349 150 125 131
2139 300 121 128 196
2189 286 145 122 179
1230 41 102 124 191
1208 75 155 127 186
1162 73 106 123 198
1143 35 105 126 113
1168 0 119 127 109
1209 0 161 124 163
1132 732 138 123 126
1108 771 117 119 125
1064 768 119 126 126
1045 727 120 124 199
1069 692 127 125 196
1111 694 108 128 195
613 77 161 128 184
567 119 126 121 136
526 71 187 126 121
570 32 152 129 125
1029 192 177 126 158
996 232 116 128 114
949 214 168 124 156
951 162 170 123 149
999 148 157 122 164
1442 52 116 122 110
1419 88 160 123 155
1375 87 110 126 198
1355 48 128 121 117
1377 11 129 121 169
1424 13 149 123 186
591 300 103 120 121
567 337 144 120 104
525 336 117 127 154
504 295 124 127 117
529 258 156 125 170
570 260 126 124 151
147 37 163 123 105
102 80 178 123 136
60 33 175 122 142
105 0 145 128 101
1311 219 152 119 185
1288 255 116 126 102
1244 254 147 119 165
1224 213 157 125 139
1246 178 143 122 122
1292 180 135 121 173
341 38 146 129 129
293 80 156 124 100
252 33 196 129 159
299 0 199 129 177
1892 103 177 123 172
1860 145 143 126 106
1811 127 132 127 178
1813 72 120 125 146
1862 59 168 130 124
1963 626 164 121 171
1932 665 109 120 175
1881 648 131 124 197
1883 594 149 126 191
1935 581 110 125 198
1357 680 125 127 137
1331 720 106 126 180
1287 717 107 119 111
1268 679 155 121 146
1293 639 113 126 174
1336 641 119 121 132
477 374 119 130 183
432 415 177 122 111
388 368 159 129 164
435 326 124 130 107
1318 407 106 125 133
1270 448 181 129 129
1229 403 181 124 168
1277 359 165 122 111
524 579 179 131 172
476 621 113 121 179
435 572 110 122 157
480 532 184 128 165
492 323 147 126 195
469 359 138 121 123
422 356 100 121 151
403 318 111 124 126
426 280 101 124 109
471 281 152 125 167
366 531 102 121 179
341 570 148 122 150
296 567 123 125 199
277 526 140 125 129
301 489 127 119 123
346 492 156 121 193
427 26 113 122 137
393 68 139 126 164
344 48 173 121 184
347 0 103 127 107
398 0 141 121 185
2222 506 118 120 122
2198 545 133 122 169
2151 541 124 120 125
2132 500 138 123 127
2157 462 127 119 158
2203 465 117 123 174
