3200
150
17
1
8
2
306
374
777
777
182
235
239 240 137 118 161 0 0
233 252 135 125 198 0 0
220 254 109 122 176 0 0
211 246 156 120 178 0 0
212 232 109 125 110 0 0
222 225 151 122 135 0 0
234 228 122 121 167 0 0
480 740 156 120 168 0 0
470 754 125 121 172 0 0
453 748 143 124 122 0 0
453 731 124 122 126 0 0
471 726 153 120 161 0 0
585 204 117 127 128 0 0
578 217 110 126 142 0 0
562 216 109 125 128 0 0
556 203 149 126 111 0 0
564 190 137 123 172 0 0
579 191 133 128 192 0 0
708 428 186 122 196 0 0
693 442 190 127 127 0 0
679 427 191 128 187 0 0
694 413 126 129 199 0 0
410 651 115 122 196 0 0
402 664 166 122 154 0 0
385 663 130 127 172 0 0
379 649 144 127 109 0 0
387 635 141 125 143 0 0
403 636 132 126 164 0 0
358 305 115 123 158 0 0
342 319 114 130 198 0 0
327 302 199 130 197 0 0
344 288 103 128 133 0 0
405 270 179 120 188 0 0
394 284 102 126 150 0 0
376 277 120 124 199 0 0
377 259 135 125 186 0 0
396 254 119 127 132 0 0
44 394 113 124 172 0 0
38 405 147 118 165 0 0
25 408 154 125 100 0 0
14 399 113 118 104 0 0
14 385 156 119 100 0 0
25 377 111 125 147 0 0
39 381 146 118 126 0 0
626 334 100 124 181 0 0
619 347 108 125 160 0 0
607 349 120 122 135 0 0
596 340 124 118 113 0 0
597 326 123 123 119 0 0
608 318 135 118 127 0 0
621 322 148 123 157 0 0
64 445 128 122 183 0 0
56 457 151 122 139 0 0
40 457 102 119 141 0 0
33 442 116 126 109 0 0
41 429 110 125 194 0 0
57 430 157 126 187 0 0
257 599 132 128 188 0 0
249 612 111 127 194 0 0
232 611 156 119 179 0 0
226 597 106 127 198 0 0
234 584 139 122 120 0 0
250 584 137 119 102 0 0
122 493 148 126 177 0 0
113 508 162 123 195 0 0
96 507 161 125 135 0 0
89 492 112 122 115 0 0
98 477 123 121 114 0 0
115 478 153 123 173 0 0
153 511 139 122 150 0 0
147 523 146 121 150 0 0
132 526 124 120 148 0 0
121 515 122 120 190 0 0
122 501 123 118 188 0 0
133 493 154 120 111 0 0
148 497 137 123 182 0 0
505 115 136 123 101 0 0
493 130 135 122 154 0 0
474 122 153 125 117 0 0
475 103 170 125 172 0 0
494 98 174 124 191 0 0
320 341 166 125 138 0 0
308 357 105 121 132 0 0
289 350 140 123 122 0 0
290 330 113 127 169 0 0
309 324 179 123 119 0 0
277 436 132 123 152 0 0
271 448 152 118 196 0 0
256 451 155 119 124 0 0
245 442 148 120 144 0 0
245 427 126 119 137 0 0
257 418 147 122 150 0 0
272 422 139 122 100 0 0
299 499 172 126 179 0 0
287 514 107 127 184 0 0
268 507 100 123 167 0 0
269 487 161 122 104 0 0
288 481 138 122 102 0 0
132 750 143 122 143 0 0
125 764 121 122 161 0 0
110 766 137 126 165 0 0
100 756 146 119 151 0 0
101 741 114 120 140 0 0
112 733 139 126 172 0 0
127 737 115 125 168 0 0
618 548 180 131 163 0 0
601 564 189 128 183 0 0
585 546 132 127 127 0 0
602 531 180 121 111 0 0
91 683 158 128 170 0 0
74 699 185 123 177 0 0
58 682 158 123 107 0 0
76 666 133 124 162 0 0
528 248 167 131 182 0 0
511 264 133 124 102 0 0
495 246 153 127 140 0 0
513 231 105 122 139 0 0
333 309 108 122 184 0 0
321 325 120 127 152 0 0
302 318 129 128 152 0 0
303 298 107 120 159 0 0
322 293 140 123 112 0 0
65 38 141 118 170 0 0
59 51 139 123 180 0 0
44 54 145 121 172 0 0
33 43 107 119 148 0 0
33 30 108 125 170 0 0
46 21 141 119 143 0 0
60 25 153 122 135 0 0
713 704 117 130 154 0 0
695 720 105 123 131 0 0
680 703 128 131 140 0 0
697 687 135 129 162 0 0
545 147 168 129 162 0 0
528 162 190 123 119 0 0
512 144 140 130 127 0 0
530 129 148 130 138 0 0
740 187 162 123 106 0 0
723 203 108 129 184 0 0
707 185 172 124 169 0 0
724 170 113 126 129 0 0
261 719 101 127 173 0 0
252 734 119 122 178 0 0
233 733 119 122 130 0 0
226 717 141 122 187 0 0
236 702 144 125 168 0 0
254 704 134 119 176 0 0
631 147 145 124 182 0 0
624 160 131 118 147 0 0
608 163 126 122 169 0 0
597 152 105 118 101 0 0
598 137 129 120 120 0 0
611 128 102 118 141 0 0
626 132 101 124 171 0 0
220 758 168 127 196 0 0
201 774 114 123 162 0 0
185 755 104 127 162 0 0
203 739 151 128 169 0 0
548 356 110 125 147 0 0
541 369 138 125 175 0 0
525 372 145 125 122 0 0
514 361 102 120 135 0 0
515 345 120 120 195 0 0
527 337 102 118 161 0 0
543 341 136 121 120 0 0
761 208 174 126 149 0 0
742 225 178 124 109 0 0
726 207 185 121 137 0 0
745 190 122 131 147 0 0
627 290 133 121 173 0 0
621 304 139 118 129 0 0
605 307 102 118 142 0 0
593 297 151 119 135 0 0
593 282 105 118 135 0 0
606 272 100 124 166 0 0
622 276 153 119 102 0 0
185 556 139 127 147 0 0
176 571 123 119 199 0 0
157 569 145 127 190 0 0
150 554 129 122 153 0 0
159 538 128 124 173 0 0
178 540 161 122 179 0 0
97 295 125 124 137 0 0
90 309 145 126 101 0 0
74 312 108 122 122 0 0
63 302 106 125 158 0 0
64 285 141 118 173 0 0
77 277 155 125 115 0 0
92 282 100 124 142 0 0
311 321 152 126 195 0 0
299 338 153 122 127 0 0
279 331 159 128 192 0 0
280 309 126 128 132 0 0
300 304 143 122 107 0 0
520 86 130 124 109 0 0
513 99 100 123 154 0 0
498 102 155 119 166 0 0
486 92 102 124 173 0 0
486 77 116 123 114 0 0
500 67 133 119 170 0 0
515 71 126 126 154 0 0
631 19 112 120 161 0 0
622 34 120 124 125 0 0
604 34 129 125 182 0 0
596 17 142 125 138 0 0
606 2 128 127 149 0 0
624 4 115 123 103 0 0
666 329 122 126 145 0 0
659 343 123 124 191 0 0
644 346 152 118 129 0 0
632 335 138 126 189 0 0
633 320 110 123 186 0 0
645 311 154 122 146 0 0
660 315 148 126 144 0 0
206 37 128 119 137 0 0
197 51 123 128 136 0 0
179 51 102 122 171 0 0
171 35 164 118 152 0 0
180 20 149 123 109 0 0
198 20 148 125 183 0 0
171 328 107 132 140 0 0
152 344 169 124 141 0 0
136 325 121 129 128 0 0
155 309 140 131 126 0 0
761 249 170 125 101 0 0
749 266 138 129 166 0 0
728 258 138 120 158 0 0
730 237 149 124 193 0 0
751 232 115 126 134 0 0
451 603 115 126 182 0 0
441 619 158 120 149 0 0
424 618 160 121 172 0 0
416 601 104 125 180 0 0
425 587 107 122 128 0 0
444 588 112 125 104 0 0
