10
42
15
50
50
50
100
32
200
100
47
22
24 40 94 195 165 15 20
128 77 86 188 179 9 24
173 66 100 261 117 19 35
115 71 76 185 164 9 22
171 67 94 265 93 21 33
176 75 117 258 96 14 33
193 56 108 260 127 18 30
7 18 80 5 379 16 21
163 98 96 381 20 22 28
146 97 81 260 101 14 19
160 76 113 230 94 12 28
23 17 68 229 77 12 23
31 54 57 175 78 14 22
32 15 71 194 67 14 16
20 62 66 8 586 13 15
136 13 80 17 584 7 31
44 36 56 145 148 13 11
195 98 118 277 117 20 44
50 72 74 210 157 14 27
26 13 70 222 175 8 28
42 46 61 210 152 5 25
53 47 47 486 351 23 6
