10
10
12
15
35
25
644
475
1000
1000
1777
1000
909 44 259 603 259 29 30
929 281 205 429 198 14 26
693 897 180 500 218 23 25
577 134 199 439 182 19 29
280 693 238 514 234 26 29
428 546 137 337 122 17 21
354 150 168 413 184 20 36
213 816 220 560 197 19 23
814 302 142 388 164 12 24
464 153 194 451 160 21 27
52 529 198 555 283 23 24
529 711 179 419 172 17 11
955 41 186 444 207 24 30
660 996 233 536 257 16 30
162 656 223 543 252 18 23
143 643 259 531 253 24 30
868 416 133 353 155 19 23
205 454 209 431 244 15 34
568 982 261 630 263 30 35
233 902 214 552 221 29 29
548 485 113 278 85 5 9
367 650 165 434 161 9 31
49 164 302 719 211 23 38
730 814 214 427 213 17 25
708 561 83 271 107 5 9
484 426 106 328 126 5 20
558 175 190 380 201 17 29
514 636 141 324 148 15 24
381 338 166 366 143 10 15
213 30 247 564 271 22 38
397 762 155 392 210 11 22
496 985 213 549 229 29 40
589 578 99 287 124 10 14
411 210 190 397 199 10 16
891 891 193 478 204 17 35
872 483 159 397 144 14 13
73 396 234 584 272 25 43
43 553 218 601 221 21 39
331 162 180 425 203 16 22
480 968 191 534 229 25 21
505 14 249 536 211 16 28
946 51 206 544 229 18 26
449 720 147 375 170 10 21
836 488 118 322 111 12 19
566 86 205 429 197 21 31
191 599 246 588 214 25 29
573 31 182 490 171 13 36
701 141 178 418 172 18 20
916 396 174 363 158 18 30
442 80 213 515 194 22 21
923 609 191 373 182 22 21
428 746 205 407 167 23 18
278 397 170 467 187 24 33
895 1 236 610 233 28 37
242 816 250 570 186 23 38
629 400 94 237 88 9 15
278 596 233 544 179 13 17
882 237 157 427 191 18 33
708 439 92 234 102 11 10
698 732 192 390 138 11 25
301 681 231 500 219 16 30
535 981 248 518 219 21 24
910 86 193 443 238 15 34
729 480 101 217 110 5 18
263 538 235 540 218 20 29
603 725 134 345 163 12 12
683 175 207 461 184 20 26
709 912 191 493 243 14 19
76 651 212 501 260 18 39
405 12 202 550 204 30 23
822 760 182 377 209 8 20
511 246 151 317 177 10 16
832 402 152 349 139 16 13
248 612 217 525 190 20 35
590 407 102 265 104 5 7
994 906 230 592 260 25 24
82 709 294 607 236 29 26
641 314 150 326 113 11 8
877 104 245 511 190 18 18
116 102 273 633 265 22 43
291 112 228 567 199 22 27
768 171 191 474 208 16 20
947 608 203 505 216 18 19
723 128 173 412 180 10 30
576 106 163 456 176 18 21
470 824 177 477 215 10 19
428 574 148 355 155 11 29
390 424 133 368 133 16 28
367 177 186 459 212 17 23
243 275 225 455 231 22 37
945 734 206 465 207 21 18
607 956 181 478 243 16 34
304 964 280 695 291 21 29
134 69 283 665 252 33 39
48 518 221 483 284 32 29
547 310 135 344 164 5 14
818 214 196 397 172 22 28
433 997 223 516 200 21 36
418 304 143 413 178 16 24
315 533 182 422 147 11 30
285 34 217 468 193 27 35
505 100 199 513 220 12 25
413 260 182 429 161 19 28
924 36 201 441 266 15 28
772 219 154 369 144 12 29
421 371 164 356 136 19 22
466 571 161 387 144 17 23
639 67 193 480 196 25 23
351 772 169 413 212 24 24
885 77 185 416 255 24 33
160 219 219 476 279 22 36
248 499 198 508 164 17 32
434 714 164 357 201 20 21
293 433 170 438 202 23 20
852 514 174 422 156 12 16
86 486 253 633 201 27 36
316 680 168 430 173 17 19
378 951 246 632 243 26 40
571 928 182 439 207 27 28
832 126 161 464 227 23 26
975 727 174 409 202 18 28
432 452 173 364 153 19 25
68 628 236 565 217 21 26
284 216 177 448 252 26 30
714 297 150 312 130 8 25
296 865 212 529 227 20 37
471 559 152 365 117 9 11
425 702 208 403 177 14 26
171 897 238 582 284 20 39
786 694 154 370 171 20 13
323 142 216 441 250 27 31
709 837 179 447 199 17 15
957 509 187 463 172 21 26
26 800 305 716 246 26 39
1 353 213 470 226 28 32
924 807 193 422 234 13 26
435 874 224 548 219 25 27
472 804 184 471 200 18 17
142 227 281 587 273 19 40
379 3 214 468 200 17 29
356 609 158 345 204 15 26
463 294 172 396 175 19 11
306 886 218 493 212 20 39
758 635 161 369 123 18 22
869 275 189 460 205 17 19
812 471 132 300 115 17 13
315 913 205 438 280 27 23
990 519 197 416 193 22 27
112 342 264 656 246 27 27
944 858 186 526 191 27 39
733 448 84 252 88 9 8
984 209 202 418 182 13 21
62 71 251 651 286 28 35
316 998 297 699 207 24 25
571 142 208 410 181 23 29
336 244 225 553 183 15 28
845 340 139 344 182 20 23
451 715 193 429 148 13 26
628 891 222 470 172 20 24
743 330 150 303 158 11 26
597 158 178 376 190 10 14
621 811 193 403 184 10 14
915 853 232 529 194 20 22
755 792 179 384 189 20 23
840 989 221 496 218 30 33
201 915 250 618 249 19 27
328 651 156 403 160 20 27
153 720 210 480 243 21 38
695 364 127 297 104 6 22
665 251 152 335 140 10 20
640 923 184 467 200 13 34
50 918 247 590 247 27 35
820 449 117 331 117 5 11
524 665 179 406 125 14 21
670 927 250 532 172 27 22
319 330 199 442 210 16 32
34 526 270 563 200 23 38
48 966 293 621 241 29 43
116 513 226 521 203 28 38
414 438 128 293 171 12 24
179 204 224 512 236 27 31
869 271 168 397 183 18 30
579 387 99 285 84 10 23
392 810 182 491 191 24 18
96 195 219 474 275 23 32
950 944 193 531 207 27 40
435 263 185 446 199 16 31
498 637 137 322 166 10 21
727 530 115 274 93 5 21
773 598 144 346 108 13 9
246 704 184 503 215 18 36
674 60 233 516 165 22 24
671 135 176 392 149 8 29
265 197 176 458 245 15 28
626 427 83 177 72 10 11
515 965 197 440 227 24 40
917 258 182 382 211 10 22
308 651 185 467 163 15 23
677 558 96 240 96 11 18
68 661 201 506 263 31 27
446 891 226 533 243 14 32
802 779 193 403 207 22 25
95 727 221 592 294 29 25
148 640 237 546 201 20 40
705 247 137 321 136 13 25
768 351 158 357 144 14 17
194 159 218 570 280 28 34
354 120 193 459 176 16 26
190 337 233 516 240 14 35
630 370 98 217 84 5 16
922 748 203 504 171 12 35
767 146 202 419 175 15 21
270 565 219 441 229 19 24
898 106 170 468 211 17 22
138 174 226 505 290 23 28
841 511 144 328 162 18 12
817 457 134 358 121 5 16
703 228 175 349 150 15 22
901 569 141 375 177 5 24
904 460 131 335 181 10 21
672 527 83 194 83 7 15
619 298 133 359 127 7 21
565 594 129 311 111 5 12
0 555 207 468 260 31 26
708 982 197 450 209 16 36
107 702 285 697 218 32 36
707 677 132 363 156 14 10
24 375 219 510 268 25 39
220 474 233 490 218 15 21
116 244 230 587 236 23 26
95 825 303 668 270 27 29
251 768 242 496 189 22 30
483 204 201 491 174 9 26
68 958 312 732 255 26 32
571 184 155 412 169 19 16
37 1000 270 721 263 28 33
594 443 80 185 66 8 8
948 911 234 560 213 17 34
669 548 77 207 93 7 11
880 35 223 500 266 24 23
162 909 240 587 245 33 36
47 569 293 602 285 27 43
321 658 171 390 184 19 24
623 101 172 414 191 11 28
711 893 187 408 205 18 22
309 421 212 463 201 13 24
695 220 176 389 185 18 21
621 759 171 371 192 14 17
124 670 248 570 232 29 40
714 632 137 315 126 13 14
395 12 252 539 260 29 28
922 117 215 555 181 24 32
706 146 151 429 214 17 22
887 889 244 546 243 17 32
933 335 161 392 166 7 15
22 219 297 681 233 33 31
255 101 256 631 186 29 24
749 761 173 385 154 18 14
759 858 184 396 233 23 24
756 571 99 293 138 6 21
925 404 172 445 183 11 21
975 941 220 584 235 23 30
565 388 98 280 128 6 12
752 408 109 262 105 7 14
762 872 229 489 242 20 18
9 845 229 540 286 24 46
595 337 123 327 115 5 22
910 588 168 427 180 11 19
748 851 222 544 167 23 17
622 279 137 291 141 12 24
833 146 189 465 159 10 18
140 122 220 604 249 31 26
225 305 236 564 216 15 29
683 526 70 177 94 6 9
42 122 211 577 238 34 43
97 69 229 541 209 37 28
371 600 144 401 199 12 19
500 384 115 261 117 5 8
867 410 145 338 125 15 26
546 376 114 247 105 5 19
260 904 269 608 215 30 29
478 508 104 287 121 10 20
883 233 205 460 212 12 17
188 862 232 614 273 26 35
449 794 156 343 211 24 25
788 795 154 372 201 17 23
441 517 136 347 166 17 22
139 765 250 535 278 27 26
598 552 99 260 81 5 8
364 374 203 387 203 14 30
688 414 86 247 83 14 7
484 557 110 259 117 17 23
857 755 202 447 204 10 23
545 190 206 408 158 20 22
452 482 163 317 133 5 11
877 779 177 419 198 21 28
458 161 177 458 175 12 16
612 2 222 498 200 14 33
44 400 250 590 220 34 28
942 384 210 496 194 12 13
269 738 216 509 256 14 30
950 724 187 402 213 20 25
40 92 217 500 218 34 48
732 522 108 240 98 10 22
355 653 187 396 164 19 27
916 982 257 577 233 33 31
710 763 197 473 151 15 15
87 955 250 561 233 34 31
289 954 223 539 277 27 30
387 999 261 566 273 18 29
717 308 126 342 159 18 23
901 392 157 325 177 16 27
660 953 205 460 216 23 37
614 892 242 518 186 20 26
288 798 205 432 223 22 35
80 190 220 602 231 29 34
506 517 127 283 98 14 7
774 3 226 546 218 19 28
68 994 282 608 262 26 39
668 410 71 228 95 5 18
318 72 263 537 194 16 21
873 382 147 347 182 7 14
863 741 185 392 183 11 30
663 104 213 417 185 12 18
596 726 129 295 176 9 26
233 792 213 510 232 17 26
402 373 170 369 135 6 21
988 210 230 472 176 21 19
675 810 208 417 148 14 24
977 32 246 625 247 19 31
965 427 163 347 174 18 21
704 693 128 323 129 5 23
885 464 137 321 172 13 25
445 436 161 346 167 11 17
901 118 180 471 186 24 35
480 946 254 599 190 28 31
10 673 231 588 208 31 28
201 231 225 582 250 16 31
464 698 186 420 185 17 13
617 528 68 208 80 8 14
525 153 219 493 157 11 23
611 394 84 264 102 11 5
814 214 181 451 180 10 13
659 0 199 500 183 16 35
208 819 227 524 189 29 42
497 764 181 447 146 7 23
209 340 171 445 247 26 24
58 526 214 516 252 21 36
390 371 196 462 181 9 25
306 401 157 383 149 14 33
488 940 264 614 256 20 27
373 142 173 477 188 16 18
230 888 269 548 219 30 36
808 122 200 433 233 19 30
573 604 123 263 131 15 11
14 28 328 775 246 39 39
154 50 267 691 208 35 26
608 614 136 307 137 5 6
83 604 202 487 261 21 35
667 629 135 273 104 5 13
883 904 204 518 249 28 21
333 892 183 466 262 17 28
275 181 243 600 198 24 27
347 928 254 610 211 30 30
660 746 181 405 159 11 18
976 978 262 556 233 25 42
338 29 194 465 240 20 37
845 768 176 412 179 18 30
915 370 194 395 158 9 23
599 622 110 261 127 8 12
350 983 288 708 246 27 38
755 538 118 293 135 14 20
995 738 173 470 242 12 36
176 281 187 478 185 20 35
861 879 256 609 213 16 24
42 738 226 593 266 31 29
803 424 134 287 110 9 18
258 123 214 497 207 28 22
900 549 161 377 157 16 24
618 295 108 260 120 17 18
132 828 205 570 267 34 27
393 693 192 477 163 9 21
312 699 232 452 235 13 17
198 204 213 490 186 20 26
983 369 189 439 180 10 32
887 988 263 546 264 27 27
955 635 217 507 158 11 31
839 663 164 341 135 10 11
163 695 238 530 232 18 36
147 497 240 545 208 23 20
677 679 154 348 142 19 11
658 911 237 467 190 22 20
15 356 297 616 223 34 29
756 403 130 336 124 5 15
474 360 165 404 166 18 9
591 97 183 449 191 16 28
496 150 187 485 161 11 19
692 476 74 175 66 5 20
717 768 140 386 163 21 27
622 879 218 442 233 12 23
454 38 200 474 195 16 35
759 313 153 302 138 11 18
93 221 209 585 226 27 36
257 655 180 488 245 12 23
910 201 188 439 209 11 35
541 332 106 273 152 5 21
817 648 173 369 186 19 16
218 12 238 584 264 25 33
743 21 196 431 220 14 25
656 926 231 552 225 28 25
671 145 200 454 170 19 29
106 576 237 603 203 16 22
843 473 167 343 126 13 24
299 2 290 594 197 20 42
673 43 167 489 223 17 20
289 334 198 494 181 10 19
248 901 230 540 216 24 28
151 597 206 526 233 26 29
762 755 165 431 183 8 14
603 467 57 156 72 8 9
746 839 164 439 171 15 16
738 894 191 516 203 12 18
712 399 93 275 113 9 5
872 876 183 415 232 20 23
614 114 174 443 219 16 16
107 29 283 729 231 33 31
487 681 150 334 172 16 16
707 500 73 212 79 10 3
982 262 201 495 211 17 20
342 857 264 521 259 18 24
678 973 179 460 246 19 21
529 1 250 574 251 15 20
530 775 146 410 162 8 22
527 564 105 267 133 9 18
983 73 203 537 261 25 32
152 1000 252 645 222 30 39
838 889 249 540 183 27 35
794 969 215 523 247 25 30
244 725 216 468 251 21 23
187 566 202 510 229 21 20
353 885 205 532 263 28 27
683 248 167 392 160 16 20
73 353 236 623 230 26 40
135 650 193 491 247 20 27
646 624 100 266 130 6 20
333 236 165 402 171 16 31
658 238 180 390 141 9 23
335 113 236 496 228 15 20
154 102 229 533 276 33 44
985 6 228 591 232 20 27
59 171 305 623 293 34 38
339 682 178 459 185 14 30
729 79 163 430 161 23 21
668 244 161 345 121 18 29
192 458 188 497 172 28 25
994 168 190 449 180 25 19
875 192 217 420 209 18 28
903 88 222 525 183 13 34
165 565 251 530 255 28 20
568 136 223 513 211 13 18
541 305 116 296 153 6 20
104 585 213 474 249 23 25
552 595 142 343 133 5 10
75 953 269 626 254 24 40
568 534 89 220 96 8 19
2 705 279 686 299 36 42
458 228 154 431 142 11 13
727 368 109 244 103 10 22
689 467 67 193 70 5 18
29 999 287 699 324 37 36
796 721 189 385 186 14 23
403 507 183 376 140 17 20
652 513 52 199 51 5 5
657 879 205 419 197 20 18
78 584 212 586 281 32 40
491 77 227 551 181 27 30
507 312 134 336 163 13 13
382 278 180 439 204 19 32
190 486 197 530 214 24 29
151 417 254 548 240 14 30
329 200 229 546 236 15 32
731 397 108 238 119 5 8
235 543 220 530 198 23 28
532 166 210 427 165 9 32
298 271 162 376 219 12 20
414 116 225 477 169 15 25
732 142 171 423 217 14 31
778 152 205 418 212 18 22
882 493 179 365 151 16 15
690 616 104 248 128 10 12
687 170 206 464 168 12 21
956 378 169 443 166 11 15
972 994 222 516 243 27 25
157 656 218 471 197 28 26
808 131 196 426 223 15 29
602 492 57 161 69 9 13
599 938 251 508 182 28 28
898 199 215 479 185 20 22
673 163 176 451 184 21 24
669 8 221 461 258 24 36
768 402 135 336 100 13 21
476 605 167 410 117 12 15
215 871 203 502 251 25 28
768 6 250 584 194 25 33
519 540 120 287 117 9 18
862 302 188 437 189 8 13
702 502 64 169 80 6 6
970 189 185 412 170 25 20
936 300 203 489 187 8 20
734 653 136 322 152 11 16
99 484 198 555 220 29 34
967 453 170 444 167 7 23
207 950 244 626 233 23 44
104 195 220 570 201 25 42
232 973 203 478 249 35 32
701 579 130 272 113 8 7
476 865 167 380 167 26 19
3 749 228 589 286 35 47
783 129 224 438 169 23 19
337 886 215 510 200 21 29
257 318 207 486 191 25 30
957 640 153 351 158 12 27
275 219 199 468 225 13 32
965 565 171 387 207 19 18
885 502 167 350 152 18 13
551 907 200 457 203 22 35
692 530 74 232 77 5 14
241 531 184 482 186 21 25
395 290 201 486 195 13 16
867 482 123 348 170 19 17
91 44 222 491 220 25 39
846 321 143 399 172 10 18
432 858 246 499 180 24 37
20 730 297 658 257 29 37
951 162 190 412 182 21 18
809 671 148 356 160 13 18
803 487 119 260 121 12 19
270 326 190 428 184 24 20
423 972 240 551 242 19 38
765 684 155 395 162 9 22
252 413 178 375 178 11 30
446 407 170 352 168 6 22
33 120 219 491 275 36 34
784 151 153 365 222 21 17
156 900 229 560 298 31 44
937 494 155 325 142 16 22
954 334 173 374 174 10 25
426 131 200 441 192 22 27
863 294 189 388 174 6 19
981 37 243 517 258 22 31
231 280 210 542 243 16 21
58 808 277 708 270 24 28
440 297 169 385 180 12 27
194 31 271 682 224 31 31
774 67 179 444 222 19 28
263 563 234 467 191 21 27
74 48 241 573 297 26 36
834 471 154 300 158 14 14
231 632 176 472 170 23 18
459 607 126 314 125 5 16
407 930 259 552 186 21 23
456 563 138 342 152 8 12
337 178 247 555 195 23 35
21 307 252 546 257 30 39
624 899 199 496 234 17 24
81 137 220 593 306 35 42
838 204 186 434 217 23 18
811 498 124 317 109 9 10
382 823 226 560 178 26 19
161 860 247 627 271 23 27
766 982 219 499 252 25 30
140 923 254 675 224 33 27
932 413 204 417 189 17 17
347 949 218 576 260 25 38
641 613 123 270 122 15 21
109 876 306 722 265 30 40
964 547 163 401 153 16 15
287 503 187 382 218 17 16
726 428 110 264 93 5 16
212 999 241 619 216 26 47
22 344 277 693 227 27 30
32 249 298 687 234 25 44
714 764 159 345 171 12 26
88 387 232 512 241 29 42
691 827 223 471 158 24 16
703 594 100 306 124 7 14
839 479 137 335 154 13 15
422 277 148 337 176 21 25
792 877 196 410 228 19 28
176 639 186 436 212 21 34
209 230 205 502 267 27 28
92 421 238 584 261 24 36
818 970 253 607 260 16 37
702 342 131 278 112 5 23
408 713 176 381 162 20 14
154 595 248 496 238 30 23
132 23 284 680 258 33 29
583 707 167 369 133 19 26
174 402 214 561 211 24 36
81 498 266 578 239 19 38
321 771 201 450 246 27 35
619 434 55 204 63 5 6
692 233 183 393 139 10 12
70 85 251 609 265 28 36
244 875 270 664 244 18 31
800 774 220 481 196 14 25
185 814 206 444 204 28 23
342 667 177 391 210 10 34
867 441 158 362 150 18 29
266 24 287 702 214 29 35
755 736 139 355 159 9 17
403 463 161 365 175 14 21
672 334 140 302 119 5 9
708 929 232 479 210 15 22
222 976 215 562 282 33 44
934 76 241 603 235 22 24
739 280 154 315 126 9 9
131 140 272 609 231 30 25
458 356 123 291 152 10 28
471 552 123 334 131 9 26
20 651 275 652 263 30 35
254 160 258 617 268 24 35
70 502 213 559 222 26 29
134 259 214 540 204 28 32
628 538 75 203 88 11 13
652 687 153 355 138 13 15
286 591 172 455 165 19 27
472 87 206 441 175 26 22
778 941 260 533 240 22 22
497 926 236 478 195 27 33
282 588 224 485 233 25 18
81 616 240 622 231 23 38
578 114 227 500 162 21 28
970 157 218 502 230 13 34
955 430 163 432 163 21 30
233 256 239 491 206 19 25
709 182 143 370 184 17 16
106 493 194 489 253 29 28
434 634 166 370 140 5 22
721 109 180 407 226 19 21
529 443 103 259 106 10 19
126 565 204 472 195 31 29
470 962 272 648 185 17 34
808 733 171 383 182 14 16
188 886 268 663 209 19 36
368 790 203 438 206 26 20
888 964 268 558 208 22 33
222 359 214 431 218 16 21
231 864 226 477 218 20 27
954 997 210 499 272 24 44
871 642 176 354 191 11 29
33 491 237 571 295 25 39
538 174 195 476 150 18 26
836 443 163 397 125 7 19
481 348 147 299 164 5 27
251 245 220 530 178 19 20
196 796 278 636 209 17 41
53 78 235 618 256 24 38
383 530 194 380 180 8 15
169 145 269 634 224 21 37
17 340 236 612 238 21 43
864 755 160 378 221 13 16
667 576 110 256 90 11 10
494 521 130 342 128 8 19
181 654 198 422 192 17 38
845 20 231 590 187 24 28
195 619 260 605 226 27 21
65 251 230 498 272 33 39
276 885 222 543 244 27 29
338 693 160 412 191 23 28
43 166 259 581 217 26 45
772 427 123 280 104 11 25
407 307 175 383 177 16 26
219 901 223 533 227 21 27
399 618 164 386 147 13 30
977 358 201 463 152 11 33
130 544 189 535 271 29 40
529 140 178 434 186 18 29
794 970 201 522 270 25 37
233 340 209 468 243 25 28
954 725 218 472 210 16 25
611 739 176 440 187 6 14
563 655 137 363 133 5 20
320 685 194 456 179 14 35
816 271 191 446 195 9 12
757 656 161 380 119 5 16
122 599 231 545 275 25 34
892 738 204 442 164 20 22
196 485 220 538 182 12 35
827 725 190 423 159 8 18
43 19 242 566 245 32 42
465 194 190 423 183 10 30
579 666 155 361 116 11 28
638 416 87 233 89 5 9
195 63 268 605 264 34 34
388 511 146 373 190 7 15
123 541 225 515 211 26 25
993 392 222 495 180 22 23
544 679 132 313 157 13 12
567 335 147 309 131 10 22
938 772 229 514 228 17 24
153 209 224 477 214 22 30
706 920 239 507 243 12 33
748 479 89 278 88 5 20
562 388 126 295 130 10 17
708 129 203 443 186 21 33
612 395 99 256 89 5 22
133 961 271 631 298 31 29
789 752 169 390 202 12 19
37 880 279 659 247 26 43
746 796 190 424 154 23 25
923 663 162 348 159 19 17
934 359 199 437 200 15 31
444 31 227 462 177 17 30
603 569 118 292 100 14 24
592 96 215 479 201 18 22
850 31 210 501 201 18 36
16 970 239 533 338 31 46
948 972 288 713 225 28 28
970 333 168 383 155 10 32
949 481 160 433 209 17 23
789 315 120 273 141 12 11
216 906 229 598 240 34 37
126 723 195 507 193 27 41
718 534 98 214 89 5 11
393 37 268 629 205 20 31
396 708 191 459 196 12 31
992 86 207 550 244 21 35
29 137 296 663 234 32 30
41 524 220 554 220 34 37
783 834 202 493 189 13 27
711 470 85 236 96 7 17
353 889 230 567 200 18 31
550 310 147 349 124 8 21
243 780 249 604 228 18 39
767 452 118 269 109 7 23
273 383 216 474 222 25 17
350 613 171 366 200 14 26
306 592 178 423 221 21 25
316 89 256 553 242 15 28
248 638 169 450 185 27 26
442 738 175 366 146 22 29
93 869 231 595 221 27 35
300 719 244 493 245 16 27
981 249 166 454 177 24 24
921 170 163 394 228 19 17
45 212 245 568 255 35 40
528 938 229 546 223 29 30
331 835 179 457 185 26 39
221 547 210 431 226 24 23
62 369 229 553 276 23 31
857 148 187 438 228 22 26
635 959 226 478 208 19 39
880 650 184 395 150 13 19
794 510 104 296 114 5 8
360 524 194 423 189 7 14
560 642 143 341 130 17 21
884 591 158 406 155 20 30
442 579 164 342 149 10 11
31 13 233 639 324 33 32
371 709 168 453 203 18 22
251 805 206 514 197 27 32
945 544 192 443 205 9 26
26 62 312 761 281 31 48
30 292 226 600 300 25 35
560 655 158 349 118 9 15
39 43 268 623 307 30 36
1000 866 189 517 242 18 36
312 649 200 416 175 15 26
885 997 227 548 248 17 32
800 258 189 375 144 6 15
352 746 204 457 232 14 21
243 269 189 522 219 20 37
53 179 242 547 303 32 44
868 773 198 401 179 20 27
479 883 169 388 205 12 29
573 283 132 347 134 8 22
407 192 161 354 219 17 15
651 943 229 490 201 21 33
210 706 199 530 240 17 33
686 427 78 242 68 5 5
112 980 279 723 237 38 30
588 254 140 377 170 8 16
782 935 219 491 178 19 39
491 885 180 437 213 24 29
360 833 224 528 247 23 20
179 815 228 579 240 33 42
668 399 100 215 101 8 22
166 762 210 487 198 18 29
563 678 137 367 123 6 12
602 466 53 174 58 5 7
165 866 217 567 211 26 31
930 110 177 501 190 24 23
263 558 200 457 196 11 23
929 18 226 487 251 27 29
544 751 146 365 160 9 20
584 241 135 303 180 8 29
723 981 260 526 249 25 33
643 43 246 498 171 13 20
762 380 108 297 132 12 20
432 737 203 410 206 17 15
972 142 222 468 255 14 21
909 682 165 352 210 14 14
975 259 188 415 160 18 33
38 170 244 607 234 22 31
915 981 284 653 215 25 32
541 921 212 467 175 23 34
856 529 159 328 177 13 25
281 373 230 454 181 10 34
533 147 191 440 172 20 17
961 33 230 551 274 20 36
2 182 238 538 264 34 45
208 834 282 617 231 30 30
496 401 136 356 151 8 23
127 270 280 688 209 19 28
544 336 133 342 118 10 22
234 128 185 507 225 19 35
559 580 132 257 107 6 10
989 293 201 411 235 17 23
352 977 247 536 274 25 33
462 285 163 382 134 12 30
1000 141 184 418 248 22 25
505 119 192 437 162 11 21
149 911 222 508 223 30 39
390 185 222 549 158 12 21
149 204 200 467 280 17 26
617 22 245 521 227 23 23
645 211 141 386 152 10 12
605 802 191 466 156 19 19
318 73 245 588 244 22 33
559 443 77 240 77 5 9
837 26 235 579 243 17 24
521 930 227 524 256 25 32
683 621 141 292 106 10 21
991 626 179 415 222 20 35
805 152 205 413 190 9 21
443 486 146 362 166 18 20
549 866 190 409 197 20 27
72 434 276 602 242 21 40
497 992 197 544 266 26 34
973 600 204 440 216 20 18
318 363 159 342 148 11 21
366 10 263 577 205 20 31
732 986 269 640 188 24 29
743 796 160 363 158 21 18
193 644 253 584 240 21 39
52 719 250 525 239 28 33
184 292 263 588 224 29 31
932 406 157 433 158 8 20
455 982 192 504 243 21 34
510 155 205 474 177 17 23
105 105 220 578 284 21 36
15 98 269 615 294 34 47
568 957 243 504 189 28 35
386 476 157 349 186 15 28
920 247 216 429 164 11 29
158 59 234 531 205 32 44
258 919 250 545 256 28 26
709 898 232 538 179 25 36
691 104 186 460 174 10 34
869 799 173 377 228 24 34
216 927 229 615 239 27 25
688 980 196 458 180 23 27
404 671 155 436 173 17 24
858 737 148 340 158 10 26
840 844 172 382 215 23 36
446 900 244 520 207 22 22
547 108 179 383 158 22 16
403 624 199 417 140 15 13
271 36 278 659 277 26 34
200 500 191 449 236 25 34
394 493 147 381 140 12 23
500 888 194 435 246 22 23
34 949 308 715 315 28 50
324 577 157 412 204 22 33
717 901 228 540 244 17 31
279 670 235 480 183 11 17
584 646 153 367 141 5 16
915 68 189 472 239 22 37
738 660 158 326 120 13 19
345 556 185 407 193 18 21
286 150 257 633 184 29 36
548 251 138 293 125 12 13
717 721 134 326 129 8 14
656 478 40 120 31 10 19
914 492 171 421 185 15 20
560 426 116 247 106 5 20
288 503 171 468 213 20 29
471 185 179 454 150 12 32
203 451 238 481 172 19 30
648 976 222 462 241 29 31
54 416 216 478 234 25 26
284 607 157 417 204 21 17
713 786 168 388 209 21 28
599 184 138 377 195 20 14
666 425 66 188 62 5 12
88 118 244 619 266 33 41
629 784 159 386 205 10 25
651 976 228 568 202 25 26
63 703 265 550 263 23 31
411 862 202 511 230 28 34
172 718 207 507 226 16 33
154 66 267 670 240 30 26
609 573 93 243 98 5 10
860 242 178 427 171 16 26
756 160 195 387 185 12 18
30 99 256 587 244 31 41
169 507 237 519 249 17 29
60 120 240 524 260 23 44
1 777 250 546 214 32 42
942 503 150 399 162 12 27
253 331 243 530 195 24 25
912 736 202 514 175 11 23
699 717 164 369 181 11 13
39 390 257 550 207 30 34
813 910 199 509 203 25 19
3 742 273 585 258 23 34
642 621 122 298 114 8 14
464 970 214 533 185 20 33
225 2 237 639 241 23 39
665 772 204 403 139 16 14
981 769 232 524 241 25 36
412 223 166 349 214 18 18
805 141 158 386 205 15 21
915 251 169 440 162 14 16
217 394 237 547 227 20 32
340 340 180 416 215 9 15
653 919 239 504 251 25 32
316 580 194 468 174 9 19
542 471 110 294 121 6 24
151 285 190 433 275 26 39
686 404 91 223 77 10 6
677 363 102 234 112 11 21
987 640 170 437 156 15 18
545 461 96 270 94 14 19
71 255 271 576 270 21 34
259 958 247 603 291 26 39
181 820 228 497 225 27 33
401 657 205 430 208 7 22
620 884 169 455 174 13 21
271 380 219 540 183 10 17
34 894 267 712 285 32 35
4 182 221 596 307 32 30
463 2 250 595 250 20 23
10 5 319 695 250 35 34
44 99 249 665 262 23 37
213 484 180 383 237 21 19
122 45 284 658 283 35 36
764 724 144 364 141 11 31
111 952 294 654 293 34 39
118 664 219 562 214 28 26
366 512 167 396 166 15 28
559 667 146 313 148 7 26
23 333 284 630 248 27 41
425 821 211 539 227 12 20
911 362 139 327 177 7 31
408 15 257 623 202 23 29
570 951 221 554 212 24 27
281 693 210 473 178 23 26
563 955 216 449 242 19 29
559 993 206 566 188 16 29
867 808 217 432 238 11 33
434 872 172 391 219 14 26
414 869 180 450 188 22 34
904 725 193 411 176 22 30
11 958 230 662 283 38 34
364 526 165 365 142 19 21
593 355 94 298 118 8 17
708 680 171 351 143 10 9
999 16 199 529 232 24 30
794 590 138 278 133 11 13
0 779 290 681 289 33 42
315 44 203 456 204 23 22
233 433 233 485 183 22 17
572 921 220 456 244 24 25
456 828 194 418 194 15 19
673 514 64 168 71 5 4
918 111 228 571 197 28 30
650 573 106 221 89 12 15
194 951 288 629 272 26 27
182 400 182 479 214 19 23
733 380 103 225 127 13 8
91 612 285 644 201 27 37
52 634 279 686 236 31 27
300 811 178 396 238 16 26
328 116 260 556 231 21 30
461 778 202 431 174 15 16
482 316 173 427 148 9 28
522 594 155 372 137 5 22
353 252 195 399 162 14 27
25 432 216 502 201 22 41
319 417 164 411 212 12 22
153 749 282 669 245 22 25
117 129 277 681 233 30 45
19 782 268 601 304 32 32
514 926 194 418 181 19 29
244 563 188 497 213 24 24
212 975 207 499 278 31 39
734 805 176 418 169 21 23
960 483 197 449 158 10 20
