12
12
12
15
20
25
357
399
1023
1023
1701
1001
453 881 202 506 244 7 318
986 207 304 674 305 8 275
162 502 144 364 170 5 195
482 474 116 250 136 5 144
752 866 218 547 281 8 349
678 407 179 430 200 5 295
721 753 236 562 255 7 365
30 378 207 456 149 5 247
898 702 296 643 203 8 386
762 501 204 443 241 6 258
988 440 241 629 214 8 400
994 60 277 656 223 9 421
801 946 242 621 224 9 414
892 776 215 506 270 8 425
299 572 162 346 153 5 101
698 388 201 448 169 5 310
997 649 223 605 295 9 448
518 596 188 454 144 5 195
129 276 129 336 131 5 260
935 347 268 577 233 8 292
128 43 185 484 165 6 289
973 372 223 480 274 8 355
995 1005 306 679 256 11 518
751 992 300 692 261 9 464
942 323 213 524 261 8 334
853 607 220 562 241 7 312
69 616 166 352 174 6 257
236 554 126 296 147 5 137
312 416 79 219 80 5 49
819 90 277 676 279 7 364
356 552 137 352 104 5 133
632 865 247 569 269 7 387
76 217 189 382 165 5 297
915 771 224 585 293 9 269
594 165 185 396 172 5 254
735 241 169 453 218 6 288
606 157 222 472 213 5 254
97 203 205 488 160 5 203
125 986 256 581 250 8 388
176 427 142 313 123 5 267
933 856 282 703 270 9 348
697 183 228 447 215 6 239
803 390 209 453 191 6 272
206 189 175 399 155 5 117
229 638 139 321 155 5 224
450 809 181 414 245 6 216
624 43 223 487 192 6 350
499 593 153 378 149 5 186
162 675 197 475 152 5 324
304 961 192 544 229 8 406
629 521 160 372 201 5 294
69 408 148 380 152 5 130
293 242 149 340 135 5 153
769 149 198 438 189 7 357
360 1020 212 476 234 8 439
871 806 244 519 254 8 392
181 833 228 538 238 7 328
633 417 134 368 182 5 206
256 226 153 391 135 5 154
231 226 131 290 121 5 258
1019 163 303 631 265 9 418
548 600 138 333 151 5 242
578 257 131 387 170 5 264
123 89 185 493 182 6 294
71 827 207 435 215 7 368
766 625 201 519 243 7 231
217 401 106 250 131 5 183
390 659 139 350 145 5 105
773 361 192 490 227 6 252
538 909 204 542 247 7 320
223 919 243 615 210 7 238
943 505 273 601 253 8 240
349 615 149 343 146 5 164
6 92 239 508 206 7 226
617 900 200 552 272 8 322
614 408 185 421 156 5 113
421 501 110 236 116 5 126
859 859 271 565 244 9 350
414 266 101 294 111 5 108
445 579 168 384 139 5 96
331 1003 214 525 211 8 392
189 804 222 505 227 6 210
658 441 190 410 196 5 243
373 578 110 253 111 5 137
874 133 238 621 226 8 425
662 82 229 493 228 6 263
251 358 97 269 126 5 183
170 79 230 497 183 6 202
98 86 219 497 184 6 190
16 689 192 483 222 6 254
1008 21 238 609 242 9 488
4 993 289 707 306 9 466
806 211 231 574 258 7 228
892 80 242 525 201 8 397
740 776 272 566 193 7 278
511 371 101 269 143 5 83
928 504 278 613 254 8 279
154 483 135 344 121 5 204
549 219 160 356 166 5 282
828 214 233 563 211 7 294
101 578 149 367 209 5 224
808 76 243 611 229 7 240
617 405 189 417 149 5 113
1001 765 282 734 313 9 399
73 233 198 492 210 5 198
333 725 158 421 178 5 198
532 12 234 516 217 6 173
266 124 144 341 140 5 131
41 561 162 450 206 5 171
823 208 239 514 255 7 268
628 183 173 424 205 5 152
157 878 267 603 225 7 360
718 348 181 396 216 6 332
960 614 207 480 301 8 281
690 547 198 402 215 6 213
170 251 171 404 139 5 211
260 609 169 355 161 5 178
683 575 199 479 166 6 342
25 859 228 567 280 8 389
637 20 253 591 258 7 346
132 231 147 327 177 5 240
541 740 210 429 161 6 182
765 103 198 427 191 7 391
731 362 219 474 214 6 236
532 58 171 414 164 6 241
222 751 184 486 177 6 321
950 401 244 580 241 8 397
788 554 186 510 211 6 266
352 94 179 421 190 5 305
256 389 90 268 108 5 239
924 199 252 621 272 8 409
180 16 191 457 167 6 300
888 159 207 507 283 8 406
780 380 186 427 234 6 184
405 937 260 531 234 7 235
940 570 272 607 197 8 270
252 491 96 271 122 5 172
821 4 284 609 290 8 351
942 260 248 544 198 8 322
934 821 225 562 223 9 406
876 726 223 589 229 8 244
182 497 164 369 159 5 215
956 282 200 527 292 8 360
672 322 193 388 167 5 211
890 725 239 560 218 8 422
968 3 232 533 218 9 316
219 65 157 407 157 6 300
103 1017 259 543 277 9 273
286 809 193 449 212 6 257
599 990 257 647 273 8 313
622 62 175 387 184 6 302
172 377 136 337 114 5 136
242 284 126 334 117 5 255
322 495 98 221 104 5 122
892 171 211 580 271 8 283
155 860 227 561 224 7 275
20 883 212 505 286 8 279
823 510 184 482 227 7 223
329 549 127 337 144 5 163
216 413 97 304 95 5 250
125 276 185 400 158 5 293
903 28 300 683 241 8 297
187 306 162 323 115 5 178
11 263 169 365 188 6 293
798 996 225 570 242 9 338
1006 539 263 627 236 8 275
259 18 169 396 199 6 197
455 217 128 296 147 5 157
339 568 122 339 154 5 167
707 560 169 469 183 6 283
292 1015 241 603 208 8 419
497 890 195 493 240 7 263
582 288 130 289 182 5 256
902 643 198 460 245 8 284
785 3 230 518 197 8 303
773 10 244 630 272 8 257
730 465 158 354 172 6 238
366 954 275 568 214 7 370
127 514 176 354 186 5 169
308 792 181 438 182 6 238
278 610 136 328 152 5 241
649 415 154 393 188 5 121
317 374 56 177 58 5 68
591 839 240 538 260 7 371
289 474 100 253 105 5 194
257 8 190 450 187 6 257
81 576 145 332 187 5 180
659 341 200 430 142 5 320
292 751 173 393 214 5 222
889 881 225 550 304 9 282
217 287 150 336 143 5 84
454 545 140 362 146 5 221
62 238 211 516 183 5 244
376 822 201 424 233 6 189
104 144 168 381 177 6 289
10 114 239 481 196 6 214
263 460 100 235 116 5 53
811 500 202 519 201 7 212
619 735 191 502 165 6 265
355 315 108 285 75 5 94
902 567 227 599 237 8 403
1023 871 321 700 270 10 491
6 586 206 428 173 6 180
68 982 249 637 245 8 438
308 159 142 365 142 5 239
850 936 277 675 294 9 432
362 449 67 186 77 5 150
766 28 209 539 199 7 332
904 117 226 601 205 8 388
795 230 250 533 216 7 236
116 161 214 519 161 5 224
883 900 217 566 245 9 475
662 756 236 489 175 7 327
812 748 214 569 238 8 376
850 960 277 590 312 9 380
594 215 180 455 161 5 197
595 599 174 376 164 5 228
491 106 199 425 179 5 168
354 855 248 599 224 6 328
746 446 177 460 161 6 289
25 244 203 505 154 6 293
5 527 170 360 186 6 196
601 113 198 437 204 6 200
152 732 209 429 229 6 227
475 366 106 305 105 5 233
115 738 164 444 235 6 286
607 359 168 352 137 5 220
964 699 215 576 240 9 276
158 222 136 359 157 5 113
562 942 197 499 235 8 252
678 902 230 604 286 8 339
623 727 200 521 212 6 191
769 172 208 464 199 7 359
245 989 226 603 267 8 294
541 533 158 313 164 5 112
633 833 198 438 206 7 236
88 1003 305 723 248 8 429
576 420 149 390 134 5 206
275 824 210 509 193 6 292
901 884 301 767 247 9 356
263 121 186 387 193 5 270
954 442 253 581 266 8 432
675 735 209 553 206 7 291
125 912 204 481 283 8 284
567 790 226 458 223 6 251
919 945 325 768 317 10 446
301 15 170 415 159 6 261
469 864 248 595 186 7 326
936 115 249 597 269 8 277
32 181 202 405 237 6 330
55 608 204 504 174 6 166
832 68 229 479 251 8 384
777 982 239 582 255 9 387
795 146 190 520 262 7 347
193 874 217 520 232 7 253
669 122 202 433 238 6 291
481 48 165 446 155 6 236
488 763 207 464 209 6 193
348 929 213 455 198 7 233
156 6 247 589 231 6 297
918 962 327 739 303 10 312
840 229 252 626 199 7 287
533 287 118 300 124 5 240
843 24 234 580 218 8 276
275 786 214 483 162 6 223
121 32 194 489 236 6 332
369 824 217 531 187 6 343
355 368 52 199 58 5 186
345 882 262 522 186 7 196
640 567 155 426 191 5 157
433 262 133 273 129 5 180
925 328 215 518 237 8 385
343 923 223 495 247 7 228
751 44 210 570 215 7 261
572 560 176 426 194 5 236
284 972 225 552 279 8 346
25 459 173 425 167 5 142
596 373 183 400 183 5 168
692 764 224 551 217 7 346
309 393 72 197 59 5 76
404 499 100 237 89 5 44
438 883 194 439 261 7 239
621 482 185 443 149 5 204
144 235 139 394 134 5 237
442 560 108 293 117 5 100
111 724 171 473 222 6 319
433 479 110 237 96 5 71
21 40 222 470 190 7 205
449 702 200 412 204 5 278
172 164 204 411 157 5 303
445 497 129 294 134 5 194
823 717 264 564 243 8 369
647 167 157 456 171 6 173
581 488 170 372 166 5 107
865 117 267 658 266 8 244
91 338 148 367 180 5 182
511 740 154 423 185 6 314
439 475 99 231 94 5 197
683 279 152 375 186 5 317
418 825 220 498 175 6 307
217 408 98 250 109 5 220
574 93 208 461 175 6 273
971 943 281 647 306 10 349
230 140 140 410 201 5 246
72 631 199 501 191 6 242
147 361 135 300 116 5 163
139 858 195 480 205 7 248
679 791 213 509 231 7 362
146 903 274 587 278 7 252
80 421 143 384 149 5 305
1017 772 227 600 325 9 364
127 854 253 535 192 7 222
181 702 212 411 183 5 166
183 601 164 379 165 5 144
554 116 169 364 220 5 293
203 375 110 298 109 5 100
649 946 238 612 259 8 311
454 67 186 420 195 5 216
989 79 243 528 269 9 422
111 995 288 716 234 8 343
235 877 210 558 231 7 305
498 720 190 488 211 5 279
282 999 199 501 257 8 415
573 315 125 365 124 5 199
389 469 89 246 99 5 219
886 986 299 753 258 10 502
192 47 181 437 224 6 207
240 166 146 347 180 5 231
677 97 193 431 214 6 200
916 825 259 652 305 9 285
10 785 190 430 200 7 244
978 123 306 626 266 9 366
283 1002 253 628 233 8 315
635 580 170 462 189 5 197
779 906 207 465 212 8 342
595 734 192 437 185 6 356
794 657 258 538 217 7 312
1022 516 208 597 232 9 357
672 923 218 491 273 8 351
658 353 196 413 182 5 139
839 545 196 543 259 7 255
287 837 239 531 214 6 276
30 897 273 632 203 8 317
117 807 252 531 175 7 340
574 251 184 421 158 5 269
936 957 294 729 284 10 338
916 21 305 652 258 9 404
593 578 162 408 174 5 124
27 398 191 471 216 5 299
77 232 198 418 166 5 304
674 905 205 485 240 8 326
794 374 190 456 200 6 327
916 799 222 585 291 9 343
371 694 168 382 150 5 116
97 312 180 425 193 5 215
879 630 209 513 276 8 404
458 925 233 499 214 7 405
450 686 156 420 165 5 308
459 60 201 501 181 5 169
556 299 152 336 129 5 283
222 178 172 418 155 5 154
47 860 259 601 260 7 254
595 934 278 682 287 8 324
948 392 279 671 205 8 424
889 272 223 467 209 7 383
873 662 264 666 258 8 364
298 728 151 374 148 5 131
880 1011 293 721 252 10 349
151 643 153 330 163 5 287
729 254 232 532 230 6 191
336 118 188 462 178 5 202
929 877 320 764 315 9 320
507 400 118 320 140 5 170
816 573 247 515 245 7 295
711 877 244 637 232 8 284
738 745 200 539 254 7 389
637 433 138 334 163 5 134
46 508 145 365 146 5 237
673 1017 282 692 232 9 314
680 257 185 480 219 5 286
535 71 230 507 208 6 172
309 398 63 214 62 5 53
684 284 207 462 167 5 183
439 776 232 510 186 6 348
816 332 243 518 222 7 188
518 32 197 451 176 6 183
616 391 192 376 164 5 121
834 652 271 551 258 7 400
40 976 239 560 272 8 265
269 792 233 549 179 6 210
177 1002 268 668 243 8 305
735 472 234 469 190 6 327
287 197 167 371 127 5 270
817 438 193 435 189 7 365
636 628 177 445 194 6 219
755 655 180 472 206 7 308
915 283 239 596 217 8 230
668 148 161 443 178 6 203
1004 475 252 562 217 8 423
819 533 197 476 188 7 303
604 140 194 491 153 5 224
899 835 268 634 215 9 341
46 463 177 402 197 5 252
201 702 170 422 181 5 303
328 1007 206 468 222 8 320
655 762 251 596 241 7 208
94 169 208 478 187 5 162
322 605 138 327 167 5 156
826 753 207 570 257 8 316
250 122 172 417 191 5 202
397 741 185 460 163 5 190
919 835 215 620 285 9 279
528 559 141 299 143 5 101
927 780 289 735 305 9 416
579 499 186 354 149 5 253
730 1021 235 598 292 9 431
359 714 179 368 153 5 306
414 224 118 327 126 5 107
285 734 187 396 217 5 184
566 324 127 339 171 5 218
585 640 148 406 203 5 267
281 426 101 239 84 5 120
832 229 226 544 220 7 391
697 962 234 595 258 8 316
240 491 98 297 113 5 123
807 501 227 523 220 7 347
809 15 273 552 218 8 375
755 213 228 552 236 6 273
556 277 147 338 166 5 252
577 835 214 544 237 7 362
529 27 165 413 180 6 219
18 167 221 525 237 6 292
177 997 290 726 237 8 291
991 321 297 658 211 8 358
202 544 116 306 152 5 252
221 394 105 264 105 5 146
484 332 109 262 134 5 163
742 95 227 587 248 7 283
108 402 158 408 130 5 277
123 269 172 381 165 5 300
553 101 181 440 166 5 161
514 409 128 312 126 5 99
846 324 243 554 255 7 236
395 685 157 341 202 5 176
488 188 148 358 168 5 242
953 394 244 569 277 8 272
737 882 229 513 286 8 374
81 478 145 325 136 5 187
982 599 234 629 233 8 296
773 508 215 445 186 6 283
330 959 206 517 273 7 306
247 989 284 681 216 8 310
637 722 240 589 221 6 338
344 65 213 518 180 5 136
861 553 262 624 259 7 401
206 847 254 577 251 7 342
279 402 71 236 82 5 193
140 230 154 319 146 5 265
950 654 216 499 239 8 360
998 668 232 568 211 9 355
213 588 130 342 165 5 106
230 45 169 457 206 6 315
520 127 158 379 179 5 135
257 838 230 518 234 6 307
382 407 46 139 51 5 96
78 464 178 355 183 5 222
208 592 138 393 130 5 100
945 527 219 472 267 8 316
833 6 228 489 214 8 347
163 304 130 283 175 5 121
224 523 161 315 120 5 180
195 714 156 444 225 5 182
987 542 296 669 263 8 349
190 667 156 415 186 5 318
774 422 204 506 171 6 171
166 534 174 387 150 5 208
591 803 195 435 211 7 236
113 954 258 532 254 8 311
569 568 150 390 173 5 287
195 750 187 392 173 6 155
966 206 220 569 302 8 390
104 267 150 348 159 5 122
149 597 172 372 196 5 125
532 148 169 357 205 5 140
553 488 142 312 154 5 113
348 833 221 535 186 6 252
916 455 205 568 246 7 285
752 285 174 491 227 6 192
971 153 235 519 225 8 371
424 718 188 402 164 5 259
898 767 280 575 207 8 276
913 842 287 628 303 9 326
131 706 198 432 199 6 225
761 715 194 474 240 7 205
924 520 204 464 245 8 247
935 744 233 577 299 9 293
775 177 195 511 213 7 278
662 219 198 473 200 5 142
838 988 291 634 223 9 410
247 657 190 430 149 5 172
910 952 235 639 261 10 312
468 595 126 319 157 5 112
347 447 65 215 57 5 107
763 449 237 505 170 6 318
210 428 114 242 140 5 147
824 219 264 554 211 7 339
360 162 173 344 131 5 213
663 729 216 518 202 6 190
954 140 268 593 263 8 424
668 755 223 456 174 7 197
23 350 204 500 218 5 290
753 620 212 535 233 6 323
608 708 187 396 208 6 273
231 234 126 329 164 5 92
259 488 116 244 95 5 156
842 676 267 561 198 7 321
584 968 217 472 279 8 410
321 59 178 382 156 5 277
849 676 239 508 237 8 321
921 147 202 481 265 8 424
192 330 146 313 157 5 142
576 871 211 528 188 7 216
172 263 160 408 166 5 237
695 429 165 401 184 5 205
294 1008 256 653 240 8 302
524 258 137 349 151 5 171
26 751 218 486 178 7 193
131 548 171 346 151 5 280
593 619 214 419 170 5 273
412 301 118 283 94 5 182
901 657 267 598 260 8 310
960 816 281 592 242 9 311
951 499 272 622 271 8 382
25 619 181 426 227 6 221
11 104 217 517 231 6 268
341 948 234 543 218 7 248
345 948 221 510 280 7 370
878 720 288 643 243 8 324
341 165 128 287 175 5 130
933 543 253 640 202 8 285
973 586 285 613 286 8 331
295 480 86 214 116 5 137
876 70 200 525 261 8 279
409 164 130 357 179 5 236
288 105 151 399 161 5 270
412 598 137 323 167 5 240
106 696 172 410 202 6 300
725 544 217 522 173 6 218
214 135 199 389 162 5 286
673 618 224 475 232 6 301
882 878 257 586 297 9 305
12 710 241 499 201 7 371
517 102 162 417 208 5 241
137 196 180 427 181 5 220
597 1016 232 555 209 8 380
303 700 171 452 192 5 143
267 239 154 308 124 5 78
63 28 213 512 231 7 382
389 648 142 341 178 5 193
327 136 170 376 152 5 232
427 976 196 467 249 8 338
152 151 185 450 176 5 144
962 853 221 639 244 9 408
354 646 175 419 153 5 177
846 351 193 416 234 7 348
797 979 321 715 314 9 395
492 387 114 315 116 5 116
231 695 206 504 203 5 234
52 300 205 414 207 5 166
113 582 200 432 167 5 129
39 858 280 674 230 7 234
346 716 184 417 186 5 265
689 507 203 424 210 5 141
520 114 147 332 148 5 174
547 380 136 311 126 5 261
581 387 164 365 163 5 97
12 869 211 575 279 8 305
766 578 212 511 185 6 210
77 292 168 422 180 5 172
732 708 194 465 248 7 368
464 951 267 548 225 7 328
844 762 226 559 243 8 436
628 839 206 489 222 7 276
46 839 256 637 201 7 297
897 915 242 648 239 9 371
519 446 140 312 112 5 223
147 175 193 413 165 5 262
890 531 245 551 240 7 223
653 182 165 369 161 6 231
1018 870 288 758 289 10 353
108 774 189 507 239 6 265
871 704 213 489 281 8 432
378 157 137 314 158 5 244
587 964 296 728 247 8 296
1018 100 322 762 278 9 396
329 894 202 547 196 7 275
983 330 240 561 201 8 398
932 893 312 693 281 9 331
734 36 235 484 238 7 307
708 305 173 424 222 6 334
1001 250 287 605 235 8 333
122 16 214 511 214 6 302
526 430 123 339 109 5 183
2 315 183 441 172 6 296
513 609 155 336 167 5 240
1022 13 323 798 274 10 366
415 808 239 489 163 6 306
187 0 202 419 204 6 272
404 291 111 234 124 5 53
777 1011 230 577 314 9 479
957 868 253 693 291 9 328
30 57 182 417 227 7 275
577 1018 262 567 282 8 375
757 718 206 457 267 7 350
360 567 105 289 135 5 87
747 55 239 555 203 7 382
59 129 238 466 192 6 250
76 878 259 628 192 7 303
270 808 164 410 183 6 337
699 1015 316 693 248 9 445
398 240 121 331 104 5 115
922 481 229 489 217 8 265
136 110 200 510 183 6 192
218 193 168 430 144 5 196
775 49 267 541 273 7 378
318 310 117 283 92 5 50
541 913 235 541 214 7 365
290 903 189 433 219 7 206
471 486 107 245 140 5 236
566 543 137 368 174 5 179
374 643 177 369 185 5 187
877 945 267 652 263 9 320
345 1017 202 465 284 8 323
720 65 216 516 200 7 320
945 369 255 524 195 8 290
723 218 172 389 201 6 220
948 384 244 529 231 8 265
416 512 126 319 98 5 240
243 824 229 545 203 6 190
302 420 88 186 81 5 99
245 217 132 317 172 5 222
23 440 182 414 163 5 271
16 323 196 451 158 5 169
58 427 199 413 152 5 246
844 337 179 471 249 7 193
331 33 190 438 178 6 282
559 172 141 407 158 5 162
889 516 256 566 218 7 222
472 339 127 256 131 5 182
532 165 172 413 157 5 188
901 290 222 548 198 7 358
285 547 152 322 135 5 97
628 441 159 341 134 5 115
573 119 186 416 213 5 231
241 786 236 487 176 6 219
508 516 128 312 125 5 256
505 147 166 346 161 5 273
493 898 219 468 187 7 389
765 873 282 614 208 8 331
782 750 222 594 192 7 346
583 762 174 454 166 6 312
466 121 148 319 168 5 140
846 919 259 550 228 9 390
148 994 219 591 203 8 257
970 154 264 685 260 8 401
687 224 206 489 217 6 276
547 95 220 445 225 6 185
281 7 227 477 216 6 218
441 163 130 374 140 5 102
170 240 138 317 136 5 177
690 929 291 612 296 8 411
704 312 193 488 225 5 332
259 898 213 511 196 7 377
267 710 190 385 155 5 186
552 425 162 359 134 5 86
308 594 159 368 152 5 223
622 816 212 565 255 7 229
154 567 148 365 131 5 131
656 930 241 598 218 8 247
716 583 203 517 176 6 261
720 591 172 418 217 6 198
926 218 291 643 237 8 236
392 611 122 283 168 5 166
420 801 167 440 192 6 299
43 855 201 485 242 7 269
616 973 206 481 223 8 366
567 188 174 375 199 5 252
968 880 287 720 304 10 340
997 564 224 547 305 8 379
93 307 167 416 197 5 129
367 1021 204 551 233 8 396
825 293 247 554 188 7 346
146 454 138 363 148 5 255
33 205 180 481 187 6 310
300 166 160 338 181 5 186
74 691 168 441 165 6 174
161 777 165 379 215 6 360
498 94 211 496 189 5 265
386 805 205 520 231 6 172
500 889 267 592 219 7 319
110 727 230 525 175 6 209
788 452 239 507 213 6 260
1012 149 224 558 306 9 399
116 47 170 430 243 6 199
870 50 266 660 269 8 264
303 58 187 420 150 5 307
352 541 129 309 113 5 79
438 592 144 293 163 5 121
179 59 205 494 235 6 214
141 814 174 475 204 7 349
371 457 89 187 66 5 34
105 598 151 351 158 5 143
162 1015 240 531 240 8 341
437 482 123 255 101 5 97
886 88 213 474 256 8 283
51 598 162 416 214 6 220
455 612 135 299 128 5 111
650 229 174 464 177 5 309
624 558 178 457 210 5 265
303 1006 262 665 295 8 268
184 333 153 325 121 5 242
162 407 142 359 136 5 84
328 961 268 654 260 8 359
409 360 74 187 96 5 158
718 562 176 458 224 6 231
75 916 231 610 222 8 323
684 21 223 474 192 7 253
767 988 236 523 307 9 423
924 976 331 792 301 10 444
510 644 168 361 147 5 143
364 157 146 342 154 5 248
280 187 175 353 164 5 184
597 390 166 411 156 5 167
494 96 208 427 208 5 294
816 402 192 422 236 6 341
321 622 129 320 166 5 279
760 962 288 628 215 9 408
460 257 137 279 152 5 202
514 402 104 258 137 5 242
24 535 212 459 205 6 327
497 377 108 314 126 5 247
1013 940 280 647 268 10 421
8 38 239 605 196 7 359
817 435 195 518 185 7 344
747 1020 243 633 273 9 446
314 889 219 560 233 7 238
243 804 178 484 198 6 188
313 20 206 463 161 6 267
10 699 225 507 212 6 311
552 103 214 475 180 5 211
390 242 139 310 117 5 89
914 359 280 601 231 7 220
535 825 248 571 174 7 228
742 846 255 593 198 8 421
1003 975 350 772 249 10 435
21 273 184 474 170 6 180
139 882 194 447 227 7 217
454 306 113 284 123 5 102
821 714 283 656 241 7 363
133 618 201 425 141 5 145
368 561 142 302 120 5 85
704 875 214 522 221 8 351
352 875 228 533 186 7 229
60 249 163 412 203 5 301
910 634 290 689 204 8 329
520 796 246 528 171 6 193
910 617 201 451 249 8 391
432 682 166 383 148 5 174
910 1015 260 636 338 10 506
471 7 174 397 227 6 350
1003 359 267 598 233 8 262
533 49 235 552 170 6 205
410 728 158 362 190 5 182
946 468 217 527 199 8 384
563 585 162 361 180 5 112
936 532 205 518 239 8 320
670 743 246 504 230 7 352
770 834 268 670 249 8 356
302 275 124 277 113 5 129
190 880 204 486 237 7 210
6 657 233 483 201 6 216
879 29 204 535 277 8 448
814 357 189 513 233 6 257
463 877 249 588 182 7 272
252 331 129 266 107 5 121
894 331 201 546 258 7 278
464 206 128 331 163 5 233
573 297 146 377 132 5 161
595 740 178 401 194 6 258
719 13 225 534 256 7 302
697 757 263 546 246 7 307
456 919 270 548 229 7 282
631 552 158 336 202 5 178
484 926 230 594 219 7 287
163 75 205 455 209 6 158
815 251 252 596 200 7 319
425 249 103 326 125 5 85
835 5 232 622 283 8 363
515 103 178 389 166 5 179
250 991 262 601 205 8 369
653 485 187 378 141 5 243
363 835 196 469 170 6 263
141 728 176 410 236 6 224
130 935 246 613 200 8 398
266 667 143 395 152 5 211
905 983 290 634 297 10 331
146 166 199 466 194 5 170
468 13 165 389 173 6 175
658 895 285 686 237 8 274
601 485 188 397 162 5 229
435 147 176 404 130 5 279
588 901 279 635 206 7 293
666 491 160 427 174 5 180
475 708 198 472 195 5 253
18 61 251 538 247 7 204
1000 798 308 670 273 9 415
92 525 197 402 161 5 126
404 509 109 270 129 5 69
518 733 157 371 218 6 213
979 497 241 591 230 8 398
72 353 200 460 198 5 160
259 976 243 505 269 8 411
676 905 281 592 257 8 391
321 235 142 343 131 5 95
831 360 234 564 221 7 376
201 511 144 360 125 5 126
160 866 203 497 207 7 261
908 798 273 670 244 9 364
610 110 221 442 226 6 335
694 716 221 479 255 7 238
573 986 202 582 291 8 298
439 946 222 485 225 7 244
458 340 105 298 103 5 129
680 219 208 478 225 6 177
552 511 168 354 154 5 186
591 990 204 489 216 8 442
258 893 264 628 238 7 271
408 91 199 423 161 5 155
74 934 279 631 220 8 411
572 334 135 339 146 5 150
141 258 176 377 165 5 187
224 320 146 333 109 5 211
442 519 112 294 136 5 114
63 887 205 510 208 8 233
464 913 221 474 269 7 270
753 392 213 526 204 6 349
478 928 245 561 200 7 386
542 274 162 329 123 5 95
770 979 250 634 258 9 340
606 889 224 500 259 7 377
24 641 173 383 219 6 177
752 573 249 603 172 6 367
439 36 211 480 176 6 282
402 999 226 514 234 8 421
439 940 240 535 206 7 289
327 93 194 449 184 5 197
4 282 181 415 198 6 164
873 777 294 632 260 8 253
643 90 196 463 168 6 253
9 676 246 527 209 6 356
18 1009 221 526 282 9 382
583 322 166 387 181 5 260
979 337 229 537 249 8 369
465 994 198 563 222 8 377
987 414 300 654 253 8 384
865 962 324 820 288 9 360
558 567 160 373 136 5 257
907 552 235 596 226 8 242
193 654 203 454 160 5 180
642 744 173 469 207 6 323
774 948 254 580 313 9 320
39 163 210 522 198 6 260
206 411 119 307 115 5 120
503 317 142 288 104 5 159
522 152 177 413 160 5 266
809 778 251 530 216 8 410
948 654 279 622 259 8 282
786 911 210 578 292 9 280
589 171 156 394 187 5 172
32 423 154 373 215 5 136
252 815 240 533 240 6 366
17 197 160 423 164 6 178
954 255 202 530 202 8 433
705 671 244 582 198 6 322
285 490 124 322 101 5 233
867 623 249 622 208 7 232
511 466 115 335 122 5 249
557 691 177 394 211 5 248
540 963 237 517 265 8 378
290 864 225 469 235 7 248
969 253 272 564 235 8 389
522 826 196 499 244 6 348
608 1018 298 626 286 9 418
517 42 207 515 171 6 278
975 756 279 706 244 9 284
321 936 248 543 221 7 371
241 826 175 437 206 6 260
607 529 191 441 146 5 183
753 912 271 566 290 8 356
276 428 95 274 80 5 66
796 846 235 547 239 8 416
988 77 256 655 284 9 321
46 438 179 396 158 5 139
435 980 208 455 240 8 237
186 283 128 321 156 5 159
794 134 250 548 223 7 216
36 315 155 405 153 5 209
359 730 199 498 161 5 281
48 768 178 444 175 7 309
504 776 175 385 174 6 291
747 931 249 643 217 8 423
961 879 303 746 257 10 421
329 249 145 309 101 5 180
95 838 259 551 204 7 260
1018 986 298 676 291 11 419
950 527 260 652 214 8 270
812 327 209 532 257 7 363
185 81 220 515 190 6 193
619 499 177 431 190 5 187
810 285 204 505 180 7 349
22 882 236 585 223 8 278
899 294 200 514 197 7 335
741 567 210 459 210 6 329
837 708 244 527 204 8 346
728 322 159 429 209 6 311
88 376 166 356 186 5 284
646 173 182 417 160 6 244
361 970 223 497 259 8 387
916 746 293 676 258 8 273
606 323 150 337 179 5 113
268 913 205 454 260 7 266
769 191 185 484 220 7 351
890 176 205 467 209 8 249
582 1023 296 676 245 8 316
784 457 220 478 222 6 228
100 675 170 404 192 6 198
39 468 164 379 174 5 152
115 481 150 340 168 5 166
502 520 120 280 119 5 187
1006 955 282 636 342 10 340
691 878 254 597 205 8 237
215 317 118 271 153 5 170
952 818 304 710 315 9 415
478 177 181 447 145 5 108
925 1016 247 631 318 10 518
264 161 167 422 188 5 194
430 201 164 410 124 5 122
1009 0 230 563 301 9 341
196 610 138 315 132 5 153
689 307 215 521 171 5 305
533 487 126 342 137 5 233
343 208 122 316 160 5 124
309 337 82 204 86 5 117
95 151 208 506 214 6 332
347 750 221 470 215 5 221
326 870 210 465 233 7 334
348 219 146 363 120 5 207
559 162 171 388 171 5 176
705 135 220 510 240 6 290
317 294 119 302 112 5 168
62 26 194 518 233 7 208
975 1012 297 645 275 11 477
511 59 192 433 213 6 286
1016 863 299 729 262 10 418
896 1009 266 619 286 10 470
54 935 257 641 242 8 416
481 451 130 277 131 5 216
472 649 163 330 136 5 145
203 567 127 287 170 5 144
426 328 83 233 85 5 195
241 28 190 504 166 6 324
583 291 146 364 189 5 101
471 635 162 366 175 5 258
208 150 158 408 139 5 262
132 173 192 417 181 5 178
628 893 200 448 266 8 236
622 118 180 397 159 6 330
640 817 213 476 200 7 300
131 36 196 435 196 6 182
478 112 158 392 164 5 248
165 1022 235 499 282 8 358
609 70 201 446 209 6 163
171 1021 232 507 287 8 265
170 149 169 405 186 5 311
802 895 239 552 233 9 313
694 207 231 469 207 6 242
157 728 188 421 213 6 305
828 126 237 583 275 7 253
355 714 204 415 183 5 139
477 776 162 353 221 6 351
599 803 232 557 246 7 194
741 139 182 445 191 7 257
930 288 248 630 202 8 427
523 862 234 498 245 7 289
111 939 285 641 291 8 334
875 890 309 655 296 9 334
381 329 97 213 102 5 37
567 370 118 357 131 5 140
669 487 193 439 162 5 284
148 679 170 453 204 5 171
489 909 207 508 229 7 299
