30
35
25
15
40
10
1
413
1000
1000
1555
1000
884 155 575 27814 251 43 53
67 769 99 1778 68 5 19
604 974 346 25563 294 13 35
628 38 449 26797 246 20 49
229 663 235 5692 141 5 39
499 572 320 19169 249 6 28
696 731 371 27352 306 33 43
230 877 232 7758 179 11 10
101 827 119 3119 83 10 8
715 848 431 31256 291 14 45
458 126 368 16861 254 22 31
874 589 486 32272 281 19 46
229 925 224 6262 143 16 31
273 511 206 9397 183 16 34
377 195 274 13200 188 26 23
312 553 279 9525 178 12 37
735 275 469 25387 218 27 32
605 449 441 25122 271 18 49
109 907 156 2970 97 5 6
68 790 117 1718 71 5 22
755 67 485 32026 324 33 52
368 346 304 9706 155 13 20
634 447 515 27653 235 12 38
447 726 391 15917 201 11 21
563 603 327 18534 256 32 43
857 731 594 29624 235 17 37
89 87 124 2235 89 6 27
267 335 226 8020 183 8 20
278 614 269 8063 199 17 40
651 746 446 27642 207 15 50
664 857 458 20825 217 32 51
540 505 420 21875 243 17 19
971 685 596 31962 354 33 35
639 204 442 25713 235 33 51
480 425 328 17446 217 31 25
992 885 682 42727 337 25 44
321 888 264 11452 184 5 13
717 265 402 27116 264 35 31
768 231 588 27448 263 28 39
804 188 445 31674 259 38 44
353 848 358 12340 163 16 43
952 559 587 40047 296 31 57
715 383 456 28345 247 32 41
976 144 539 44281 250 21 47
162 885 161 4285 147 5 16
707 359 513 26774 287 26 33
497 518 336 18576 215 23 41
351 992 330 11503 157 12 42
827 880 438 32495 242 30 54
100 706 159 2878 118 5 8
149 115 182 4070 132 5 9
840 114 547 30227 288 20 39
353 524 301 13034 159 5 41
211 266 218 6262 137 5 7
307 416 252 9854 193 22 24
862 222 449 36730 324 20 56
880 859 614 36843 333 36 30
980 213 518 44915 287 44 39
617 380 390 24651 285 29 36
311 62 310 8876 146 25 19
784 115 457 31311 319 37 53
355 839 325 13442 169 7 38
833 423 556 38192 339 34 42
18 844 48 452 38 5 20
355 66 302 11792 188 27 33
107 928 136 2538 121 14 26
992 825 463 41470 341 45 51
205 61 181 5533 140 6 17
40 963 69 1004 58 5 6
665 907 511 23730 230 12 32
280 481 242 9089 195 5 21
370 222 292 11613 196 23 41
307 190 325 8333 209 26 21
945 626 451 37317 277 38 39
436 50 406 15799 176 24 35
544 450 317 22605 259 28 29
33 753 74 612 64 5 12
427 180 365 12108 247 19 39
8 247 21 228 25 5 5
500 911 330 18946 230 29 34
720 325 549 24007 261 24 27
100 48 133 2313 81 5 35
838 545 522 34283 321 33 54
366 165 293 11498 156 5 38
258 412 247 7477 188 5 23
929 478 557 38995 285 44 31
334 868 339 12731 160 25 24
735 139 415 32159 261 18 27
466 697 314 15415 195 31 45
96 783 150 2768 79 7 26
642 331 466 25011 269 34 49
382 381 371 14479 197 25 39
169 694 205 4689 129 7 18
753 305 500 27222 307 40 51
236 489 255 7585 129 18 11
961 422 645 42975 261 39 57
100 152 109 2675 107 12 16
101 520 119 2342 105 16 22
625 546 375 26547 201 17 34
989 842 681 43540 269 40 35
322 942 262 11839 195 26 28
70 475 123 1399 86 5 26
784 195 580 24500 269 20 41
334 191 292 9394 209 14 26
453 20 301 16163 250 21 39
761 713 478 24325 243 39 25
33 348 66 694 57 14 13
275 472 294 10016 155 15 34
691 708 549 29065 248 34 25
200 755 241 5795 166 5 21
116 979 127 3007 112 9 12
374 21 290 10701 177 14 38
842 560 526 27158 272 20 45
342 549 296 11292 195 18 13
597 11 366 20840 289 14 23
134 868 138 3789 119 5 8
769 603 526 27565 331 35 44
930 396 464 30228 322 37 48
621 664 415 21438 271 23 29
905 75 519 28797 241 35 33
29 636 58 692 55 9 22
845 900 570 27050 348 41 34
513 852 380 20685 225 28 24
839 486 435 36759 291 26 47
465 596 312 17380 237 23 25
304 175 261 8391 205 13 34
49 377 90 1337 64 5 19
565 380 373 22137 224 10 25
907 73 441 33415 265 42 57
388 513 276 11356 187 17 24
80 452 106 1622 85 5 10
509 918 315 21309 215 25 19
185 69 231 4740 108 15 7
516 252 328 17322 269 14 21
150 356 205 3982 110 21 32
730 592 462 29137 253 38 49
769 405 431 29045 296 19 35
583 926 461 24082 282 7 49
517 388 412 14846 226 6 24
641 747 506 24483 301 22 48
343 692 285 10786 209 24 37
720 62 469 23711 305 39 39
369 153 328 10038 200 18 38
925 577 444 34330 263 22 37
810 970 587 32803 239 31 36
856 26 594 33195 318 27 54
726 3 566 31412 319 23 36
907 249 577 32553 255 24 59
566 308 480 16542 252 11 41
351 274 347 13349 171 28 15
968 117 661 34772 317 46 56
15 227 45 364 39 14 27
215 496 205 7154 142 21 9
836 730 512 34174 328 25 31
318 935 329 11478 173 7 42
700 617 471 21554 278 34 44
341 632 303 10113 195 6 39
689 490 478 28894 223 14 25
436 152 335 14145 179 12 26
458 92 311 12622 191 27 44
265 495 224 6886 138 12 13
253 24 214 6237 169 14 38
776 824 423 32484 333 23 38
452 602 328 13559 210 18 34
693 86 412 26656 281 20 52
436 645 382 11871 175 15 32
744 876 416 27889 268 12 53
937 246 496 39783 281 35 52
811 871 460 29550 294 25 35
201 953 245 6846 130 5 31
407 68 293 11118 188 7 19
332 217 344 11623 148 13 23
774 985 466 29901 317 31 37
337 235 285 13058 216 5 14
742 298 485 28767 315 39 31
477 559 420 18683 203 21 16
258 301 226 8628 171 9 29
510 87 307 21162 249 29 38
577 680 401 16789 212 28 28
963 736 577 31809 254 36 60
946 457 584 38741 345 32 34
399 507 280 12613 224 15 42
368 960 251 10685 161 6 14
727 523 505 28549 256 14 25
392 876 305 13057 179 29 14
68 16 96 1450 87 14 13
215 616 207 7450 127 11 23
826 729 590 26953 293 25 33
739 94 435 31683 278 12 32
507 177 391 19246 186 13 35
631 41 382 21628 226 21 51
847 638 467 30194 260 27 47
607 509 434 18024 258 28 39
234 375 227 5838 141 7 31
454 535 315 14683 173 22 37
626 588 437 22225 253 21 44
842 715 580 33418 319 15 45
205 524 253 6084 154 5 36
855 859 525 34130 350 27 46
404 426 322 14153 236 19 19
685 466 386 23083 283 37 33
212 304 189 5351 157 15 27
513 621 412 16469 259 21 28
118 446 143 2929 109 5 34
406 890 326 13170 189 23 14
603 311 496 24797 286 29 42
154 536 184 4907 105 5 6
167 23 211 4577 114 16 14
684 375 379 21905 296 20 36
872 468 430 29216 346 29 36
762 473 432 33350 268 23 55
112 487 122 2756 99 5 17
299 302 285 10694 173 7 11
664 618 414 25519 251 28 47
174 549 155 4926 129 14 32
469 343 312 16997 180 8 45
662 65 514 20245 225 10 43
875 541 518 31799 293 36 40
742 572 447 22898 240 29 29
85 231 103 2166 102 5 27
447 436 289 13518 181 31 18
658 383 528 25352 272 24 42
359 380 260 12813 222 6 29
460 217 386 17688 229 28 41
788 410 403 26383 322 18 28
173 600 214 4305 133 11 15
977 993 477 41559 328 37 49
439 319 336 16212 217 22 17
869 111 475 31132 352 33 32
516 604 355 16694 220 13 18
643 779 377 27504 258 27 41
957 220 606 39243 248 39 51
319 851 318 9989 207 5 12
546 266 427 20664 208 9 18
182 773 234 5194 137 5 11
731 409 499 29259 269 15 25
974 809 593 38598 290 30 49
525 835 332 17120 184 19 22
556 3 359 16403 271 26 31
21 943 50 453 54 5 4
145 959 168 3464 133 5 21
845 627 580 29222 297 23 54
245 598 228 6561 181 18 28
854 719 612 33636 271 19 29
662 601 513 22900 212 10 43
786 471 440 27152 280 30 44
981 92 559 32475 313 37 59
546 879 365 15957 225 22 31
598 925 355 23100 246 11 44
682 768 461 22510 293 35 53
748 669 493 33791 292 20 32
844 888 576 29079 301 17 42
141 693 186 3486 98 14 36
507 647 321 20078 267 20 23
563 46 480 20992 231 15 42
676 382 523 25916 291 21 35
396 750 369 14426 177 5 21
321 13 284 12030 168 22 41
417 679 348 12827 196 28 19
958 139 458 41698 277 21 42
641 453 361 25066 203 17 51
664 982 414 27455 260 15 26
482 437 295 16896 211 9 35
48 361 81 959 61 6 7
876 150 626 27287 327 23 31
513 547 347 15180 244 17 32
522 177 412 21002 260 32 41
869 764 439 40120 243 23 54
899 930 636 38702 271 33 51
706 811 481 28544 318 19 54
839 293 428 38020 321 30 57
981 67 555 46601 275 25 58
802 425 435 29554 320 22 26
783 709 457 31170 270 22 55
115 690 131 2472 97 8 4
110 746 134 2342 93 17 13
656 205 443 26943 262 21 42
846 21 587 31730 269 28 57
308 229 219 11435 185 17 27
810 901 511 35997 310 29 54
820 234 579 27837 339 23 43
222 861 181 6825 151 11 13
172 62 217 4950 116 22 12
44 447 83 1229 55 5 25
494 901 312 14347 195 7 18
394 950 324 14568 209 18 42
700 630 429 27943 314 31 46
186 480 162 5460 129 5 29
693 364 543 22279 306 24 52
601 421 483 20567 282 12 31
300 263 247 11185 204 21 10
552 590 363 21232 207 6 28
627 188 454 20293 224 29 41
762 741 498 26403 233 30 27
757 552 526 26239 235 33 31
66 870 87 1528 73 5 31
728 521 453 30351 232 27 31
592 32 400 18306 222 11 31
740 130 546 30783 221 36 47
434 382 344 14627 245 7 38
731 749 382 23835 217 34 27
200 390 242 5450 124 5 22
50 881 97 1006 79 5 29
55 970 95 1508 80 10 12
715 241 526 31230 254 30 42
501 774 359 19437 189 13 47
373 855 346 10658 218 8 38
508 588 416 18519 190 15 46
22 221 48 429 44 5 8
312 665 242 10692 169 24 18
629 770 453 21583 205 13 28
983 132 573 36818 259 32 40
723 319 536 29135 290 38 34
188 681 184 5863 125 5 27
810 739 543 29975 237 26 36
546 40 435 22513 205 30 27
972 831 644 37291 340 43 46
190 686 232 5455 116 12 12
664 943 514 28553 255 25 51
855 144 599 30879 323 26 47
208 673 220 7043 149 20 7
81 417 98 1667 107 8 3
928 916 578 39574 262 18 39
807 648 550 32192 296 19 41
63 594 117 1400 81 6 11
53 753 74 1525 86 5 12
568 890 473 23235 272 21 30
574 9 476 22120 252 17 42
135 736 139 3085 121 5 5
406 430 351 11563 211 5 33
597 513 492 22208 231 23 40
949 31 645 39815 289 25 40
336 923 232 9672 210 5 42
497 408 360 16394 251 19 38
136 608 158 4303 131 15 14
418 744 267 15930 191 5 41
892 287 445 30808 246 38 31
76 849 100 1974 70 7 32
336 789 342 12591 152 25 38
125 404 182 3152 110 5 21
984 308 464 41375 336 32 33
63 979 113 1609 89 5 30
779 841 562 29507 288 13 36
44 823 71 1216 74 6 6
897 862 460 40552 267 36 42
108 329 153 3235 113 5 13
864 780 451 31450 257 21 33
918 518 659 41088 247 18 30
160 810 176 4748 107 10 37
792 393 448 26894 333 35 46
933 329 597 40361 283 22 58
137 942 172 4486 106 13 16
894 390 520 32472 270 28 43
584 263 482 24241 283 7 25
750 452 540 32710 227 15 37
767 205 426 33219 241 16 56
660 296 461 28405 248 31 22
504 307 412 15302 210 11 27
956 514 550 35602 331 32 53
926 122 586 36705 246 43 45
704 207 483 21761 227 25 53
628 729 444 25382 225 26 37
691 689 455 23561 286 32 30
941 437 542 43729 309 30 62
701 794 469 29205 264 16 38
189 602 191 6228 135 7 36
797 168 534 32921 315 18 26
119 117 158 3078 125 5 5
318 901 265 8288 173 5 41
439 176 298 15673 226 24 39
435 174 394 17107 240 12 39
168 210 214 5535 106 5 11
951 863 675 44441 306 43 34
90 883 115 1858 95 11 25
553 183 423 18251 226 27 22
325 757 254 11598 152 26 26
528 472 415 17398 241 17 44
342 754 333 9816 161 12 16
211 646 216 6305 160 20 26
170 965 181 4239 132 5 14
994 287 512 40255 300 41 41
281 197 239 8219 158 18 40
483 459 355 17191 198 12 30
768 789 397 29741 320 32 35
517 917 386 17581 239 21 34
330 710 268 11655 212 18 11
439 806 391 12429 170 7 27
92 919 127 2804 80 5 12
198 974 200 5788 145 14 16
603 934 371 22483 250 25 33
518 608 349 16529 235 24 36
102 567 153 2448 81 5 6
68 317 94 1510 87 5 27
538 931 383 19192 202 30 33
739 446 463 29484 243 16 38
126 149 134 3670 118 9 21
113 649 173 3606 93 17 12
982 803 611 39968 263 27 52
162 758 152 3780 103 8 11
950 958 530 37582 322 22 50
430 170 296 12271 239 14 29
985 45 505 37381 308 39 42
128 189 170 4019 120 15 24
523 212 458 14752 206 16 45
943 523 638 35987 333 34 42
47 568 86 1159 58 10 14
48 784 96 1326 56 5 28
126 405 179 3252 115 5 19
674 818 395 27682 303 35 37
186 258 229 6354 151 9 21
142 787 173 3500 112 5 34
780 312 563 28402 319 16 50
522 962 416 17513 190 18 18
399 422 294 13442 209 11 43
933 366 597 38446 344 30 46
218 228 235 5253 161 5 22
826 424 586 30752 342 22 46
288 636 301 7740 165 5 23
623 565 449 25306 274 13 45
271 802 228 6865 155 5 24
435 314 405 13238 166 18 43
234 800 225 5690 123 8 28
260 523 209 6516 161 14 26
569 78 453 24012 203 27 42
443 188 313 16189 180 16 24
816 365 583 29872 291 37 53
550 148 469 23070 198 27 26
717 421 532 26861 307 19 47
272 401 234 7800 132 23 30
367 848 292 11243 201 5 36
491 163 379 15673 206 19 17
406 607 290 15653 188 8 38
514 462 376 19932 207 23 40
181 213 157 5409 129 5 19
371 307 257 13900 167 13 12
116 362 132 2619 90 5 15
808 99 581 27845 232 23 45
317 893 284 8336 198 19 39
453 939 402 18478 172 5 19
360 605 292 12899 200 25 33
61 448 105 1711 80 9 9
271 959 257 7274 196 10 10
383 311 325 13506 162 14 18
560 736 415 23525 234 26 43
996 530 664 32495 337 28 56
961 225 670 32272 371 30 62
681 296 537 21944 293 23 29
42 771 88 1042 66 11 25
892 854 604 30273 321 25 44
538 232 356 22548 273 29 30
571 649 439 18981 222 7 41
990 983 481 42931 348 37 61
507 221 329 20200 193 24 22
879 642 492 31596 256 37 30
964 311 682 35810 313 34 44
134 910 145 3683 116 5 18
292 927 302 8656 181 20 12
486 915 428 17545 197 6 18
897 99 517 36579 256 18 39
341 505 330 12947 178 5 27
747 168 470 23561 256 25 44
980 575 674 31445 257 44 50
513 991 367 15875 265 30 30
50 131 69 1364 75 9 21
585 456 450 24423 251 27 38
741 939 429 33233 249 15 24
969 7 474 44562 324 38 42
365 112 286 12560 192 25 32
7 15 25 215 26 5 2
515 37 398 15428 249 32 43
936 182 591 32677 304 28 52
208 275 178 5462 148 16 30
692 919 414 27872 218 19 33
816 77 517 37257 263 33 29
713 889 476 23462 305 22 54
131 306 170 3493 132 5 5
915 268 479 32783 285 35 35
118 608 150 3661 94 5 27
352 382 255 9983 217 19 16
765 24 403 23723 232 34 55
387 35 271 13527 201 9 18
479 175 303 19387 217 25 16
611 308 483 21397 284 12 34
310 970 296 9172 188 22 17
401 752 312 11981 161 14 18
109 793 139 3312 105 5 5
834 407 568 31018 232 29 27
909 238 465 41274 254 32 55
942 335 648 43586 343 26 58
109 562 145 3250 105 5 11
265 33 251 7795 145 22 39
92 971 112 2249 81 5 25
951 381 472 38721 253 24 58
664 426 464 23847 220 25 34
589 148 360 24725 274 10 20
347 192 241 12754 179 6 13
959 966 665 33193 351 28 62
835 737 487 31623 311 26 45
488 850 421 18223 191 12 29
315 206 244 8480 144 5 39
216 981 238 7484 134 7 22
254 933 273 8637 176 5 24
362 745 292 11826 164 8 12
17 955 40 353 43 5 17
830 136 415 27819 291 40 46
780 457 407 27654 252 26 25
799 401 434 31099 327 19 42
508 239 335 19695 230 18 22
765 793 578 29437 263 40 55
784 237 546 33395 249 25 53
116 101 135 2633 94 5 28
51 998 81 1059 79 5 7
210 848 219 6911 149 6 28
350 577 319 11281 200 19 22
535 364 344 18242 228 30 40
278 390 231 8882 168 9 26
476 48 328 13660 201 32 40
26 813 46 568 47 12 19
806 618 587 30855 245 21 26
233 876 255 7924 176 12 23
260 522 201 7708 162 13 38
130 598 129 2948 127 5 28
580 295 361 23617 231 7 25
722 300 432 27220 312 25 51
226 65 228 7967 161 19 28
714 448 436 28925 278 33 34
14 687 41 399 36 5 16
905 676 651 38077 341 24 38
385 106 280 13902 168 22 16
720 188 495 30515 248 12 37
265 566 296 9287 180 5 16
994 891 651 37335 289 34 49
867 133 483 38446 328 40 55
822 409 509 37670 266 23 40
527 572 319 21494 201 8 19
807 50 528 33787 297 24 39
202 35 202 6582 127 17 26
447 468 411 13009 193 15 25
635 424 465 25787 230 29 43
832 251 447 36680 317 23 50
874 933 557 37050 330 42 53
666 246 415 28971 247 16 48
992 395 607 35270 308 31 37
941 95 650 36815 365 28 57
277 363 259 9133 159 14 38
44 268 75 923 59 6 26
958 816 514 42082 261 27 45
974 259 566 37470 301 21 51
609 205 457 21212 266 15 28
449 256 360 14027 240 29 22
523 277 345 21264 215 13 26
476 9 293 13697 200 23 24
414 309 292 14091 168 30 34
229 970 197 5543 161 5 10
422 794 330 16981 174 16 32
353 453 269 12434 187 16 43
519 782 440 20527 207 9 35
418 916 336 15980 238 5 43
916 212 530 36763 280 29 39
34 809 65 678 55 17 17
989 599 576 32822 255 47 32
650 339 443 27320 288 34 50
512 746 442 20256 222 22 45
950 619 506 44780 271 43 34
977 388 607 45559 281 30 56
81 127 113 1777 96 5 13
984 413 689 35351 273 24 44
832 592 610 35214 322 34 58
803 451 477 26086 242 14 38
97 685 146 2764 88 5 18
117 998 130 2828 104 13 7
946 947 573 41883 290 30 52
647 548 521 24014 213 12 22
271 102 209 9729 189 11 23
934 138 539 30995 360 32 35
98 103 148 2523 95 5 22
207 759 221 6888 145 12 22
867 604 490 37910 322 38 28
871 171 520 30768 304 23 39
10 682 30 284 31 6 31
800 203 601 33758 235 38 53
503 1000 381 18553 215 5 36
895 739 620 40237 269 19 30
384 996 301 11163 167 28 24
397 417 339 10990 218 9 29
932 502 528 31825 244 37 43
910 935 438 40533 317 18 50
553 218 346 17358 259 23 31
884 426 566 34382 284 32 48
449 314 417 17918 175 24 42
667 214 397 25179 280 24 39
679 864 504 26230 305 25 51
785 239 406 24498 324 20 48
413 708 369 15981 229 16 23
693 603 374 21106 296 28 32
278 802 222 7374 143 5 40
82 65 136 1975 80 5 23
95 286 119 2247 85 16 33
693 440 433 28175 237 33 53
375 899 272 14421 159 23 31
347 965 312 11914 198 21 14
239 919 195 8139 149 5 37
599 682 465 20207 207 18 29
46 282 77 908 60 6 24
919 645 585 36728 353 32 49
116 481 161 2828 128 5 6
993 538 470 34255 301 21 34
371 373 305 11945 229 25 24
334 301 330 10817 204 25 35
230 473 209 7364 142 19 16
570 265 441 18820 275 10 35
163 636 195 5068 112 5 36
908 405 479 39383 350 26 42
999 819 587 47043 254 40 40
173 515 183 4495 138 10 30
712 839 553 23766 303 15 40
3 357 12 116 18 5 17
929 775 464 41037 283 25 51
60 318 95 1606 70 5 7
153 46 162 4825 133 8 9
852 844 617 32547 270 28 48
388 840 283 14132 234 26 35
912 514 466 37531 287 24 51
327 697 271 12259 191 5 25
245 935 207 6721 145 22 23
477 971 351 19640 226 17 31
695 374 423 29647 310 16 42
824 264 611 28480 244 41 57
567 386 324 22836 256 8 23
66 889 83 1356 88 5 20
757 470 455 33725 284 40 53
708 393 391 21845 311 29 53
548 293 448 20172 195 21 27
271 431 281 8853 169 8 23
279 613 229 8357 186 7 39
806 531 518 30608 327 25 35
241 420 256 7019 160 13 17
514 203 359 18579 225 9 33
682 327 530 21583 288 13 37
302 197 285 8583 147 14 24
4 880 16 143 19 5 10
98 310 153 2631 116 5 26
103 926 129 2849 92 5 8
511 276 366 14470 202 32 32
351 982 339 10578 195 12 39
194 346 169 6236 166 5 14
697 734 450 29885 268 19 54
973 524 525 45219 282 21 58
659 507 363 27078 245 30 45
736 675 386 32833 245 21 25
834 883 503 32487 253 17 54
716 886 436 24916 310 33 43
174 445 162 4393 153 5 13
985 532 600 33439 310 26 34
888 986 529 34785 291 21 39
445 583 350 14130 239 22 37
503 257 444 14261 207 23 37
938 745 620 36637 296 38 50
352 802 273 10530 155 27 27
410 246 373 12268 166 22 26
393 488 291 10469 197 6 28
319 2 250 9388 157 5 32
583 757 368 17364 194 8 25
401 679 358 12128 208 23 41
299 424 218 9081 206 11 24
558 842 438 16205 222 22 37
806 447 419 31140 286 36 42
67 544 83 1379 94 5 28
477 338 391 13314 248 25 28
930 94 495 35176 357 45 49
190 202 183 6410 164 8 31
36 410 74 673 51 5 5
976 623 482 45543 323 35 35
293 575 231 9590 202 11 28
580 369 362 23133 235 10 44
593 650 498 17505 269 24 32
14 766 37 345 40 5 6
406 113 347 13328 172 24 39
7 454 26 195 23 13 25
275 506 232 8338 168 25 40
142 120 187 3598 122 8 23
987 469 548 35072 314 42 37
445 709 279 14009 237 31 39
222 657 243 5706 156 5 19
509 727 427 15630 252 28 21
897 702 485 40202 291 25 52
172 32 155 4094 128 5 28
124 918 179 3103 102 18 30
28 920 49 524 49 5 25
144 21 178 4037 138 5 21
459 680 366 13109 199 24 39
270 409 258 9920 184 25 38
161 393 150 5045 138 14 36
708 747 383 25793 271 23 27
577 425 331 22542 241 27 19
81 259 100 1658 77 10 13
805 756 410 32538 233 35 57
193 788 172 4555 151 13 20
814 469 489 34314 284 39 29
232 716 188 7158 145 5 18
829 697 562 31875 276 38 43
637 875 512 22463 270 10 33
757 724 570 28720 318 27 30
260 369 209 6925 174 17 32
585 2 382 19653 262 17 47
32 850 73 778 61 5 23
554 269 349 17330 259 24 38
178 775 187 5678 108 5 25
893 97 456 39415 339 22 38
707 574 443 22005 296 27 33
893 29 556 33456 274 43 37
367 496 263 13726 228 21 43
91 580 136 2644 102 15 25
906 989 503 34445 330 44 30
384 279 364 12089 173 28 36
749 538 507 22977 276 17 28
916 203 607 34121 320 30 45
537 888 352 21158 189 32 40
710 487 543 28146 307 21 50
996 167 554 36647 310 33 49
363 345 336 12843 181 20 42
608 850 469 25996 281 35 38
628 961 511 20888 270 34 27
706 764 436 28481 246 23 26
328 62 258 12395 147 5 40
783 929 491 33655 284 29 41
231 208 201 6682 147 16 13
425 891 287 14512 181 28 20
482 388 294 19419 231 22 18
372 158 342 11350 159 17 16
912 528 587 39690 255 45 54
577 507 376 22603 194 17 33
330 692 279 11983 149 5 32
699 215 493 21508 308 37 33
441 16 308 15873 216 7 24
676 46 368 24926 213 17 22
960 458 467 31617 282 28 52
488 215 415 16131 188 24 25
977 397 672 33384 254 26 39
832 562 473 36660 297 25 41
2 323 10 128 14 5 18
329 948 326 8503 194 20 24
402 221 336 13959 211 8 22
517 509 317 15728 258 18 41
698 260 421 21027 216 18 40
751 83 474 32857 251 16 47
83 560 104 1838 74 6 28
597 918 501 18121 286 17 35
335 169 263 12501 181 17 40
419 38 370 15558 166 22 33
939 172 560 38509 323 37 37
242 535 277 8277 149 23 16
352 568 269 9985 180 20 24
322 85 335 9592 152 22 20
98 814 114 2477 108 17 29
982 361 567 32200 280 20 32
261 691 255 7608 138 7 33
151 232 164 4706 139 5 12
44 22 86 1048 55 5 17
950 541 653 41429 331 31 43
663 330 508 20942 306 30 25
229 244 262 5671 174 9 24
371 158 279 12280 198 10 29
438 883 366 14806 180 7 18
638 763 411 25951 208 30 26
273 562 238 8048 145 5 30
548 896 403 20986 235 26 44
964 581 552 39828 276 21 58
619 6 479 24026 294 28 30
51 953 94 1020 70 5 11
383 965 254 14443 168 12 37
870 100 543 28822 273 30 47
242 28 230 7054 171 10 26
612 605 467 21634 248 27 30
487 739 420 14976 201 15 46
424 791 282 15881 225 17 44
344 807 333 12309 190 21 40
939 492 650 43658 297 37 45
703 511 425 25996 228 28 53
227 22 208 7618 148 14 37
116 376 162 2484 98 5 22
575 776 328 22689 276 20 21
531 767 370 21854 197 24 17
132 255 140 3118 93 8 24
925 608 656 37576 279 23 51
387 953 288 15001 223 7 32
578 842 387 23784 243 21 35
508 435 379 21215 194 14 41
190 909 235 6110 132 5 30
583 827 395 20753 252 32 44
586 158 343 20329 289 18 38
44 786 81 1041 77 5 21
440 58 329 17748 245 10 27
895 401 598 30213 264 30 38
372 492 282 10856 216 5 33
489 652 318 17419 199 19 41
924 989 596 29901 345 39 56
583 898 344 21776 224 25 31
729 382 390 30219 283 27 25
939 804 593 34435 281 30 50
190 405 222 5026 145 5 38
597 3 464 25763 214 16 31
88 351 106 2387 81 5 7
176 151 210 5241 135 5 13
235 244 200 6342 181 17 23
36 718 69 988 68 5 28
58 359 98 1228 64 5 6
582 652 377 25031 281 8 38
79 318 128 1675 102 5 12
177 2 198 5544 106 5 24
748 851 556 31484 249 17 31
415 53 396 16347 174 24 36
910 341 452 41140 289 26 43
777 839 449 29387 278 22 46
199 918 196 5708 143 5 14
796 486 534 33867 336 38 37
965 381 607 45214 345 26 49
328 721 316 11649 166 5 40
704 162 544 26848 244 23 42
184 372 207 6294 118 5 20
863 61 424 39282 237 25 49
270 166 203 8824 171 19 13
640 29 355 25829 292 13 47
857 953 448 27028 333 19 45
456 1 419 15572 246 21 34
536 207 445 17227 266 28 45
315 164 301 11731 155 12 19
888 653 599 27849 316 35 36
430 826 368 16672 214 19 26
908 24 551 29195 243 32 57
10 286 35 217 33 5 5
298 645 258 11126 180 5 20
451 442 416 12450 207 5 44
215 404 255 7246 120 9 16
652 892 498 25995 299 27 49
345 138 329 12588 149 5 19
773 140 448 32814 308 16 46
430 493 338 16716 193 22 31
649 479 417 22272 276 35 46
303 783 301 11066 141 6 24
743 42 437 31541 298 12 48
813 265 409 27204 304 37 27
199 655 234 5966 153 5 17
686 610 487 27464 294 22 43
318 425 265 11829 170 5 22
86 218 136 1993 101 16 18
134 418 181 3498 106 5 26
404 345 379 12084 207 20 34
423 145 327 14801 173 25 34
898 494 583 33822 248 38 42
169 320 214 5752 139 12 19
843 592 438 32605 261 25 35
105 952 162 2847 115 12 4
712 842 415 25008 222 17 35
818 52 484 33792 334 34 40
926 624 537 33691 259 40 47
251 440 277 8283 136 21 11
866 188 459 32927 294 18 34
535 422 447 20507 190 18 23
331 264 298 12687 149 19 29
138 704 149 3176 134 12 25
513 634 454 19078 197 22 20
486 932 311 14782 224 16 29
645 528 499 19581 284 30 36
121 807 141 2770 119 5 31
969 505 670 45291 319 40 54
81 37 138 1693 86 5 17
255 864 209 8228 164 18 22
964 14 557 42801 258 37 39
616 822 399 25175 212 24 23
955 32 486 44158 355 43 58
559 879 435 22552 213 20 28
904 801 450 35960 314 36 58
927 681 543 31496 300 25 61
728 328 469 29150 245 22 34
670 492 480 26516 258 33 38
785 101 472 26388 319 39 29
918 905 591 36122 309 20 55
830 291 455 26909 274 39 32
322 587 238 12263 202 5 23
513 135 371 19937 188 17 36
675 968 383 25086 228 13 38
904 121 507 38110 296 26 42
182 471 169 4393 111 5 16
767 217 580 31458 293 22 30
334 729 290 9859 175 7 22
266 870 270 6846 142 6 36
490 566 336 15884 182 22 29
154 740 185 3508 131 15 23
767 257 545 26257 298 13 56
651 154 425 23234 226 36 52
296 158 241 8097 175 20 19
857 437 430 32729 329 25 50
369 579 297 12584 209 22 33
930 176 662 41430 293 45 46
311 704 283 10533 178 24 19
967 962 608 42698 289 31 32
718 746 475 24014 312 19 53
537 77 424 20739 264 18 47
833 168 498 26917 244 36 46
179 652 198 5332 116 18 28
114 315 123 3476 91 8 28
853 293 537 30066 315 18 41
536 733 430 15570 261 13 18
947 295 509 44282 367 30 58
305 77 269 8039 190 6 23
282 543 274 7593 198 13 14
399 579 297 10895 222 22 29
866 980 475 36122 248 17 31
821 958 580 32238 252 35 30
870 527 460 37612 296 38 47
678 229 517 29249 279 12 26
812 278 589 28640 330 18 34
12 353 39 351 39 5 15
649 979 419 25831 237 35 51
44 942 91 1115 58 5 4
247 138 234 6651 139 7 27
455 105 282 13366 230 27 21
271 5 246 8352 162 5 19
611 906 441 23249 285 25 22
54 207 101 1119 65 5 20
817 578 558 36010 268 15 45
350 671 311 12270 219 26 12
369 992 305 11721 203 5 14
813 410 574 26204 335 20 37
348 8 306 11153 204 8 19
114 209 162 3564 96 10 34
66 428 119 1779 75 8 32
611 818 371 25738 286 8 39
336 980 265 12323 192 27 20
658 633 440 23471 283 10 43
594 722 488 18717 272 30 23
980 171 595 38924 331 26 57
877 924 472 38164 268 41 50
855 554 553 27803 282 39 56
192 935 227 5212 121 12 17
357 939 286 11163 169 15 27
196 792 224 5051 119 17 32
639 199 489 23475 202 25 50
894 992 518 33742 330 40 46
944 416 585 38609 262 23 32
947 899 468 30856 303 41 59
801 875 460 31926 314 14 50
979 90 628 44244 353 20 42
349 998 336 9372 174 5 30
813 758 568 33985 232 21 27
316 276 253 10604 160 5 31
198 473 220 5207 132 5 38
89 563 143 2420 86 13 22
850 761 565 34838 256 35 32
362 890 244 11631 185 28 21
136 813 180 4312 102 5 28
499 999 311 16072 241 19 32
9 430 31 248 27 5 32
420 326 317 15977 229 17 33
270 855 207 7147 142 10 31
7 999 23 189 26 10 19
933 68 544 39045 248 29 40
951 981 581 32063 255 40 62
784 737 467 25358 318 14 44
980 985 585 32500 367 46 58
512 473 446 21324 263 12 37
945 664 534 33025 351 44 43
691 703 417 22541 251 16 54
255 576 280 7166 132 10 21
688 737 418 24168 257 30 43
177 668 209 5480 125 8 30
705 886 524 30979 315 25 47
568 52 452 22780 229 32 20
451 140 343 16986 189 16 23
496 691 404 14782 265 20 20
474 306 365 19262 221 21 23
646 460 467 25702 261 9 30
682 970 413 25380 241 33 30
1000 717 636 35051 256 21 48
24 668 60 651 47 5 32
150 29 165 4921 123 8 7
866 919 439 38992 328 16 49
27 776 61 730 44 5 18
557 86 367 23678 228 10 38
780 497 570 31777 276 37 34
840 868 495 36576 239 17 44
405 679 351 12842 226 12 25
1000 99 571 34803 265 42 37
145 467 196 3798 133 5 19
301 162 246 9558 192 5 37
528 875 374 19635 248 15 30
674 810 469 29831 219 30 36
128 540 148 3797 95 11 11
415 744 380 12779 212 11 42
851 737 587 31823 299 17 37
58 774 107 1155 80 6 13
940 88 609 35452 255 24 59
636 2 518 24430 258 21 21
317 306 282 10051 168 12 17
289 562 219 10653 145 13 36
610 905 391 25636 285 16 38
21 895 54 464 39 5 22
289 794 298 8218 154 10 29
713 656 431 24832 305 13 33
