29
41
25
10
24
10
1
506
911
911
1432
987
813 575 501 31096 334 6 450
48 18 72 1296 73 5 322
691 713 507 23438 237 6 287
267 454 234 7225 148 5 396
157 689 165 5228 129 5 282
736 693 535 26303 286 6 404
196 856 227 5556 167 5 183
256 26 288 7834 167 5 384
304 683 234 10663 163 5 304
46 628 95 1024 59 5 297
101 63 153 2953 101 5 117
627 323 467 21664 245 5 397
604 230 466 19658 294 5 367
37 271 70 993 60 5 70
515 530 326 19275 189 5 386
356 848 262 10399 204 5 160
345 894 256 12989 166 5 397
677 45 422 25026 260 6 422
328 335 300 9139 194 5 279
798 141 529 31213 241 6 537
765 736 526 29008 321 6 551
708 803 463 30883 305 6 403
170 697 171 4371 127 5 244
12 126 29 331 40 5 41
840 495 508 37797 256 7 611
751 25 496 29554 239 6 445
279 276 291 9959 142 5 112
277 234 224 8129 175 5 283
285 367 294 9911 163 5 213
251 532 268 7730 167 5 265
638 671 360 21539 251 6 281
739 56 550 25258 232 6 497
510 592 348 14929 269 5 279
594 66 453 24561 223 5 393
639 810 366 27231 293 6 414
705 840 475 26998 279 6 492
130 869 175 3963 114 5 296
422 803 331 12425 218 5 196
377 635 267 11724 196 5 350
30 657 61 809 46 5 69
283 547 212 9282 172 5 416
131 498 168 4089 99 5 94
626 391 437 18269 284 5 467
103 650 142 2903 119 5 127
70 679 98 1549 72 5 172
835 484 611 37104 343 7 609
335 408 273 9846 208 5 365
459 391 297 12950 252 5 186
379 95 367 14509 228 5 423
389 602 381 12538 225 5 347
572 718 475 24035 227 5 261
796 555 479 32707 229 6 312
500 46 410 17903 182 5 203
386 279 286 14106 178 5 172
529 751 351 22267 263 5 247
79 416 124 2260 98 5 117
612 109 493 20047 222 5 303
584 813 423 23314 213 5 343
894 630 638 33089 286 7 548
239 293 225 7678 130 5 288
97 589 134 2263 84 5 97
794 337 597 29701 285 6 444
254 478 218 6570 148 5 205
865 143 514 27121 332 7 547
166 781 219 4203 113 5 218
338 649 291 9390 163 5 188
860 44 587 30702 337 7 334
855 666 599 31165 282 7 467
783 195 448 35687 297 6 456
487 81 318 15882 191 5 449
276 27 293 8952 184 5 337
633 194 372 22653 223 5 488
901 882 585 32257 279 7 323
369 11 367 13846 218 5 278
369 769 293 12400 164 5 404
885 50 589 32403 348 7 391
103 623 138 2897 104 5 242
850 629 615 27296 250 7 312
213 856 206 7479 134 5 265
117 275 159 2903 127 5 48
465 827 355 17062 230 5 463
0 120 1 105 1 5 159
819 47 516 35165 291 6 428
859 391 573 27895 341 7 568
86 411 105 2505 106 5 115
583 708 466 24752 244 5 332
451 877 375 14856 243 5 223
325 716 241 8498 174 5 339
323 489 314 10447 181 5 237
742 242 494 26359 262 6 469
462 332 385 13798 196 5 301
502 296 321 17648 201 5 195
150 312 162 4734 115 5 175
721 347 439 27311 280 6 544
470 423 302 17400 242 5 389
24 333 59 477 47 5 295
395 360 338 15466 200 5 146
105 249 148 2762 93 5 157
850 179 555 34043 240 7 617
161 877 168 3739 103 5 307
203 693 210 5363 121 5 283
196 823 227 6119 166 5 361
126 694 134 2942 97 5 118
124 845 139 3160 89 5 249
219 716 205 5433 150 5 166
265 38 291 7968 149 5 380
428 615 280 13277 207 5 296
397 7 382 14860 170 5 409
250 505 227 9110 143 5 320
316 666 317 8413 207 5 369
540 57 315 19026 194 5 212
227 898 233 6810 141 5 299
821 601 563 35855 325 7 370
521 756 430 18179 200 5 489
312 505 313 9130 181 5 151
185 824 190 6075 127 5 103
558 784 356 17455 278 5 509
434 346 303 17625 189 5 442
252 834 217 8027 144 5 159
649 458 518 21341 277 6 251
300 393 305 10972 157 5 368
438 596 282 13228 193 5 210
452 638 373 17549 194 5 185
393 272 264 12601 234 5 235
182 511 231 4992 148 5 332
185 137 176 6013 126 5 292
488 893 388 14910 261 5 286
487 732 377 16318 187 5 428
227 260 201 7540 153 5 320
616 4 438 22499 283 5 275
91 847 148 2203 89 5 273
661 265 463 21308 268 6 321
389 99 283 12553 162 5 248
336 586 332 9769 169 5 173
89 186 106 2223 110 5 234
535 115 449 17091 258 5 213
818 112 432 25957 263 6 448
3 266 13 118 19 5 106
797 93 588 33181 326 6 415
269 889 248 8259 150 5 410
246 290 239 8457 140 5 205
811 726 495 35606 299 6 354
836 94 585 26171 336 7 612
226 272 227 6849 145 5 192
81 232 126 1662 106 5 157
623 346 512 23745 274 5 318
580 69 466 22564 242 5 296
468 519 307 14595 186 5 391
548 423 322 16781 220 5 224
49 230 74 1023 57 5 180
824 636 600 35655 334 7 463
715 531 407 21512 248 6 527
199 360 240 6725 122 5 373
521 489 349 15080 247 5 339
109 641 133 2584 91 5 179
405 424 306 13673 208 5 174
790 246 554 29658 311 6 365
402 182 378 12256 173 5 247
165 67 193 5207 148 5 99
854 879 622 27462 234 7 518
257 679 250 6388 150 5 108
395 244 330 14136 188 5 233
644 91 451 20244 286 6 340
751 580 519 30962 286 6 508
347 243 304 9471 174 5 259
414 371 303 13950 239 5 416
329 306 289 12140 178 5 389
371 414 289 12507 160 5 447
344 356 320 9432 209 5 148
38 554 65 855 60 5 273
413 133 279 15113 177 5 177
76 795 116 1832 93 5 101
174 870 206 5827 140 5 128
757 389 426 23428 300 6 402
863 145 517 32750 254 7 437
704 821 432 25603 285 6 436
310 307 308 8879 198 5 188
181 845 221 4582 146 5 68
420 836 383 14947 242 5 250
469 489 329 14384 205 5 470
515 590 400 16579 195 5 480
904 614 442 39876 242 7 557
369 201 296 14549 224 5 215
82 646 131 2067 92 5 102
668 836 398 22785 288 6 353
794 298 587 28521 293 6 299
706 352 496 22634 217 6 476
177 128 179 4956 108 5 298
410 63 301 14513 204 5 436
278 738 276 10167 161 5 343
777 309 575 29601 299 6 458
321 661 280 11584 147 5 171
580 638 474 21466 227 5 227
790 750 429 32510 306 6 331
720 242 387 30511 234 6 338
895 551 524 29299 306 7 450
495 23 415 14913 201 5 243
507 254 426 16240 189 5 266
2 260 11 125 13 5 257
572 695 443 21812 272 5 376
41 777 73 1011 64 5 125
80 649 133 1980 97 5 98
44 481 67 1046 61 5 261
408 673 375 13662 189 5 407
335 35 284 11685 196 5 343
824 494 432 26728 343 7 520
446 88 333 17742 173 5 422
485 370 325 16570 225 5 399
291 291 276 7979 181 5 243
326 841 292 10166 164 5 205
379 8 357 13414 231 5 261
869 564 591 28629 320 7 553
211 38 245 6515 163 5 299
441 766 285 14533 221 5 285
272 304 220 9541 162 5 230
535 29 400 17534 251 5 195
556 16 419 22116 242 5 322
98 693 131 2426 105 5 86
293 54 218 10900 199 5 390
692 167 396 22967 265 6 536
828 780 491 25698 300 7 490
271 399 286 7923 189 5 297
721 46 496 26120 222 6 266
158 380 171 3941 113 5 60
845 223 436 27452 252 7 598
26 148 55 547 41 5 174
884 422 644 39702 305 7 579
540 239 365 16363 243 5 367
807 8 554 24953 268 6 600
761 582 548 23246 232 6 470
165 265 169 5511 119 5 137
150 690 156 4828 136 5 246
142 420 196 4000 118 5 84
773 686 529 29430 308 6 394
210 513 172 5469 138 5 276
143 578 178 3303 126 5 156
46 151 69 1063 55 5 299
534 166 407 22251 254 5 208
724 501 504 27835 306 6 515
831 489 503 30761 248 7 392
908 54 442 32025 304 7 402
185 834 229 6309 132 5 200
505 126 319 16651 249 5 327
138 822 150 4533 112 5 206
416 138 290 11312 197 5 227
439 402 391 15838 170 5 427
27 678 48 713 51 5 268
806 543 461 26857 281 6 415
783 497 462 26564 258 6 587
100 612 118 2838 92 5 45
496 816 381 19171 232 5 257
220 117 199 5861 119 5 313
497 52 395 16952 245 5 249
748 820 499 22819 305 6 473
598 513 442 24178 276 5 498
507 304 394 19068 217 5 398
509 270 403 20214 217 5 231
603 394 377 23198 234 5 493
652 574 525 28323 272 6 549
116 477 126 2825 106 5 42
470 561 293 15100 211 5 443
515 476 322 14497 226 5 217
181 498 171 4224 107 5 157
458 798 314 14207 180 5 347
545 472 418 16766 201 5 354
244 194 265 6382 161 5 316
818 224 496 28962 318 6 433
204 4 225 4885 120 5 127
178 720 199 4184 138 5 174
895 770 649 38480 297 7 459
685 751 525 28460 301 6 337
74 249 96 1559 100 5 335
164 371 207 5508 122 5 303
359 638 249 10238 173 5 328
890 275 601 28555 273 7 565
396 189 315 10946 183 5 195
219 439 208 6113 136 5 323
673 768 424 25201 230 6 412
249 331 286 6189 133 5 267
794 474 467 30520 304 6 527
620 24 435 23000 293 5 487
741 788 527 29983 279 6 303
43 422 68 914 54 5 302
432 107 300 15722 227 5 424
178 653 192 5311 114 5 196
127 706 183 2878 105 5 151
189 36 208 4688 159 5 141
520 54 309 14759 196 5 247
776 338 552 32613 271 6 474
32 741 61 743 62 5 152
531 761 387 17957 201 5 465
522 575 402 17902 258 5 335
38 60 77 935 69 5 253
193 34 239 6152 156 5 372
777 67 456 24135 323 6 412
178 592 182 5740 156 5 323
90 781 144 2210 108 5 284
533 214 384 18104 189 5 283
784 657 467 34502 299 6 344
189 440 212 6340 161 5 116
335 866 293 12826 193 5 198
390 219 290 14429 183 5 194
764 901 587 27874 261 6 447
30 535 71 703 49 5 176
825 385 420 26783 289 7 376
30 519 62 593 48 5 11
696 520 498 24512 286 6 482
710 294 398 23317 228 6 512
373 558 301 9946 173 5 395
472 877 353 15872 231 5 444
769 729 479 33514 241 6 581
476 785 405 15015 247 5 306
696 378 406 26707 263 6 251
249 6 260 6836 170 5 350
267 232 232 8735 147 5 200
340 240 306 9255 193 5 215
153 367 152 4513 105 5 138
317 10 227 10295 182 5 395
832 119 415 32421 252 7 294
424 6 319 13303 183 5 401
364 433 349 9990 214 5 291
515 640 360 17632 242 5 300
367 228 357 12839 213 5 389
160 311 173 4862 118 5 64
834 872 596 33910 316 7 501
568 480 363 20959 197 5 342
26 785 47 494 47 5 103
139 409 151 3882 113 5 158
352 800 288 13190 155 5 367
546 382 407 18649 211 5 271
832 62 431 26578 257 7 560
499 808 389 20596 202 5 259
617 601 492 26422 275 5 310
64 467 90 1539 64 5 279
458 36 297 15072 190 5 367
425 266 335 11989 185 5 384
714 823 547 22470 235 6 305
887 317 608 39323 276 7 564
786 432 501 28358 315 6 279
93 857 127 2395 93 5 215
2 537 8 108 16 5 53
689 901 393 21832 251 6 414
620 242 367 19792 207 5 259
63 714 81 1529 89 5 136
55 432 83 1582 75 5 268
97 403 133 2595 84 5 307
719 414 525 29952 277 6 263
594 752 496 23490 230 5 313
894 504 634 40360 242 7 522
333 390 300 10336 153 5 277
99 145 142 2243 83 5 115
196 22 227 5568 153 5 113
709 489 487 30457 311 6 368
125 816 148 3585 96 5 97
73 170 104 1484 85 5 76
556 330 383 23168 190 5 222
592 227 412 18235 289 5 214
266 750 278 7627 158 5 179
585 498 373 25018 245 5 276
174 633 219 4787 114 5 279
228 331 223 6819 143 5 127
640 909 477 19436 243 6 251
166 97 151 4315 127 5 299
559 347 398 23234 247 5 492
371 162 253 12301 201 5 442
664 233 506 27159 236 6 446
49 380 85 1348 69 5 107
427 547 310 15745 240 5 293
817 291 479 31862 238 6 561
222 773 201 7687 166 5 371
267 897 270 9210 172 5 384
182 860 190 4267 124 5 328
95 158 150 2302 106 5 246
54 709 97 1544 75 5 26
270 388 280 9465 147 5 218
633 870 430 23113 281 5 384
476 134 341 15694 193 5 408
898 800 475 41069 254 7 567
306 404 250 8658 159 5 279
556 233 409 18243 246 5 207
321 670 240 10095 207 5 316
771 86 506 31128 268 6 491
757 202 471 24224 273 6 409
124 403 149 3935 103 5 66
911 89 477 35335 279 7 375
734 245 534 22076 235 6 313
561 569 394 18716 259 5 356
591 663 348 21520 230 5 287
731 634 514 24498 280 6 446
856 423 592 29580 263 7 501
253 712 207 6375 181 5 173
181 352 180 5731 133 5 273
371 181 310 11221 187 5 169
910 850 639 41376 288 7 478
444 45 394 17390 178 5 336
891 432 445 38717 258 7 626
115 791 166 2520 91 5 291
38 479 83 773 63 5 306
716 93 558 22292 267 6 418
685 194 422 28030 283 6 416
761 125 490 29307 260 6 361
231 388 249 6959 123 5 150
767 359 587 27456 304 6 307
74 702 89 2219 81 5 167
901 46 483 37485 289 7 459
526 219 451 14972 203 5 389
442 804 306 15271 193 5 364
447 556 414 13615 246 5 180
214 850 179 7508 166 5 84
511 218 303 18742 190 5 381
493 587 411 15233 186 5 253
484 418 357 16029 246 5 486
128 394 178 2798 98 5 239
236 215 222 6992 142 5 246
613 84 483 19681 213 5 464
529 600 416 15762 232 5 469
35 38 67 669 52 5 84
726 753 386 29530 258 6 291
204 283 210 5046 141 5 239
500 396 381 14201 252 5 462
262 173 219 9676 173 5 356
552 219 379 20559 251 5 365
114 179 151 3291 125 5 246
162 641 192 4599 136 5 296
761 118 543 26208 282 6 305
502 664 344 19588 250 5 474
895 635 463 36707 277 7 315
860 893 606 36746 257 7 331
230 513 238 5582 134 5 212
325 808 260 12363 183 5 171
760 625 434 25308 320 6 399
226 443 245 7842 144 5 360
663 748 488 26122 218 6 485
515 210 367 17978 202 5 379
117 182 137 2816 101 5 188
175 333 167 4265 105 5 73
725 11 492 32219 217 6 477
151 880 139 3622 127 5 109
684 163 376 21987 237 6 241
386 229 281 14740 227 5 210
79 400 113 1607 94 5 146
15 416 36 400 38 5 23
505 305 432 18407 244 5 253
405 339 261 13948 181 5 321
35 799 70 807 70 5 284
664 146 440 21694 249 6 302
10 3 36 285 35 5 136
475 815 355 19571 242 5 259
115 347 129 2766 90 5 172
18 455 52 421 42 5 281
229 678 184 6628 155 5 327
199 6 174 5448 141 5 130
17 422 41 388 36 5 268
246 867 246 7385 137 5 309
87 29 121 2623 104 5 277
466 825 321 16541 218 5 173
894 616 465 35060 332 7 391
372 400 340 13763 230 5 192
893 391 468 41618 279 7 482
74 71 94 1532 71 5 195
352 437 283 11945 184 5 269
861 71 625 35643 237 7 348
368 100 350 9996 167 5 277
394 278 288 12193 207 5 365
499 43 315 17660 179 5 234
665 729 525 24336 275 6 496
104 656 162 2688 119 5 229
402 196 318 13028 166 5 247
826 131 459 33508 256 7 412
501 132 345 19973 217 5 261
32 520 54 741 60 5 303
574 672 387 23105 223 5 280
382 27 292 11895 233 5 396
76 714 113 2056 103 5 34
53 299 104 1171 87 5 82
232 810 216 8345 128 5 287
425 731 303 15776 199 5 458
365 898 317 10116 198 5 323
522 112 456 19899 264 5 293
891 362 494 40049 259 7 516
451 192 387 16950 208 5 308
318 243 234 11684 169 5 413
115 843 138 3343 110 5 225
194 433 189 4590 149 5 187
377 81 352 10971 198 5 370
618 300 507 26225 244 5 354
208 220 231 5430 144 5 268
238 159 214 7841 173 5 278
789 170 451 26893 296 6 329
11 626 35 270 35 5 267
208 98 187 6911 163 5 259
344 454 285 10161 178 5 283
886 624 482 32703 344 7 390
814 309 412 27837 301 6 500
518 230 378 17757 182 5 380
713 435 481 30821 216 6 525
190 870 186 4457 125 5 332
552 804 459 22498 203 5 408
765 686 414 24496 234 6 518
825 12 552 33558 290 7 601
908 103 529 32446 286 7 608
876 434 432 29749 271 7 499
422 614 298 13484 236 5 316
211 289 208 7301 133 5 217
279 375 264 9950 166 5 390
724 896 503 22450 281 6 446
368 498 341 10345 183 5 304
822 367 510 37123 301 7 370
772 27 451 31373 302 6 546
106 282 156 3177 107 5 43
353 224 305 11210 161 5 256
443 808 360 13522 181 5 158
613 201 463 26570 227 5 350
176 183 170 5466 152 5 132
733 537 396 31773 226 6 371
297 569 217 9890 147 5 321
90 249 119 2134 100 5 299
854 782 614 31798 268 7 515
290 674 216 8064 190 5 337
270 482 226 8777 179 5 204
861 793 626 30720 252 7 418
487 435 326 13750 234 5 241
341 210 286 8996 154 5 311
616 488 403 19956 246 5 383
684 24 394 23988 244 6 519
517 657 443 16002 248 5 300
142 170 166 3991 131 5 346
367 123 314 12778 157 5 428
232 867 263 7953 175 5 135
77 558 111 1959 94 5 102
410 638 356 15019 242 5 234
778 205 424 26544 250 6 479
724 540 512 28297 239 6 482
26 592 58 639 60 5 75
748 392 565 28958 243 6 286
680 646 474 23595 282 6 367
403 444 334 11549 219 5 451
573 64 332 22257 284 5 487
374 124 352 13719 173 5 314
889 857 567 40152 273 7 418
562 102 404 23273 235 5 378
436 156 385 14243 208 5 344
834 239 547 38376 271 7 598
902 351 557 37162 295 7 551
514 603 412 15117 250 5 356
734 820 443 31812 233 6 557
396 1 339 11768 216 5 324
731 854 422 32620 305 6 521
173 431 163 5529 115 5 205
649 620 437 24335 207 6 413
831 537 587 37428 316 7 435
733 884 548 25778 305 6 404
153 190 181 4971 107 5 230
779 282 566 24120 249 6 488
340 93 348 10581 194 5 315
716 429 425 25875 281 6 455
471 27 308 13507 251 5 270
860 34 626 36882 257 7 597
272 430 255 9169 169 5 390
225 374 193 8089 154 5 360
216 535 217 6407 170 5 367
378 557 286 10282 162 5 312
779 743 493 32238 230 6 434
446 272 321 17170 198 5 370
240 372 274 8366 154 5 144
693 840 501 25991 220 6 394
579 200 443 21835 248 5 237
59 291 106 1340 76 5 256
355 100 248 13578 176 5 261
640 895 455 23494 264 6 475
81 670 134 2170 97 5 296
563 97 473 23379 190 5 487
433 364 377 16702 173 5 203
19 679 39 442 36 5 116
557 543 364 16254 247 5 254
460 389 291 17872 223 5 179
362 87 349 13640 176 5 170
438 685 408 14697 184 5 330
638 707 510 27686 296 6 227
764 719 516 28311 229 6 475
352 487 287 9712 194 5 274
428 244 282 12925 183 5 317
276 580 223 9261 158 5 395
581 80 379 22349 213 5 369
861 379 535 28245 334 7 464
13 552 33 277 37 5 34
883 563 586 35854 258 7 513
339 629 255 11927 164 5 177
595 290 400 23567 251 5 356
377 836 364 10337 204 5 417
795 642 460 34068 271 6 320
118 369 160 2682 106 5 335
818 720 536 29418 305 6 583
767 784 427 24046 233 6 270
869 383 433 27081 311 7 318
223 414 223 7792 126 5 176
770 730 545 33978 318 6 285
600 563 361 19329 226 5 374
203 194 249 6656 140 5 303
580 207 386 22101 201 5 505
403 803 341 12087 239 5 403
587 197 409 24969 261 5 450
10 768 26 212 30 5 280
77 249 104 1773 101 5 342
754 388 455 26390 327 6 318
598 346 362 25417 288 5 327
259 885 283 6859 142 5 137
366 807 365 9794 157 5 140
565 745 426 23916 217 5 495
402 902 305 15307 170 5 224
281 532 214 10297 148 5 374
768 207 484 26937 304 6 312
832 121 445 31582 288 7 454
804 89 590 35223 273 6 391
222 746 184 7231 158 5 281
37 390 75 772 49 5 235
543 572 369 19074 264 5 222
425 705 357 14159 244 5 300
311 75 319 9468 145 5 212
223 492 180 6638 163 5 302
58 255 108 1209 75 5 69
648 721 421 26200 267 6 366
215 117 213 7087 168 5 310
366 844 252 14116 173 5 267
111 518 159 2856 95 5 291
49 452 99 1339 70 5 322
412 157 337 11562 208 5 413
272 249 270 9261 186 5 254
300 377 270 10893 171 5 301
817 653 466 30203 298 6 359
578 711 483 19433 277 5 464
296 849 214 10239 192 5 395
611 514 381 20559 215 5 525
719 146 438 24400 255 6 535
273 676 275 7858 191 5 200
707 352 501 24497 281 6 450
84 341 117 2108 99 5 303
200 298 236 6976 125 5 108
832 335 468 35181 314 7 506
640 39 362 23355 260 6 232
172 616 205 4246 149 5 196
897 755 443 40325 246 7 549
256 626 281 7312 155 5 181
525 643 338 18241 201 5 437
14 423 44 387 43 5 314
76 794 116 2136 88 5 132
821 738 513 37136 286 7 478
744 121 459 25324 322 6 387
503 536 333 18308 201 5 321
575 878 449 16950 208 5 417
680 343 406 24984 311 6 441
359 82 346 14091 208 5 220
400 201 360 13756 215 5 199
84 828 106 2173 100 5 289
277 358 267 9584 146 5 368
280 597 258 10149 188 5 135
48 36 78 1221 73 5 184
97 98 135 2118 91 5 98
113 692 137 2942 87 5 335
568 0 484 16710 266 5 295
358 456 298 11698 202 5 422
242 690 268 7172 176 5 359
386 636 324 14247 175 5 400
808 334 599 25961 289 6 356
779 259 445 33035 265 6 506
527 771 424 21090 192 5 259
842 736 495 29033 286 7 583
685 29 376 25124 275 6 352
4 188 15 173 16 5 274
610 545 356 24854 250 5 288
252 25 259 6449 163 5 173
215 3 241 7368 170 5 166
88 859 101 1909 84 5 177
859 562 607 30180 256 7 554
879 908 565 27852 262 7 330
208 788 205 7286 151 5 275
547 525 456 22768 202 5 464
899 56 553 36679 250 7 453
109 151 149 2315 119 5 298
689 312 528 24392 260 6 374
544 426 467 21884 278 5 453
345 522 251 12768 177 5 236
731 254 407 28012 303 6 446
471 359 364 13567 186 5 207
702 105 504 25758 238 6 508
224 59 184 6326 151 5 205
644 680 505 23588 298 6 342
843 329 418 33235 268 7 591
512 841 373 17910 194 5 203
624 415 474 22900 239 5 353
805 520 459 30508 243 6 343
787 213 532 27617 269 6 488
653 681 431 24348 289 6 253
219 220 196 5639 119 5 100
631 675 503 24995 300 5 223
156 567 180 3849 119 5 231
47 642 67 995 80 5 302
654 159 519 21517 255 6 486
52 63 86 1119 84 5 260
248 60 232 8897 163 5 377
235 206 271 6145 138 5 277
892 906 643 34327 281 7 512
518 48 338 19491 207 5 453
128 710 133 3324 101 5 56
72 677 106 1743 90 5 204
851 35 501 29656 345 7 374
155 544 203 4966 124 5 178
315 83 330 10456 203 5 322
659 834 390 21239 206 6 396
889 680 480 32838 264 7 400
519 717 363 19667 245 5 439
865 56 480 38562 244 7 325
344 836 248 11553 152 5 412
697 347 470 25322 279 6 540
662 682 445 24168 292 6 376
663 496 489 29024 305 6 527
691 95 548 23121 232 6 529
544 467 423 20351 232 5 273
902 146 616 31966 280 7 552
348 581 258 9773 172 5 246
735 311 527 28897 306 6 558
200 513 240 6645 148 5 124
127 604 157 3237 127 5 238
816 697 563 36820 236 6 306
688 829 384 26661 252 6 314
188 55 161 5973 120 5 76
681 310 392 22187 248 6 387
288 882 298 10298 141 5 395
484 285 427 19586 239 5 329
85 805 120 2056 88 5 31
729 619 386 27210 297 6 499
523 271 347 19670 226 5 207
896 252 436 32372 342 7 586
514 463 415 18632 268 5 434
752 209 551 25055 290 6 481
193 903 231 5746 143 5 338
68 542 113 1735 91 5 187
506 879 399 16735 216 5 394
714 129 521 22819 263 6 542
592 92 435 23054 216 5 293
32 247 70 612 51 5 267
553 87 340 21500 245 5 259
33 839 76 817 47 5 240
174 612 228 4558 121 5 336
648 744 494 22937 277 6 317
675 133 476 24336 223 6 499
92 120 126 2156 104 5 308
708 825 394 23079 297 6 383
226 22 232 6265 162 5 344
539 786 443 20970 248 5 453
750 87 399 24302 283 6 564
694 425 542 23419 211 6 448
100 382 131 2538 106 5 170
218 839 193 5233 144 5 232
629 428 392 26922 203 5 523
4 177 17 124 21 5 69
592 170 451 25029 210 5 450
900 474 482 42049 350 7 599
414 290 372 15273 183 5 306
555 121 450 17832 275 5 362
325 518 311 8553 212 5 149
614 372 485 25087 263 5 440
558 13 421 17878 268 5 203
399 584 326 13801 210 5 433
886 896 561 31316 333 7 562
105 12 144 2231 89 5 198
130 655 178 3873 103 5 253
123 390 166 3469 114 5 128
799 485 522 25725 295 6 483
143 853 143 4181 109 5 183
444 675 387 14994 202 5 184
675 507 476 20249 309 6 356
305 47 319 11365 201 5 191
354 286 328 13263 173 5 374
703 452 546 25136 316 6 392
590 714 483 22339 274 5 493
481 482 349 17350 244 5 384
78 558 132 1833 84 5 265
682 726 374 29733 288 6 481
128 492 184 3978 103 5 126
205 589 220 5592 156 5 296
537 867 460 17698 262 5 453
358 675 284 13030 204 5 337
886 16 471 30532 334 7 568
749 488 535 27746 303 6 487
299 95 236 10864 154 5 242
168 57 210 5281 116 5 253
644 666 507 19151 269 6 266
906 674 458 37130 317 7 630
473 449 317 19510 228 5 176
850 280 508 26578 336 7 606
641 586 503 24113 277 6 347
775 211 464 27792 247 6 277
632 509 351 25399 217 5 477
575 599 448 22120 248 5 267
61 707 98 1639 68 5 25
382 514 357 12602 183 5 361
524 555 325 17204 221 5 431
84 323 104 2206 85 5 133
190 665 232 5159 159 5 93
460 471 382 12688 251 5 194
293 277 253 8055 176 5 266
427 429 306 16272 221 5 196
661 157 430 26109 244 6 288
93 635 148 2227 91 5 257
171 725 199 4647 127 5 75
376 149 341 13790 186 5 296
14 776 32 399 32 5 178
64 709 95 1781 80 5 329
20 156 52 415 43 5 250
625 279 472 21391 202 5 222
3 2 12 152 19 5 320
700 299 421 25850 249 6 482
66 80 108 1927 94 5 213
676 86 457 27612 270 6 315
94 681 106 2680 99 5 351
84 520 112 2210 73 5 210
328 281 236 9673 200 5 362
806 804 552 27412 241 6 352
617 875 483 25147 259 5 339
858 718 525 29147 332 7 611
754 696 474 23020 257 6 340
636 38 455 24225 291 5 259
346 221 250 12795 169 5 321
632 222 475 23114 219 5 453
709 405 500 29163 237 6 567
199 485 203 5146 166 5 76
44 313 68 1227 70 5 51
242 678 233 6511 129 5 224
621 731 444 25884 290 5 484
289 675 308 9845 162 5 327
419 624 394 11426 184 5 408
738 228 462 23778 260 6 355
113 686 166 2726 100 5 178
245 350 254 8845 166 5 208
669 214 376 26970 280 6 336
196 565 234 6846 149 5 243
697 852 486 24449 273 6 347
357 869 353 9781 198 5 375
650 80 398 24305 282 6 333
368 678 348 13413 172 5 182
32 465 62 753 66 5 235
669 614 411 29251 231 6 467
780 84 526 33632 243 6 294
52 708 71 1168 80 5 295
1 369 6 130 11 5 93
368 495 301 11644 203 5 166
136 808 146 4277 95 5 291
784 136 423 34276 332 6 429
24 119 60 446 41 5 321
188 295 178 6506 159 5 338
27 290 61 702 53 5 155
430 650 311 14735 199 5 338
772 878 561 31120 285 6 283
146 839 162 4479 137 5 125
828 689 578 36178 278 7 426
706 316 395 26600 255 6 340
882 852 636 40722 325 7 511
440 764 409 16516 186 5 282
599 380 468 23007 222 5 481
383 573 256 12108 187 5 398
854 114 597 31941 252 7 579
747 279 497 23128 280 6 407
328 677 286 8859 159 5 323
525 233 371 19778 226 5 206
500 63 437 15867 259 5 285
137 188 185 4513 102 5 357
77 820 106 1802 102 5 188
179 907 207 4233 113 5 157
19 190 45 510 35 5 26
69 589 118 1642 85 5 106
340 183 290 12631 213 5 123
735 33 435 22974 283 6 430
45 811 76 990 54 5 296
328 208 259 10858 148 5 402
823 739 553 31829 256 7 567
74 338 119 1803 84 5 337
241 149 264 8742 145 5 112
862 288 520 32902 294 7 488
591 783 481 22778 233 5 305
676 266 380 26326 258 6 274
155 31 169 5149 109 5 150
535 835 406 21749 188 5 502
479 602 329 15219 188 5 373
39 556 80 929 59 5 101
386 741 379 11316 165 5 306
28 719 70 537 47 5 115
831 169 590 26419 241 7 496
896 729 634 30769 275 7 443
749 182 429 24859 272 6 403
51 424 95 1229 66 5 232
153 405 196 5104 119 5 222
364 428 294 13353 173 5 252
95 417 153 2558 97 5 90
834 89 613 33765 297 7 458
48 14 73 1097 76 5 188
360 479 360 11103 221 5 422
736 813 386 27132 238 6 441
748 762 450 32731 266 6 568
535 802 328 15555 255 5 355
195 199 231 4600 161 5 173
273 67 244 7323 164 5 252
673 217 512 20834 306 6 532
555 329 397 18985 247 5 221
598 262 469 18575 218 5 284
31 1 52 656 59 5 63
20 138 39 399 44 5 196
458 790 350 13640 183 5 239
409 217 268 11905 167 5 244
325 857 325 12445 199 5 349
605 70 479 21462 234 5 240
440 74 358 15741 178 5 364
276 200 300 9148 194 5 416
492 627 315 17228 241 5 231
117 150 159 3041 116 5 121
871 537 455 33890 280 7 507
417 616 301 12739 206 5 400
797 291 488 31309 318 6 484
326 81 329 10708 183 5 428
331 325 259 10888 184 5 276
703 92 523 28369 312 6 340
174 338 176 4012 116 5 181
683 555 452 22027 295 6 368
406 817 385 12358 238 5 240
165 714 190 4649 107 5 192
226 24 212 6705 148 5 128
749 34 515 24565 266 6 420
600 628 407 22675 250 5 281
351 382 328 13268 194 5 409
632 486 471 21886 261 5 444
258 112 246 8810 150 5 258
335 72 259 12375 154 5 370
448 857 396 16506 218 5 430
84 897 141 1797 74 5 221
258 555 243 6739 158 5 248
190 308 222 5700 156 5 319
386 694 379 15221 205 5 366
879 523 474 37136 355 7 385
599 74 454 18030 258 5 312
135 783 163 3598 131 5 186
834 217 524 29148 340 7 295
588 545 485 24132 202 5 421
469 358 388 15974 177 5 277
552 520 464 19273 233 5 308
480 444 332 17152 222 5 384
673 261 454 21904 258 6 393
752 718 394 32705 238 6 497
418 431 364 13835 193 5 351
908 49 456 34464 273 7 563
504 299 385 16494 227 5 417
328 737 259 8936 153 5 421
378 77 374 14487 190 5 446
492 404 344 18909 180 5 426
457 548 330 13702 194 5 219
273 176 269 7285 195 5 170
331 300 280 9652 146 5 150
44 341 75 957 57 5 172
30 803 69 799 61 5 113
904 559 536 32239 338 7 448
648 195 485 20740 247 6 360
624 384 383 23140 279 5 243
717 378 383 25763 240 6 431
507 361 301 14517 189 5 380
108 425 123 2305 104 5 326
93 535 108 2057 107 5 321
871 569 470 33173 271 7 432
511 3 324 14909 209 5 298
550 451 411 20284 257 5 436
730 193 479 30538 219 6 423
411 6 374 13591 170 5 377
391 512 278 11277 185 5 393
232 761 195 8196 129 5 268
621 855 412 22028 282 5 383
105 702 152 3133 105 5 118
238 675 217 7270 136 5 118
134 562 174 4329 108 5 61
810 510 455 32586 308 6 339
8 553 30 194 30 5 69
480 99 307 13694 196 5 436
6 413 19 217 21 5 61
889 9 644 34018 247 7 319
377 26 299 10956 192 5 337
537 314 379 22495 270 5 324
267 635 297 8238 175 5 339
32 307 65 645 57 5 44
770 579 471 34726 228 6 522
553 621 430 17016 233 5 310
