42
25
25
22
23
32
971
770
1500
1500
1515
507
397 360 680 2575 322 9 13
414 365 391 408 102 14 25
413 348 358 936 34 33 4
410 355 251 595 147 26 26
409 357 354 1239 23 30 23
416 341 431 1090 215 24 49
415 341 108 103 31 10 37
420 346 282 415 34 7 39
578 1260 598 405 66 12 6
604 1280 383 1123 243 7 13
602 1246 156 685 14 12 6
589 1246 296 1455 90 14 40
577 1250 271 299 24 31 34
578 1278 346 870 47 17 3
567 1279 110 197 22 20 29
532 601 836 1154 45 11 4
553 591 394 394 133 26 9
545 610 130 720 117 27 39
531 605 110 358 49 8 4
548 603 199 1184 111 21 11
560 609 138 298 46 29 38
529 584 370 2616 30 32 45
565 600 151 978 73 29 42
703 585 606 1866 75 28 16
732 582 461 406 68 34 8
736 580 148 237 38 5 20
719 582 144 405 23 25 3
726 561 398 1296 89 30 38
704 565 191 190 26 16 44
721 560 102 241 65 33 22
1205 1485 683 4467 39 10 36
1227 1458 356 634 49 34 26
1225 1451 408 406 102 12 24
1219 1475 398 320 41 32 47
1210 1471 277 893 33 11 1
1234 1471 100 112 33 5 13
1206 1471 164 251 82 32 30
802 832 865 2420 56 28 38
780 822 288 317 34 28 17
795 838 120 104 72 19 20
783 817 305 633 130 27 4
787 825 203 475 26 9 44
797 829 380 351 48 26 40
792 811 340 1320 60 21 23
780 843 161 585 30 18 29
819 266 940 5398 113 20 41
822 283 452 2105 48 7 48
808 254 302 1648 59 5 30
807 253 426 485 91 7 22
792 273 481 314 24 14 45
793 277 406 1447 41 11 39
1257 855 879 642 55 29 3
1285 873 249 431 175 25 12
1280 864 481 472 66 34 27
1258 866 340 2409 34 34 42
1264 864 303 580 66 33 29
1286 886 101 447 77 17 24
1256 858 440 398 137 34 27
327 1270 681 3911 363 9 40
345 1270 180 162 15 13 24
347 1268 192 228 87 24 26
334 1270 362 262 199 21 37
333 1252 428 373 30 20 27
829 1194 870 720 61 12 49
810 1188 377 741 62 22 41
835 1196 161 847 49 30 2
815 1194 343 2204 183 32 33
843 1180 233 1214 65 29 45
339 124 899 1044 251 12 14
372 88 361 556 31 20 50
340 100 259 332 55 15 41
343 108 149 351 21 12 2
359 96 140 608 44 17 10
369 87 182 731 34 9 13
369 126 433 1559 84 25 21
951 1291 797 2423 130 10 22
985 1272 403 590 116 26 12
982 1302 155 425 64 5 11
965 1274 383 1718 108 34 29
965 1300 312 1126 160 5 14
987 1307 348 1842 22 18 11
962 1288 115 145 25 8 20
1160 812 844 2879 212 16 11
1163 820 392 1410 44 35 36
1137 811 162 195 103 11 22
1153 835 394 660 174 5 45
1143 810 352 1154 112 19 15
1148 809 165 272 51 9 43
1157 820 495 2857 54 31 22
1151 834 445 412 239 5 18
1372 1038 706 4323 280 13 2
1361 1029 286 569 117 31 12
1356 1021 347 525 45 18 7
1350 1030 429 271 134 13 11
1374 1021 258 1470 111 31 6
1351 1047 138 260 63 28 10
1363 1029 325 295 151 19 5
1363 1028 336 217 158 19 23
351 550 559 927 49 8 13
354 565 152 294 111 7 19
337 563 475 928 200 7 31
359 554 331 262 130 10 42
356 579 101 90 71 16 17
341 557 264 1189 170 26 11
346 563 410 2276 110 21 46
341 543 118 264 23 13 43
382 639 876 4979 49 17 47
379 640 266 278 53 31 48
360 618 459 386 98 6 32
360 627 105 182 22 14 17
372 626 341 385 61 10 22
367 629 325 2264 23 34 34
351 628 486 2255 77 16 9
389 1375 850 496 68 5 13
396 1407 254 182 37 35 10
377 1406 146 256 50 10 39
362 1401 191 193 20 24 27
384 1381 173 148 19 26 26
389 1392 494 523 25 30 44
171 1054 876 7254 53 13 4
170 1062 325 719 98 35 45
172 1045 159 503 58 7 25
175 1054 164 181 52 35 17
188 1039 420 1546 92 21 50
188 1042 418 1383 54 33 34
195 1029 325 545 25 12 8
198 1035 408 602 117 25 37
181 799 871 3005 399 14 18
167 790 179 486 44 15 26
196 791 178 498 44 34 2
174 798 359 857 49 12 35
191 797 402 1370 159 28 24
177 817 448 1724 52 29 8
336 718 688 1744 304 6 48
342 707 156 583 38 14 4
358 698 463 2068 28 12 2
356 708 306 778 173 29 38
365 720 239 417 97 23 20
346 734 375 1004 60 26 17
357 708 181 162 37 9 13
365 726 244 961 85 26 30
226 109 743 551 175 35 35
236 93 235 176 42 18 30
250 89 350 1441 95 27 20
244 110 300 286 22 21 1
228 110 279 695 20 6 17
232 112 493 2536 50 33 33
518 745 643 894 77 22 13
534 756 204 1165 64 24 16
512 754 191 242 22 25 50
513 761 125 494 20 13 25
535 749 392 1799 35 25 37
510 745 386 1166 150 18 18
507 775 360 813 122 18 11
509 773 446 366 136 29 32
1040 720 645 1539 339 12 26
1052 714 408 623 80 20 32
1048 709 111 193 26 20 42
1039 726 281 882 80 9 43
1044 711 297 367 28 24 20
1061 714 307 214 59 27 18
1037 730 171 184 21 33 35
1038 732 433 1244 60 18 21
614 379 583 588 112 34 24
611 409 128 129 51 9 40
607 375 487 360 271 18 2
609 375 207 224 32 19 8
617 392 336 481 60 30 23
623 377 365 1474 155 31 23
626 381 190 724 30 34 6
1235 462 699 3334 129 22 12
1234 443 116 641 96 19 40
1244 444 446 1429 42 26 14
1243 446 142 277 37 5 3
1234 456 321 1929 24 17 40
1238 458 365 607 104 20 47
1231 465 377 2355 41 14 31
855 500 930 8476 470 14 31
877 464 412 1953 100 10 39
850 485 448 1192 68 15 18
865 484 264 298 49 28 31
854 464 431 387 141 24 38
1033 220 639 1661 208 34 3
1044 191 237 633 18 17 43
1008 186 242 424 23 32 50
1036 190 162 754 35 5 33
1011 214 455 409 73 22 25
339 862 806 2711 66 25 26
319 863 304 1262 128 31 4
318 866 199 961 22 23 9
329 875 242 1036 165 8 7
325 853 295 1039 105 6 10
320 859 342 1835 67 8 15
348 853 452 1759 40 35 2
591 195 883 1468 463 31 26
581 182 413 411 233 13 15
613 220 152 560 107 19 14
583 209 100 509 38 17 37
579 193 139 231 16 35 32
600 212 201 1317 52 18 27
447 851 632 979 113 12 41
443 865 282 231 57 13 22
477 872 275 1109 109 19 12
447 873 429 788 29 19 5
439 875 227 896 23 13 30
43 90 694 1235 110 18 43
31 80 473 953 114 20 42
24 87 191 209 50 28 9
28 83 387 789 47 26 44
29 80 393 244 24 15 37
14 89 334 647 88 35 44
17 69 347 827 21 8 34
62 441 935 2123 459 30 18
67 442 165 761 20 22 37
69 436 106 161 54 17 45
63 426 493 1018 42 17 35
64 428 459 1475 44 26 49
73 452 400 3025 130 13 14
43 450 263 359 136 33 40
860 17 570 3141 52 8 25
854 21 250 278 97 23 2
852 23 340 667 34 29 18
855 16 361 2164 43 26 17
857 11 122 399 96 27 46
876 6 137 194 71 5 49
868 26 192 218 99 19 3
858 18 149 482 24 32 42
179 890 698 654 168 29 42
209 885 371 1177 69 28 30
206 897 409 322 213 16 35
187 912 426 2905 100 30 47
207 885 314 342 136 31 49
175 907 272 553 123 32 6
1371 571 598 1214 60 28 26
1381 570 481 465 220 16 42
1389 538 371 2322 51 14 15
1388 569 203 266 39 17 40
1362 547 147 485 56 12 43
1366 556 428 904 174 24 41
1366 563 369 290 39 14 36
1470 1266 619 3126 85 7 32
1483 1272 288 1202 53 19 27
1486 1270 406 1077 215 21 17
1464 1242 378 1083 120 17 11
1478 1237 179 719 26 6 16
1476 1273 467 755 47 32 5
1471 1251 153 311 24 20 10
1102 1455 880 1057 40 35 28
1078 1452 407 315 57 29 44
1075 1461 226 944 27 35 36
1104 1460 415 2956 31 28 44
1076 1434 360 1848 96 13 1
1107 1456 305 1004 42 22 27
1075 1447 375 1866 131 28 10
477 1352 817 2412 489 17 47
471 1353 127 606 37 5 36
465 1321 211 650 30 5 20
492 1329 107 119 49 5 33
483 1349 245 378 30 17 38
491 1351 202 373 74 22 49
215 1393 761 3790 64 32 46
193 1407 314 521 57 15 26
227 1409 389 1950 56 25 11
229 1392 238 479 24 27 18
203 1418 120 515 99 7 36
193 1387 331 424 83 35 8
200 1396 280 1497 123 8 14
202 1397 100 560 21 23 9
1205 1274 852 3901 183 8 22
1223 1271 227 417 25 15 25
1227 1265 400 605 170 5 49
1237 1280 254 957 113 26 16
1209 1285 174 129 28 26 18
1221 1293 194 704 59 34 1
1224 1273 446 644 50 35 10
654 520 773 898 111 29 7
660 540 286 318 39 20 27
649 543 370 459 97 8 40
657 547 340 1695 51 25 29
629 537 478 453 87 24 16
994 792 574 3636 188 26 43
978 807 271 514 197 11 39
971 806 216 568 151 8 14
995 783 102 231 76 34 8
989 775 230 522 31 22 5
969 795 493 519 78 6 29
1118 317 891 5658 338 34 24
1121 306 107 114 18 19 29
1150 307 139 114 48 13 13
1128 301 347 517 46 34 26
1148 329 181 349 29 25 29
1136 323 401 1683 189 19 17
1115 297 196 736 40 25 49
408 514 802 2848 71 28 29
389 502 220 1022 21 13 50
410 484 491 429 75 16 38
415 504 245 487 42 30 5
384 481 432 945 79 34 36
793 622 860 9250 254 12 3
798 603 249 876 37 9 1
773 604 136 563 56 32 1
772 598 458 2450 56 33 28
797 607 493 2376 214 27 8
776 593 166 205 29 11 4
1035 1500 582 722 258 5 12
1038 1490 347 269 63 17 43
1018 1478 136 523 55 33 30
1016 1489 135 121 18 22 37
1015 1500 394 865 63 9 28
1001 1479 488 629 142 21 29
1039 1500 106 392 42 17 35
1028 1480 149 303 19 18 22
113 866 933 1046 52 27 23
133 881 217 1104 98 24 30
130 872 444 286 158 35 44
134 869 469 1985 114 18 32
125 865 285 1099 63 33 48
143 868 429 404 34 26 19
115 877 122 342 34 23 40
1471 644 751 6392 415 26 30
1496 638 347 1709 64 9 12
1500 635 338 498 24 19 29
1470 612 270 1341 128 14 13
1484 633 394 1194 35 11 39
1486 621 415 1248 85 32 29
1472 620 271 472 23 34 50
1498 615 373 730 26 14 47
157 179 671 5796 133 29 30
177 172 422 1133 242 29 4
160 152 249 1191 30 16 16
151 167 169 158 19 31 10
163 153 327 2084 32 24 46
1407 1197 585 2134 36 26 21
1443 1179 477 1966 76 32 11
1408 1184 174 131 74 24 33
1421 1189 356 889 196 18 50
1419 1203 465 410 94 7 23
1418 1187 309 349 143 15 21
1429 1197 225 1012 114 24 17
956 877 899 8316 312 13 50
987 876 184 156 36 5 5
981 855 363 754 131 30 12
968 855 166 755 37 29 16
989 858 126 144 16 16 37
979 874 216 446 27 32 47
470 1441 770 1524 53 30 18
478 1444 398 955 249 5 24
467 1434 283 1306 95 11 21
473 1439 245 848 69 32 50
488 1428 104 323 82 25 40
463 1422 403 916 95 11 41
314 198 551 1727 313 15 19
332 188 457 871 35 11 36
332 200 473 1489 158 24 15
334 193 216 166 51 25 9
330 226 428 1437 66 24 38
338 202 148 719 104 33 28
326 218 177 542 19 35 1
1437 1477 822 3419 321 25 22
1442 1461 492 3255 44 6 37
1449 1476 470 410 71 22 42
1435 1485 215 365 72 27 30
1447 1474 342 466 113 21 15
1460 1490 172 381 23 23 35
144 758 686 1883 404 14 29
112 782 361 679 27 22 13
116 771 158 340 77 27 42
139 758 241 1109 31 8 19
125 776 260 1132 89 24 5
136 751 302 405 103 34 38
115 749 140 242 45 11 40
571 641 564 2015 45 30 2
583 636 394 875 40 6 19
568 641 347 1353 86 10 2
578 664 403 1277 74 18 28
572 636 189 280 18 10 6
578 652 153 321 18 34 21
568 635 114 254 12 28 26
133 389 796 6919 248 28 10
153 412 457 2044 44 27 35
137 387 228 358 23 9 14
126 374 106 246 17 13 17
145 384 417 276 208 14 38
1002 435 772 981 35 23 3
988 433 379 2432 238 32 32
999 422 280 413 27 35 5
992 438 452 1421 36 19 8
977 440 182 208 39 27 17
1011 433 489 2689 53 35 10
988 440 299 468 110 29 20
1009 411 221 381 114 18 31
1084 1380 896 774 395 28 2
1096 1385 489 838 39 32 4
1104 1390 197 442 48 12 49
1081 1388 104 235 15 27 23
1115 1375 489 1447 258 26 45
1110 1068 900 7236 51 27 33
1111 1090 157 873 71 28 16
1098 1085 282 852 135 5 23
1113 1076 494 2034 32 23 23
1110 1095 257 1114 53 26 9
32 1049 764 1310 120 34 37
48 1068 323 676 27 20 37
41 1077 219 776 20 22 6
40 1063 360 280 184 22 22
23 1055 493 1075 31 9 6
1329 144 723 2820 145 30 31
1336 158 109 135 13 18 12
1355 133 316 1027 48 12 19
1359 157 311 884 35 19 33
1332 154 196 920 53 5 39
1002 606 830 954 297 21 42
1011 629 297 323 63 14 26
1007 591 163 176 23 8 18
1009 600 151 735 101 15 11
1032 603 495 3322 280 33 42
1032 611 309 1411 40 21 11
1032 623 104 127 25 18 31
882 985 787 5645 41 35 12
885 954 101 435 41 29 38
867 969 350 567 33 24 17
859 983 154 574 26 18 21
862 973 194 387 157 16 2
875 957 377 2302 277 26 6
852 964 417 1566 131 19 41
865 959 450 1070 66 17 34
641 966 568 3995 412 26 30
640 980 274 1167 197 34 22
643 998 407 2070 63 25 21
640 972 459 1591 156 25 23
628 963 141 174 80 26 28
644 999 160 677 80 33 41
628 988 245 941 57 7 43
584 1488 654 872 326 26 44
560 1481 218 1075 82 25 43
553 1485 379 1266 57 18 40
586 1466 424 2199 165 23 35
578 1483 426 1131 145 18 31
566 1461 400 1571 95 23 41
563 1492 360 344 109 12 48
959 1154 696 2504 250 18 7
940 1142 240 1675 68 30 36
952 1133 106 114 23 8 5
965 1164 208 1337 91 29 27
952 1150 168 185 27 11 10
260 1055 589 1553 42 22 19
274 1063 338 2423 83 15 47
249 1071 186 802 71 24 1
251 1065 231 184 42 25 4
273 1053 173 1056 21 29 18
315 54 761 783 290 27 24
311 59 192 169 56 10 46
316 37 204 482 78 18 32
319 65 433 445 265 32 47
292 48 477 450 32 14 40
307 45 284 1182 29 17 36
301 53 477 2580 125 8 49
302 42 215 865 22 26 48
270 1137 732 5058 189 14 21
300 1118 284 812 66 19 2
266 1122 453 826 30 29 18
303 1139 279 847 33 14 49
289 1127 241 439 161 11 31
1232 1115 749 4704 36 12 6
1240 1123 127 433 17 23 39
1231 1087 411 568 260 16 48
1252 1116 320 1002 47 29 27
1246 1102 284 1491 69 9 34
693 1087 697 4459 69 18 14
681 1064 257 790 118 14 1
690 1065 373 291 33 34 34
674 1050 222 519 45 13 34
689 1084 279 617 22 11 33
684 1076 250 1347 99 26 26
1296 348 909 741 163 27 19
1295 325 476 795 186 32 13
1279 321 258 572 46 28 14
1287 357 150 362 32 28 32
1284 337 488 585 193 26 48
1286 355 348 598 47 29 33
1277 351 229 404 71 9 7
1073 329 922 2206 102 18 4
1054 319 338 1637 142 26 8
1052 315 308 322 41 35 49
1060 312 314 419 38 5 31
1053 310 151 191 56 27 17
258 731 926 1552 55 28 9
262 734 450 433 276 25 14
247 726 273 266 191 16 42
245 760 477 785 349 12 17
264 759 133 645 47 10 26
261 758 242 343 50 25 10
230 726 163 278 38 17 17
1368 330 673 3739 44 11 49
1351 324 356 444 24 19 21
1343 326 447 720 27 33 13
1357 324 441 457 147 18 6
1337 338 411 465 25 12 2
1368 337 298 1033 26 24 30
27 1167 563 833 74 21 2
16 1190 286 610 179 16 2
3 1152 278 860 25 26 42
19 1190 479 1936 34 7 27
6 1167 113 477 73 10 13
34 1177 327 870 112 22 24
6 1165 491 451 33 22 48
33 1178 452 1784 113 29 37
