35
32
25
19
20
32
568
826
1414
1414
1414
517
654 374 896 3808 184 5 378
657 387 492 818 42 5 231
652 359 434 1111 151 7 305
649 377 447 1833 170 9 204
636 361 330 873 75 6 133
0 1111 845 2422 35 8 96
1 1114 354 657 89 10 138
0 1100 477 1747 217 5 459
3 1107 451 1275 153 9 263
1 1091 328 279 106 9 15
3 1119 227 271 48 7 94
3 1103 318 1357 135 10 79
276 714 924 1295 167 8 288
239 677 137 234 67 9 322
245 706 270 1412 139 9 126
274 677 108 211 13 6 445
264 679 236 1261 67 6 97
241 699 313 825 40 5 8
1183 681 608 731 232 6 347
1175 669 296 1427 184 9 64
1184 685 414 1087 165 10 286
1151 650 341 274 113 7 369
1168 653 221 251 32 7 4
204 497 557 663 294 10 442
197 492 210 415 55 8 194
197 507 202 518 51 9 360
183 508 232 309 61 7 271
180 520 242 514 125 10 357
435 1087 571 2050 84 9 361
407 1096 186 576 20 10 271
433 1068 292 1316 93 5 351
430 1071 187 161 135 8 41
417 1068 160 233 94 5 453
408 1101 194 629 33 9 15
405 1079 334 1629 216 9 180
420 1063 330 1538 110 5 301
873 1048 937 994 76 6 169
886 1043 307 237 111 7 116
900 1043 144 162 84 5 463
899 1021 430 2809 239 6 188
901 1023 489 457 242 7 222
869 1036 376 1481 216 10 148
883 1025 299 237 63 5 163
1210 716 619 1845 57 10 153
1196 735 458 574 52 7 195
1230 730 412 411 61 5 157
1231 732 257 731 87 10 125
1217 750 364 646 150 10 478
1219 728 306 587 49 5 246
1194 714 356 579 117 10 431
1218 736 171 195 105 8 48
948 1197 616 1233 140 10 342
966 1195 453 1779 137 5 337
970 1193 116 231 55 9 449
952 1185 346 352 72 9 126
955 1169 151 404 88 6 418
121 423 582 1131 133 7 368
118 415 228 1191 190 9 476
124 401 265 579 177 5 61
113 440 201 239 169 7 449
148 427 498 426 164 8 319
132 409 192 248 143 8 491
140 407 232 531 49 10 89
134 439 145 425 59 9 261
13 747 873 3043 49 7 2
18 768 464 2575 125 9 366
25 744 439 1617 67 8 277
7 760 164 311 73 9 306
29 751 308 681 26 6 168
986 923 662 2176 86 6 234
971 918 116 140 31 5 84
985 921 309 302 45 9 420
982 930 294 1465 91 5 310
980 907 376 583 65 8 300
957 911 146 132 63 9 387
956 929 334 527 87 5 266
984 906 180 248 102 10 407
244 630 677 582 179 8 55
244 600 471 878 49 9 238
262 631 398 912 55 7 205
233 622 181 192 19 8 261
243 609 291 1324 69 7 228
216 783 551 2505 59 9 59
217 780 267 284 116 8 383
215 811 475 673 189 10 331
197 800 220 922 38 10 476
197 791 361 395 84 9 102
206 812 215 434 80 9 30
221 802 357 944 77 7 195
211 803 176 307 37 6 424
516 1275 635 4657 40 7 160
481 1261 368 691 46 5 477
492 1255 254 1166 66 9 96
499 1261 154 704 51 8 3
493 1276 457 2620 66 9 190
490 1254 179 166 33 10 292
492 1268 258 412 30 8 371
493 1246 346 1777 24 8 342
490 826 807 689 150 8 484
488 834 419 1755 199 8 300
508 803 380 1133 83 8 375
513 836 478 753 123 7 20
516 826 103 92 15 9 451
495 822 106 130 13 6 404
492 809 333 629 82 6 194
590 316 635 820 131 8 160
593 297 378 664 27 8 268
583 298 395 621 127 8 219
613 292 171 294 27 6 11
587 289 494 2283 31 6 262
589 298 147 148 78 10 386
617 302 180 366 58 8 390
347 11 650 462 157 5 126
314 16 280 1558 56 10 485
344 17 164 225 25 7 23
324 32 345 2154 45 9 402
337 17 432 1512 78 8 384
315 37 147 613 39 10 306
339 15 284 262 143 9 164
326 34 462 824 252 9 401
732 62 866 2319 339 6 425
716 32 187 351 29 9 215
753 49 125 154 61 10 321
738 63 207 238 40 9 254
734 45 398 437 116 5 134
717 62 308 646 35 8 359
866 10 802 6253 86 5 256
882 34 338 2271 28 9 157
882 33 439 1775 131 10 92
867 32 363 1072 195 9 249
879 14 158 597 56 7 230
856 17 292 410 26 6 90
878 39 420 716 219 10 274
888 27 377 2317 152 6 478
185 1022 566 471 44 10 205
181 1028 432 356 297 6 262
181 1004 294 1105 55 8 252
155 1028 186 1109 22 9 468
159 1030 263 630 93 9 482
183 1022 247 252 31 7 292
166 1015 381 2900 216 6 178
150 1024 485 1876 40 8 272
472 466 830 8012 256 6 370
468 470 413 1049 153 9 31
471 469 485 3599 174 6 275
493 477 445 367 305 9 84
460 494 148 497 45 8 87
479 463 476 560 158 9 322
463 471 214 230 23 7 342
563 94 595 535 196 8 419
560 98 150 170 25 10 188
578 90 428 2006 24 10 257
578 96 271 282 59 6 438
582 102 406 1333 32 9 485
576 91 153 303 46 8 369
11 404 923 3005 125 9 443
13 408 376 375 164 7 430
18 416 449 585 26 7 151
10 409 150 308 19 6 473
29 408 271 185 151 9 126
23 412 438 2391 36 8 314
38 422 366 787 21 9 170
18 393 124 248 41 7 258
151 958 901 1073 36 7 260
159 964 381 1899 76 7 313
170 944 189 923 18 5 218
171 970 397 613 105 6 373
154 961 371 1050 118 6 239
501 970 580 1702 213 7 263
510 994 171 177 33 9 377
499 970 158 475 73 6 440
519 1004 277 2049 211 10 119
534 977 321 524 68 7 295
1159 1414 688 418 29 10 499
1161 1408 311 257 54 7 219
1143 1414 382 1711 73 6 107
1156 1414 393 1505 55 10 454
1131 1414 123 159 28 7 490
1128 1401 114 137 20 8 89
1144 1400 294 836 104 10 27
789 1414 833 655 274 6 164
797 1414 464 609 133 10 138
789 1408 200 289 75 10 179
792 1412 297 740 75 10 469
786 1404 367 809 113 5 361
774 1414 366 460 100 9 451
795 1384 423 1181 112 7 194
776 1385 344 703 74 6 383
857 495 662 1783 31 10 5
852 487 204 253 100 6 389
885 503 388 1506 103 8 376
888 509 197 474 81 9 200
863 505 262 1343 29 9 71
742 889 588 4504 44 6 163
752 885 143 236 83 10 341
739 882 235 767 87 9 133
723 910 441 536 51 6 376
748 906 126 185 15 10 88
758 894 401 990 102 10 288
212 1337 599 1893 376 9 398
193 1318 302 1268 223 6 17
221 1337 473 1191 50 9 266
203 1306 413 1447 272 8 88
203 1321 354 263 27 9 212
228 1320 429 525 84 9 198
195 1328 328 1249 38 9 121
1359 673 645 2285 168 9 337
1361 673 430 2744 275 9 404
1331 681 278 363 28 8 265
1337 667 382 1882 270 8 77
1323 661 404 3370 229 8 460
1358 665 227 771 34 10 251
1354 661 403 1758 31 6 398
1324 670 348 2222 101 7 483
1002 94 622 724 180 9 48
1000 113 179 175 24 7 391
1006 100 368 372 127 8 202
1024 109 149 161 80 7 95
1006 114 113 289 62 9 206
1018 103 284 664 137 6 233
1021 127 346 632 56 7 170
1014 115 397 621 54 8 451
467 926 911 6730 130 5 406
460 923 471 1832 310 9 264
445 908 397 2919 70 10 165
463 905 371 875 115 6 471
455 940 298 1705 55 9 173
159 656 622 526 272 9 71
155 665 329 1228 83 6 211
137 660 457 2285 243 10 218
149 678 355 847 58 6 115
140 665 206 983 35 9 322
132 660 440 649 42 9 482
134 651 488 503 32 5 307
1192 1313 769 752 160 7 370
1187 1324 350 1641 235 7 382
1178 1315 317 485 46 7 34
1167 1329 106 235 46 5 486
1202 1335 416 585 91 5 485
1203 1312 430 1811 68 6 492
612 7 697 3663 252 9 295
596 13 286 336 58 9 337
601 14 220 179 123 9 90
618 22 258 237 39 5 48
618 25 433 505 292 10 274
629 0 490 3188 62 10 406
609 13 428 473 87 5 229
914 163 736 666 182 9 449
885 141 427 355 42 6 23
890 167 250 346 40 10 84
914 143 185 128 70 7 491
896 157 124 442 13 7 40
915 151 302 1705 161 10 308
891 177 248 213 128 10 47
485 1160 770 666 251 8 81
501 1130 449 965 124 9 313
481 1163 194 509 38 7 109
487 1164 234 892 35 9 30
504 1129 367 1889 78 9 140
480 1136 174 644 119 10 286
470 1134 346 613 106 6 438
1381 491 709 2619 137 10 464
1384 477 135 160 65 5 438
1407 468 338 285 201 10 295
1385 465 245 235 131 5 102
1370 500 457 361 26 6 442
1392 501 247 1023 41 10 311
1370 468 459 332 32 9 16
1404 471 279 628 78 10 272
737 572 572 3543 52 10 499
746 549 211 673 107 7 280
745 561 294 742 30 9 156
726 541 216 157 20 5 155
748 544 178 159 15 10 180
732 547 163 226 17 8 29
749 562 272 540 108 8 277
728 578 366 273 48 10 460
671 152 899 2042 99 7 476
695 145 393 583 76 7 68
690 150 445 2624 39 5 53
679 148 302 211 57 7 49
697 122 206 676 20 6 241
673 143 107 473 22 10 495
690 134 162 316 45 6 245
722 1056 658 666 68 9 498
729 1047 401 1870 32 10 345
758 1070 312 350 66 9 180
736 1049 249 438 75 10 391
755 1067 423 1524 45 5 132
746 1078 429 687 85 9 2
749 1048 112 143 68 10 185
750 1049 354 732 76 7 196
1136 746 601 3571 169 5 37
1139 724 188 500 47 10 372
1139 732 243 377 75 6 458
1131 730 325 831 35 10 352
1151 750 258 602 156 9 56
1157 735 174 554 33 8 139
1385 979 758 1511 312 10 223
1387 1001 336 534 43 9 47
1388 980 237 1206 172 7 320
1367 998 117 491 37 6 381
1369 1006 385 385 129 5 497
1358 1002 388 506 108 7 164
830 216 575 2348 62 7 136
854 206 497 3642 66 7 230
843 222 277 670 35 6 54
836 238 173 173 30 7 404
818 214 323 217 96 9 4
832 208 446 2095 224 6 204
819 1101 907 648 154 6 315
816 1102 305 200 60 8 423
817 1101 149 133 17 9 253
810 1118 132 199 18 5 205
816 1100 164 319 102 5 321
439 1414 723 4889 77 7 225
439 1413 101 261 55 5 165
417 1390 444 826 149 6 164
425 1407 177 718 21 10 360
429 1393 431 1684 89 10 290
417 1394 128 623 30 6 149
429 1414 167 709 32 9 97
445 1414 426 2010 71 6 375
403 1215 703 2536 74 5 408
399 1246 240 1392 62 9 262
414 1229 137 214 21 9 210
417 1225 484 1457 310 9 296
403 1246 311 2204 41 9 227
417 1233 253 647 140 7 255
403 1240 296 989 89 6 469
417 1238 245 1601 106 10 280
66 567 679 554 281 5 161
39 570 414 889 137 6 13
53 568 121 230 35 6 50
56 584 113 207 29 8 79
52 552 214 740 112 5 237
49 553 364 1422 48 10 277
69 547 438 916 176 7 411
828 788 658 1134 90 6 32
800 761 140 226 44 5 293
800 778 243 460 158 9 449
825 764 200 323 143 5 499
817 754 300 1263 140 7 487
794 770 198 283 28 9 264
825 760 288 250 169 10 1
1258 849 917 2512 216 6 411
1249 864 128 319 24 8 321
1260 838 332 319 116 5 72
1280 866 155 764 23 9 67
1276 837 412 1237 78 5 187
331 767 563 1507 290 7 457
325 802 222 332 79 7 367
325 806 450 347 202 9 199
308 793 454 2786 53 7 377
321 791 402 1254 185 10 164
323 773 443 1044 55 7 237
314 777 182 910 58 7 124
1024 368 886 1443 171 5 187
1033 354 486 544 37 8 90
1048 366 458 1086 104 7 152
1025 351 139 413 24 7 249
1046 363 101 224 12 5 37
70 101 681 1200 29 7 158
64 89 138 430 87 7 102
53 113 199 949 42 8 52
47 110 123 349 38 9 454
53 87 257 619 19 8 327
603 1185 746 671 40 8 269
610 1184 114 254 14 10 103
598 1154 248 552 146 10 129
589 1180 355 989 89 9 140
605 1169 306 203 88 5 48
595 1182 463 384 254 8 115
593 1149 196 177 25 5 327
262 1044 849 1683 111 5 487
251 1033 178 188 49 10 155
250 1028 237 171 48 9 142
263 1042 420 1512 78 9 149
247 1030 210 470 102 8 295
259 1051 272 427 40 7 240
263 1033 364 1724 28 8 240
140 816 700 1842 83 7 153
141 846 342 1845 102 6 274
146 841 314 829 37 8 5
145 840 485 599 300 9 302
146 829 279 977 93 10 108
142 825 136 186 14 6 206
1186 362 567 753 197 8 1
1202 378 173 214 21 9 474
1202 381 228 817 22 6 276
1182 393 260 705 130 5 468
1213 399 443 390 33 5 138
1175 214 675 759 83 8 58
1151 226 354 698 26 10 293
1143 240 310 882 38 9 373
1156 211 224 301 53 5 337
1143 222 342 511 177 10 12
1156 213 319 744 27 5 138
1252 1307 837 873 98 10 15
1237 1304 250 1104 61 10 268
1235 1321 284 792 31 5 368
1237 1328 380 1972 31 7 216
1270 1297 375 768 91 8 312
1255 1309 419 830 87 5 268
1270 1301 443 999 179 6 374
832 628 931 3623 105 8 152
830 649 412 267 88 5 317
856 649 184 147 45 10 454
861 647 479 603 177 9 153
833 623 470 2560 268 7 168
864 634 431 348 52 8 215
868 650 173 149 73 6 333
865 648 227 415 107 9 446
560 252 786 3492 93 8 263
535 258 295 735 30 6 28
565 242 122 123 40 5 492
541 257 452 2279 197 10 306
540 257 292 975 48 10 78
539 256 416 389 200 5 180
562 231 286 539 121 6 435
545 262 119 674 61 7 428
1254 221 816 6266 194 9 313
1289 195 403 988 35 8 265
1291 226 126 153 69 7 316
1263 225 302 351 94 6 496
1253 221 346 1666 20 8 390
1272 223 192 343 29 7 225
683 937 867 3717 283 9 31
687 939 329 277 26 10 411
676 962 377 2298 22 8 291
658 964 118 399 34 7 354
685 954 334 726 187 9 490
687 958 444 920 206 6 217
677 961 299 360 138 8 405
1281 1383 651 4862 51 5 229
1263 1396 360 2713 105 9 346
1283 1391 489 1088 199 10 126
1268 1379 281 1232 45 10 372
1267 1379 114 292 58 7 493
1262 1381 122 377 16 9 342
1254 1366 147 722 26 7 248
76 319 928 4393 467 8 416
80 350 134 230 16 5 114
98 320 215 1239 51 9 349
109 319 207 215 83 7 445
107 337 289 286 83 10 20
282 857 789 556 172 6 251
289 844 350 1352 218 8 29
287 854 116 233 69 6 481
286 845 330 663 41 8 295
291 853 339 751 65 6 56
268 839 374 864 114 9 452
260 826 301 254 36 5 168
282 833 122 236 21 6 122
598 1062 736 3282 112 6 90
576 1045 330 517 28 10 171
608 1039 258 981 61 7 240
578 1045 293 1072 112 5 413
602 1036 429 1486 122 10 471
586 1061 339 613 141 6 409
578 1064 230 1473 139 10 481
606 1049 357 591 85 5 23
362 1294 596 1699 96 6 61
368 1282 125 526 23 10 267
370 1288 446 547 117 5 69
349 1308 473 841 28 10 399
380 1282 329 385 49 5 449
367 1304 258 391 83 10 484
353 1290 462 421 152 6 436
354 1296 474 473 197 5 464
763 218 642 568 69 9 250
775 222 202 260 17 8 192
766 236 439 413 51 5 288
768 207 203 189 65 6 249
765 228 290 1266 29 8 195
748 232 499 430 51 9 205
772 222 329 1884 116 10 418
737 219 278 1086 87 8 491
1223 1199 712 670 81 8 452
1214 1202 188 307 26 5 372
1219 1215 372 263 91 9 352
1224 1232 194 197 39 9 209
1237 1232 402 391 46 8 155
98 729 880 3470 104 10 144
117 738 222 262 25 6 243
110 738 298 601 218 8 67
127 725 433 1500 269 6 330
129 747 258 247 45 8 202
421 1287 898 1765 70 5 309
443 1302 288 492 47 8 486
446 1276 449 1367 62 9 271
453 1307 357 275 58 6 389
429 1303 121 385 85 6 84
448 1284 363 413 44 6 53
430 1285 170 820 55 8 369
1041 534 690 2178 65 7 202
1048 534 231 1341 35 6 257
1055 570 492 656 75 8 1
1066 537 221 722 135 5 425
1053 542 300 629 70 6 50
1077 567 212 1390 78 9 334
1078 545 156 182 94 7 149
189 1200 934 1719 361 5 351
214 1187 313 750 161 9 209
220 1184 200 626 33 6 4
219 1183 421 686 70 9 170
181 1189 412 476 102 6 155
210 1198 100 489 38 5 40
218 1198 330 292 48 6 447
214 1175 392 319 45 9 392
1106 389 711 508 73 7 329
1103 397 271 1819 57 5 390
1100 403 131 298 18 9 218
1104 393 139 494 15 7 240
1131 396 374 2621 182 10 232
1115 390 398 2132 51 6 175
1107 381 300 2111 47 10 188
