30
25
25
16
20
15
406
378
1000
1000
2222
900
222 564 259 3425 205 11 65
220 1000 495 8049 315 44 194
6 164 309 5338 215 46 136
607 355 187 2024 173 25 90
348 907 452 5646 321 56 179
351 499 146 1970 130 26 86
420 349 66 434 57 18 63
698 311 253 4457 205 10 126
94 229 337 3101 172 20 110
186 323 202 3129 222 15 56
720 375 226 2769 169 43 133
750 199 367 3500 194 39 152
801 289 280 4689 261 50 113
617 826 355 4770 330 57 147
862 714 437 8313 307 45 165
827 496 324 6113 304 47 152
942 958 422 7683 386 61 167
933 798 463 8727 326 62 184
799 606 344 4131 221 39 155
601 343 217 3012 202 26 119
582 723 273 4707 197 21 138
314 394 104 1518 127 18 30
785 962 547 10108 345 45 200
466 783 373 5029 180 42 109
88 261 233 3329 228 39 166
41 687 305 6983 186 31 180
644 666 330 4494 161 25 157
99 213 251 4017 199 33 94
264 137 283 3146 176 37 95
559 971 461 8767 360 61 179
396 376 35 295 41 5 68
323 402 133 1071 124 17 70
699 312 307 3609 242 29 147
128 473 215 3902 146 25 129
566 735 288 3798 194 43 143
829 406 382 4342 217 50 105
443 422 89 1018 113 6 70
437 259 150 1699 94 14 81
170 525 226 2877 235 35 112
320 802 356 4434 176 25 161
709 748 310 6335 234 53 164
269 476 196 2292 118 8 68
618 693 331 3501 253 25 164
518 267 190 2250 101 5 69
487 353 99 1132 116 5 32
880 870 492 8005 338 67 149
792 89 356 4534 288 27 169
886 863 400 6390 374 72 167
627 94 312 3081 220 27 124
939 106 355 7747 264 41 202
967 153 363 6050 336 56 184
435 451 102 960 90 5 65
702 147 371 4266 183 30 124
60 948 524 5775 380 43 207
701 572 337 4815 156 25 124
422 348 73 582 68 5 8
208 49 297 3597 159 46 90
407 369 31 196 29 16 8
830 413 387 3560 179 43 118
682 130 316 3939 274 29 141
418 901 406 7527 320 31 112
488 258 171 1921 124 30 123
298 490 173 1400 167 26 56
774 234 285 3764 269 51 178
310 906 401 5535 210 48 177
411 359 41 346 51 5 79
343 412 108 885 94 8 45
726 477 271 3479 151 20 121
935 431 385 6665 307 47 201
414 379 28 216 38 6 75
576 73 350 5113 194 26 74
625 433 237 2876 155 20 50
527 165 235 2759 163 27 140
382 801 276 5432 264 51 97
284 307 159 1587 172 5 89
292 800 363 5405 187 20 159
367 698 331 2714 200 35 86
108 434 289 4119 187 11 79
793 271 370 3533 275 48 165
127 471 302 3076 240 27 147
659 646 345 4282 281 33 129
388 372 50 261 43 8 36
516 386 134 1588 105 5 78
91 245 279 4057 247 35 117
93 727 361 4958 235 27 101
669 0 383 5214 211 56 96
448 257 133 1419 161 5 104
748 989 483 6371 249 68 159
584 722 265 4496 217 24 160
674 624 359 5269 154 18 83
397 279 159 890 106 5 46
929 364 390 5952 294 42 173
602 835 308 5340 208 30 193
538 63 265 2877 169 22 159
360 498 178 1156 121 8 120
379 366 58 354 75 14 10
442 409 90 717 64 5 38
465 56 231 4445 148 11 66
529 757 323 4787 180 37 98
205 553 237 3185 138 6 126
365 415 109 951 66 5 96
846 155 305 4997 330 25 157
560 858 384 5844 331 55 189
503 880 367 4750 193 54 149
450 679 289 3055 243 24 83
27 502 267 4731 248 18 130
493 659 218 3169 178 29 142
884 865 371 6120 373 56 228
371 316 126 839 105 21 94
29 809 394 8523 234 65 174
305 244 215 2596 157 15 78
944 113 494 5168 364 32 120
427 899 396 6298 287 54 152
102 202 324 5193 198 48 162
439 400 61 693 75 15 54
194 253 203 2918 167 34 90
311 236 218 1888 168 16 82
996 217 483 8363 275 57 172
126 469 282 2698 206 12 126
260 582 214 3727 151 6 98
727 442 265 2715 169 43 119
828 924 466 7443 233 43 192
317 397 104 1457 118 7 99
187 340 212 2192 217 33 124
934 423 376 7253 267 58 127
585 573 207 2482 218 10 104
369 326 96 1094 65 6 101
789 815 357 7861 317 52 122
794 618 409 6770 217 35 126
86 586 359 4047 273 36 77
775 830 474 5283 292 58 142
545 64 235 4780 211 32 164
825 514 324 6252 259 41 181
588 322 182 1819 156 10 70
500 655 276 2556 153 12 130
573 730 288 4533 276 47 162
464 557 172 1695 126 25 89
247 459 198 2422 114 12 63
375 360 58 386 59 5 55
547 282 183 2681 126 11 88
105 3 375 6187 250 47 138
161 764 311 4637 182 42 122
544 281 210 1999 157 13 62
231 443 213 2458 160 34 86
907 277 334 7463 293 51 196
402 392 45 286 32 10 11
455 256 134 1704 144 26 47
391 695 270 3157 203 28 157
392 283 128 1483 117 11 60
831 449 296 6427 287 50 173
117 452 291 4402 206 27 94
441 407 67 721 92 5 47
387 492 159 1604 143 5 59
822 529 306 6246 179 55 179
125 466 240 2885 165 38 83
667 918 343 6424 227 44 177
408 481 118 1624 123 5 67
85 339 323 4912 203 41 85
426 464 110 1432 112 9 71
694 587 249 4488 222 19 167
398 399 50 376 61 5 78
327 405 124 868 108 10 76
185 774 336 5614 174 51 119
608 357 245 2199 154 5 109
685 605 296 3092 206 27 150
712 24 296 6111 213 51 125
217 675 342 3820 258 23 134
373 181 192 2032 129 14 70
325 497 154 2216 154 16 56
578 726 339 4930 224 50 124
192 365 241 3043 145 29 51
374 358 56 580 87 14 62
671 629 245 5527 224 21 170
605 84 334 3316 182 34 140
241 453 203 2049 160 21 104
725 478 285 3014 212 23 162
280 122 268 3799 208 12 138
141 755 351 5011 260 51 181
752 201 338 4986 263 31 105
300 254 146 2053 120 21 66
650 108 328 4763 238 37 134
808 309 375 6051 231 24 175
40 816 481 4841 262 56 150
383 410 59 585 83 17 106
425 346 65 454 86 8 57
164 877 450 6563 263 63 113
823 522 389 5754 201 32 171
181 74 284 4295 170 28 145
640 101 357 4597 196 31 119
791 266 331 6068 212 30 157
84 306 254 4719 195 21 66
287 288 161 1313 154 21 70
197 242 221 3072 207 17 144
302 380 125 1577 124 8 48
143 121 307 3908 214 42 149
368 329 82 838 100 5 92
577 585 251 3394 137 14 56
403 274 121 1181 111 17 39
315 98 234 3835 142 9 127
410 378 17 117 30 17 2
266 584 279 3084 182 19 67
703 566 274 5028 232 16 72
294 112 263 3957 235 26 117
760 683 355 4457 206 34 118
239 574 280 3564 216 16 148
469 344 124 1216 120 5 70
714 351 326 3295 150 18 106
378 300 113 953 92 12 78
655 799 442 5987 281 32 102
90 725 427 5598 310 34 120
304 697 312 4106 193 41 106
678 127 337 3044 243 36 127
19 486 364 4003 179 52 161
525 269 167 2007 172 15 128
526 421 129 1357 149 5 57
917 581 384 6195 236 32 137
147 116 258 3184 242 49 77
344 82 307 3175 157 18 66
361 188 215 2791 197 16 137
776 654 317 5803 185 47 158
809 791 459 6337 331 55 142
424 467 135 1149 106 5 113
604 706 330 3215 239 28 166
468 158 243 2940 213 21 72
446 569 169 2574 182 30 112
519 483 179 1955 163 22 34
970 159 468 6648 319 53 159
981 911 417 6525 316 59 243
563 602 208 3137 220 14 133
745 704 423 5494 183 37 149
624 470 235 3393 142 36 122
193 368 185 2431 180 36 108
219 427 199 1988 150 9 91
201 889 320 6324 264 44 193
297 371 147 1752 110 9 80
474 549 193 2620 164 8 41
961 142 488 8479 210 48 131
400 396 47 283 47 5 31
390 285 134 1475 132 5 42
665 117 288 5614 180 25 131
283 484 156 2380 173 23 36
104 604 267 4890 222 25 134
826 504 354 4320 236 40 103
456 894 455 4596 309 60 179
498 362 137 1482 123 26 27
370 320 111 929 89 19 33
428 579 167 2455 182 18 57
596 335 200 2258 139 35 88
482 541 183 1939 178 33 76
615 947 374 6609 211 68 210
550 974 386 8169 330 66 209
629 219 270 2671 142 27 121
312 495 190 1350 98 12 107
97 597 283 4629 210 43 163
286 292 145 2247 144 27 72
888 39 413 6030 279 53 200
295 696 262 3316 162 32 73
419 472 145 1571 113 17 70
148 639 272 5065 227 35 168
743 707 302 6575 259 50 98
509 263 145 2284 146 5 81
736 717 345 4306 207 26 193
551 615 285 3294 228 15 74
401 275 140 1257 110 5 92
54 547 319 4674 217 21 125
340 204 164 2242 180 5 84
349 196 229 2478 203 27 72
7 919 454 8795 241 57 142
362 187 210 2781 200 30 105
819 119 412 4761 280 24 124
652 927 457 5274 289 66 175
834 759 359 5365 313 37 146
909 65 469 7396 312 44 130
246 577 265 2158 204 34 127
780 965 499 10041 379 48 147
405 383 18 183 22 10 25
508 879 361 4396 199 53 128
213 559 287 2599 184 10 147
599 710 351 4960 192 41 160
885 221 301 5370 259 31 190
399 589 179 2417 193 10 132
510 878 348 7370 225 32 173
200 235 245 2472 157 18 121
38 684 403 3995 289 45 158
423 347 63 396 66 21 99
380 594 202 2811 198 11 92
737 715 305 5258 228 28 137
155 874 334 6829 323 35 197
393 404 62 514 43 6 11
130 749 337 6003 216 57 166
404 168 205 3230 153 17 99
708 21 330 5377 220 31 121
33 104 392 6875 217 56 93
381 295 131 1395 94 12 101
619 391 178 3229 141 35 87
249 461 218 2697 174 5 86
285 337 179 1530 161 10 42
215 560 297 4000 135 37 56
731 176 282 5739 274 41 82
228 439 196 1960 188 34 69
92 241 327 4496 170 32 159
495 883 334 6814 311 49 183
897 848 467 6751 248 59 181
614 88 329 3497 199 17 107
910 286 449 5453 211 55 179
37 520 309 3943 257 21 109
994 895 476 11791 328 65 232
911 67 363 6855 300 63 165
199 668 249 3228 168 17 111
163 517 215 2873 243 33 61
384 493 156 1250 140 11 105
471 890 431 6907 187 26 163
177 882 321 5113 247 51 194
898 51 495 5690 359 51 204
816 554 304 4468 280 42 113
540 978 466 8150 208 65 190
600 342 231 2316 199 12 85
657 797 368 5094 194 35 98
394 403 64 471 73 14 65
412 61 250 3346 262 21 133
189 66 362 3577 289 23 108
505 57 330 3795 205 15 81
25 120 365 4394 286 45 141
322 401 127 1223 92 19 67
797 951 500 9283 280 62 228
167 767 400 5577 249 23 128
534 869 305 5265 273 32 124
916 583 356 7947 277 50 185
870 701 417 4740 221 61 119
744 860 376 6640 354 49 170
765 220 291 4849 231 37 139
339 699 241 4754 266 45 95
224 678 302 4938 270 46 128
723 732 384 6667 201 40 146
129 625 329 3862 202 34 161
589 959 398 6921 216 66 152
955 943 470 7902 412 53 209
489 534 167 2748 135 8 130
218 195 210 3600 238 16 66
813 568 326 4642 274 55 114
539 867 446 5718 282 25 114
565 969 363 7475 301 34 180
3 172 308 6701 263 23 101
139 489 262 4348 141 11 94
250 793 322 6399 295 20 186
416 796 278 4178 202 34 99
770 665 371 4079 260 28 147
568 734 303 4133 270 51 120
321 222 179 1520 162 28 86
837 754 441 5973 256 61 200
257 468 219 1617 175 5 47
656 246 257 3305 175 34 132
175 881 447 8179 261 45 123
248 686 236 3680 197 14 71
638 672 266 3322 210 29 152
168 988 397 6928 218 39 194
894 47 385 7293 236 37 204
73 712 427 6891 277 41 175
927 533 400 7901 201 53 205
610 205 262 2290 151 9 106
662 642 353 3936 267 18 89
815 558 351 6153 172 50 157
621 488 266 2303 159 20 49
159 875 401 6652 321 38 115
817 782 332 7593 226 32 201
557 175 256 3347 194 15 119
686 133 317 3758 271 45 98
820 932 462 7237 220 47 146
587 570 210 2954 160 22 97
715 531 327 3996 221 37 86
137 485 247 4478 243 30 140
925 544 353 4654 259 63 189
732 177 340 4814 270 43 97
661 252 246 2739 190 34 61
623 408 263 1867 189 24 89
43 689 432 5491 193 25 164
107 854 380 5369 247 29 171
307 102 235 4325 184 18 68
413 268 152 1556 84 14 115
252 149 249 3990 172 38 112
687 290 276 2863 208 38 142
561 293 209 2703 112 34 68
535 630 243 3885 206 15 88
724 876 427 8649 262 66 176
255 900 348 6422 197 54 140
473 781 284 6012 268 31 162
524 638 229 3508 188 25 79
395 591 219 3102 215 6 81
606 352 178 3018 163 36 44
630 96 255 3781 280 13 88
1 647 369 4943 285 32 161
506 511 170 2080 119 13 113
158 100 292 3062 154 22 154
782 822 445 8792 315 41 145
490 775 343 5875 294 23 122
113 970 395 8347 353 42 202
303 247 161 1904 157 5 86
858 8 468 7796 239 34 176
660 794 416 5518 227 54 103
332 803 280 5708 234 53 125
637 227 216 2637 233 39 148
512 501 191 2466 156 5 103
10 657 431 6954 260 25 169
409 363 38 348 33 5 67
256 13 281 3541 281 18 108
100 411 318 4647 224 10 146
31 510 325 6103 249 26 150
296 370 165 1595 136 7 88
389 491 146 1566 112 5 114
758 982 409 10338 390 72 154
459 893 438 5921 317 29 191
276 588 249 3450 138 33 100
711 23 354 5689 271 24 108
865 185 436 4403 295 30 138
486 538 167 1984 189 27 39
556 972 433 6028 275 68 177
122 619 251 4986 194 48 102
51 72 291 5257 294 44 128
840 750 453 5759 293 37 165
299 905 350 5070 283 33 157
111 180 302 4966 271 17 126
431 389 64 353 47 5 83
956 761 409 5781 335 53 194
597 711 283 4554 207 39 145
742 708 357 6641 232 26 148
49 76 306 4070 180 24 161
806 301 296 5130 208 47 125
684 608 304 4240 232 37 148
434 393 75 582 78 5 84
430 388 63 449 69 5 48
136 132 303 4885 235 27 105
999 887 424 10682 249 58 166
16 140 315 5468 302 25 176
165 766 415 6754 201 36 189
454 787 265 5254 217 35 151
123 861 362 8126 349 37 131
254 465 228 1708 156 19 56
75 838 342 6344 315 41 127
522 60 318 4659 235 42 84
272 129 251 3833 153 31 125
814 786 438 5960 350 54 160
923 814 506 9288 212 68 213
591 327 203 2053 135 5 92
415 354 64 287 54 19 92
106 429 248 3585 165 31 131
290 356 152 1279 162 13 118
921 565 387 4639 319 31 128
234 896 412 5087 290 60 117
613 515 237 3103 129 26 96
324 92 249 2528 154 33 88
485 663 241 2919 234 25 79
308 239 202 2481 109 13 96
666 789 432 4904 242 32 182
995 212 383 5389 212 67 201
718 738 397 5966 214 45 135
421 265 154 1747 141 17 116
461 341 106 771 118 5 56
717 361 265 2668 215 13 143
237 26 310 5312 225 30 107
329 214 160 1813 124 5 73
291 114 212 3801 211 21 156
211 208 220 3555 215 7 139
109 184 274 4595 240 38 98
267 691 294 5233 231 28 95
481 542 228 1922 144 29 66
475 548 179 1559 109 6 50
210 211 233 2544 129 32 76
354 414 95 818 90 10 60
244 685 332 5007 261 22 164
306 243 185 1566 182 24 65
520 398 172 1826 94 5 57
772 833 472 6860 272 31 186
868 703 354 8071 339 54 118
98 216 312 3219 269 42 80
549 617 208 2425 143 28 110
180 658 280 4727 163 20 83
79 718 318 5918 216 29 95
729 173 255 4238 165 23 157
562 737 358 3739 167 45 92
377 70 233 2609 242 15 101
142 980 456 7514 378 43 205
65 561 279 4291 252 17 169
874 200 385 4859 254 37 147
683 610 256 4939 276 13 103
1000 228 424 7378 267 41 195
146 871 454 7478 206 30 126
531 273 190 1876 105 18 120
270 902 430 6892 231 53 114
214 674 294 4627 164 48 127
891 856 371 5859 329 51 217
515 494 175 1968 131 24 111
309 595 271 2476 230 24 118
915 825 476 8716 236 57 168
265 135 228 3080 200 8 113
198 779 375 6280 203 37 152
777 240 376 5122 282 48 113
334 209 201 2519 178 34 45
433 455 121 1359 77 21 47
438 444 95 677 106 5 100
555 973 435 5176 349 34 142
507 161 260 2146 221 11 56
982 709 480 6965 316 53 232
152 760 377 5237 223 55 114
872 22 382 8690 340 60 123
273 903 353 4464 320 34 184
968 154 384 8647 268 68 189
572 592 285 3768 231 41 97
232 30 289 5875 286 31 108
575 850 434 7170 287 60 125
261 139 258 2373 230 19 119
429 387 64 462 58 18 58
278 124 284 3603 238 18 154
810 575 330 5311 216 35 122
945 115 420 8437 229 54 166
517 59 268 4748 188 39 89
23 928 391 7446 266 59 233
595 839 397 4581 202 58 147
548 747 297 6034 182 43 150
530 166 264 3347 138 35 118
26 118 392 6980 253 33 131
781 78 375 7036 224 31 121
542 623 284 4142 228 17 76
172 769 330 6983 265 22 179
882 868 522 8839 316 44 154
878 872 507 5777 327 65 229
899 52 374 8006 245 64 181
755 690 333 5714 232 53 186
251 463 216 2391 141 30 128
36 682 379 5682 231 34 194
902 55 414 6698 297 45 170
620 395 229 3052 163 26 115
226 182 255 3313 218 41 142
96 223 316 5100 203 35 111
288 284 185 1832 106 26 47
432 898 378 4369 239 40 200
612 87 247 4029 155 25 72
924 551 422 7311 239 29 116
89 251 251 3327 227 40 133
0 440 277 3671 234 46 145
964 933 509 7202 345 69 232
81 841 480 5819 208 40 137
896 644 433 5990 269 44 139
212 998 468 7121 346 49 193
908 280 371 7815 325 27 162
877 207 319 5461 194 36 177
364 596 199 2246 189 32 60
279 482 198 2472 137 19 103
692 138 371 3379 190 49 92
483 777 276 4301 202 51 156
131 627 343 3145 244 43 174
570 967 345 7004 212 37 135
926 810 459 7860 313 52 183
479 667 223 4186 185 39 113
653 110 355 3718 165 15 104
805 103 408 7412 179 57 192
603 952 382 6917 247 67 145
110 437 292 4405 240 23 111
30 509 264 5398 222 42 81
904 840 438 7388 235 67 226
497 772 330 6193 237 29 180
626 941 473 6533 225 33 218
783 643 348 6727 267 52 168
931 503 321 5299 277 37 172
645 806 336 5518 247 27 177
238 450 233 2528 178 5 133
795 616 411 4842 265 25 153
764 977 435 7133 293 55 147
635 676 373 3581 290 24 151
616 506 235 3150 153 7 136
114 174 242 3191 282 46 141
240 897 413 7255 244 48 136
938 105 394 5510 360 40 185
406 62 301 3422 233 39 72
76 38 318 5575 180 24 169
333 210 173 2855 110 5 59
289 487 182 2516 141 5 95
762 843 482 7451 271 63 162
854 4 392 7872 269 65 165
376 304 122 887 114 24 109
140 979 427 6540 269 48 222
609 527 209 2913 198 9 65
864 183 364 5131 310 39 123
972 162 497 6765 228 48 200
646 805 429 5707 314 32 150
973 728 488 8744 288 44 166
811 318 307 3392 295 40 161
975 920 516 10696 345 49 249
18 134 324 5654 252 21 140
835 758 422 5400 193 33 181
195 248 197 2406 191 30 112
171 653 265 4798 284 46 127
832 136 316 7360 245 36 194
700 314 292 2738 234 35 83
119 743 368 6446 279 42 161
593 193 296 2804 139 40 54
592 328 225 2183 124 34 131
162 986 532 6754 341 48 147
2 790 363 8319 196 53 177
564 600 300 3505 142 9 65
491 992 383 8182 235 37 131
558 859 315 6658 236 26 188
221 190 210 3548 231 29 147
133 480 231 2881 150 18 138
581 724 340 5441 253 39 84
903 264 372 6589 313 59 125
778 827 349 6936 196 40 162
258 12 333 3997 201 22 156
69 567 355 4084 195 34 165
537 276 184 2637 110 22 111
875 203 308 5429 235 42 130
704 148 365 3642 215 26 172
689 294 257 4255 182 27 139
15 662 351 6960 271 48 137
851 733 437 5438 325 30 187
901 54 482 7655 259 63 205
786 818 439 7850 286 66 125
501 770 312 5843 181 39 137
319 224 216 2268 161 7 70
496 526 173 1486 142 16 39
966 152 465 5803 334 43 127
677 620 323 5478 167 34 144
889 231 395 4892 235 46 112
969 736 503 6271 232 54 232
583 576 234 3613 151 17 144
716 27 307 6422 246 52 133
914 71 481 6888 320 60 130
634 677 353 5466 234 48 165
553 287 157 2544 138 8 109
754 985 479 7310 266 73 149
268 475 214 2473 120 5 65
691 11 396 5511 292 47 157
502 160 202 3493 201 16 139
824 126 434 4250 203 55 166
947 953 565 6878 382 65 201
359 189 195 2067 155 5 50
207 555 299 2461 205 8 89
313 233 209 1628 163 17 68
202 669 262 3170 235 14 99
790 628 316 6883 242 39 140
499 521 166 1494 191 33 88
72 836 472 8489 347 44 167
209 48 298 3949 216 48 111
14 661 341 5270 272 26 153
301 107 307 2937 250 23 86
449 788 326 3449 211 21 132
845 908 396 6941 325 49 231
277 1 308 3739 224 23 150
838 914 422 9013 296 70 213
941 785 503 5615 355 50 207
706 20 312 4252 196 32 128
989 198 434 5746 200 63 216
958 756 364 8659 228 53 205
55 945 419 8253 309 61 188
28 931 391 7802 361 41 198
338 85 288 2730 240 25 117
190 272 275 2348 140 23 113
856 170 439 6747 236 44 187
112 739 386 5888 174 43 186
356 192 190 2157 199 6 97
316 97 217 2673 193 43 70
77 716 391 6364 316 32 97
245 792 323 4144 301 37 127
233 445 233 1882 160 20 58
636 225 284 4036 159 39 89
567 299 172 2019 155 21 127
739 995 435 8033 346 47 181
74 41 317 6522 225 35 104
628 940 399 6051 340 40 176
643 807 321 5082 244 40 114
59 702 386 5408 293 54 137
227 680 308 4392 277 25 168
713 350 292 4181 261 39 120
913 593 456 8247 303 33 172
890 42 349 4835 215 54 164
756 688 320 5300 317 40 151
571 303 233 2094 126 22 41
9 157 313 6309 311 25 135
504 513 172 1907 126 5 104
658 923 338 7425 322 55 147
987 904 481 7947 269 54 243
642 808 424 4200 278 46 157
191 776 353 4807 268 35 188
695 14 322 6376 293 30 137
476 888 436 7617 281 50 128
352 194 202 2793 191 35 67
920 321 350 4715 228 58 181
919 571 341 4634 332 63 171
912 291 346 4958 248 41 120
768 975 420 6385 271 55 192
173 528 218 3179 233 14 144
680 614 322 3766 194 25 141
753 852 404 5745 246 60 186
734 179 317 5847 227 37 126
648 237 242 2988 197 17 79
746 990 503 9441 364 60 222
188 345 217 2132 181 14 122
358 77 281 2858 152 41 134
807 305 386 4524 277 17 99
52 824 475 6142 308 36 176
998 670 393 6246 298 69 136
4 171 393 4922 212 23 94
866 885 413 8209 229 69 230
514 384 162 1467 156 8 87
57 946 523 6747 258 43 138
21 804 428 4980 286 30 160
735 40 295 4604 309 49 145
118 454 240 4058 165 37 117
796 278 339 4679 265 50 85
533 631 244 2806 152 7 90
183 660 269 5472 189 43 163
436 58 235 4236 216 34 115
166 91 249 3644 245 38 122
353 79 265 3251 211 13 122
741 994 553 9311 313 59 179
513 382 158 1371 123 9 37
663 641 356 4137 251 20 113
932 968 465 7464 281 61 212
203 226 278 3727 144 28 100
532 632 292 3506 228 24 82
580 313 199 2476 114 12 40
103 603 263 4468 231 21 87
236 448 210 2661 185 5 135
150 983 373 5388 303 59 165
121 744 301 5552 196 47 167
543 622 276 2399 156 25 100
928 90 335 7492 267 58 217
467 673 291 3983 208 33 101
80 957 406 7173 376 48 196
328 215 230 2666 109 5 109
821 535 402 4912 188 53 136
50 694 332 4497 223 47 172
546 864 390 6976 266 35 117
977 720 481 8006 357 48 148
787 634 352 6025 291 33 131
641 230 299 3068 192 20 96
385 68 249 3909 148 44 131
728 873 437 8539 231 67 194
812 111 360 5194 282 31 124
235 447 202 2751 169 6 70
843 745 338 8594 352 45 150
63 831 334 5788 286 43 123
225 435 234 1644 187 15 109
157 645 267 5000 244 39 134
922 330 363 5667 261 47 107
35 518 357 3728 238 27 92
101 416 264 3621 201 34 104
759 981 488 5839 283 70 208
169 523 252 4017 239 24 56
639 671 285 5635 253 42 113
463 784 299 4556 278 28 148
586 960 412 5484 343 46 162
893 651 345 4822 250 33 176
895 648 459 8393 267 47 116
594 331 187 2700 134 27 104
733 999 476 8567 390 53 227
668 917 366 5441 243 56 135
590 191 265 4038 186 14 81
867 17 444 7448 323 41 178
120 458 221 3974 253 41 78
892 44 434 7521 355 49 139
83 842 427 5436 265 45 179
417 474 151 1448 144 14 83
470 552 164 1581 140 12 132
747 857 364 6550 223 66 156
676 125 258 4967 215 19 148
673 123 288 4383 275 20 131
337 86 252 2970 212 37 146
696 15 390 4399 285 45 133
229 31 351 3954 202 35 148
484 540 217 2592 130 34 58
688 601 251 4035 276 43 127
492 530 223 1507 159 19 44
39 93 324 5277 178 54 109
78 34 405 4368 280 34 100
138 753 408 5199 225 37 192
857 7 337 6285 307 40 157
697 308 251 3825 242 9 156
293 270 158 1372 160 5 86
983 909 448 7658 298 74 200
930 374 310 7429 227 27 188
631 938 356 8114 225 67 139
124 746 374 5215 212 32 184
440 438 92 899 107 5 89
749 855 394 5495 258 34 130
47 692 357 4376 193 23 162
477 546 232 1732 118 16 81
988 197 411 7570 246 50 159
230 681 259 4162 208 17 75
528 635 229 3296 252 15 68
56 550 305 3453 191 40 111
722 385 290 2973 179 24 118
784 821 475 8544 269 34 152
738 996 464 6695 246 69 172
936 795 371 10255 357 67 191
20 131 401 5875 320 24 124
900 633 399 5469 336 62 165
521 640 211 3265 251 30 139
690 296 241 3777 211 32 135
259 141 220 3526 197 21 82
363 75 314 4556 215 16 123
44 532 266 4897 209 37 165
766 976 510 8523 283 65 219
950 771 432 6924 323 63 185
721 508 245 4540 185 25 148
647 930 359 5817 337 42 210
274 479 215 1786 131 18 109
730 37 368 6654 251 53 124
993 2 535 8819 236 48 170
263 9 286 5295 178 49 172
847 156 332 5334 226 30 151
654 925 445 7388 322 62 203
844 151 350 5081 259 54 149
976 721 466 7048 222 49 183
223 36 311 5617 286 38 81
751 853 389 4795 258 61 162
66 563 298 3887 242 41 114
11 921 533 5752 261 50 175
802 599 283 6951 283 48 187
70 45 370 6846 262 43 180
681 613 358 3818 240 26 93
675 912 494 8657 355 41 194
182 773 327 5157 203 42 128
611 829 356 5566 313 53 160
860 10 417 7877 294 41 145
978 916 421 10820 272 68 179
145 637 297 3922 238 19 146
32 812 354 7534 193 50 206
719 163 301 5188 288 35 117
679 5 378 5950 286 43 164
887 862 543 5866 372 65 162
116 169 283 3064 260 13 105
798 609 384 5808 295 36 180
478 545 172 1770 123 21 116
707 333 267 3639 190 17 97
883 218 312 4770 271 53 191
771 834 384 6592 342 50 125
952 768 393 6849 223 72 147
34 934 470 8541 218 47 221
253 580 241 2131 180 12 56
151 505 261 3912 158 20 92
511 987 402 8314 345 63 166
206 50 373 5879 280 28 77
179 991 376 6405 346 69 163
963 146 503 4937 344 50 148
861 891 501 6931 301 46 182
156 762 331 6126 291 52 158
541 866 448 6411 213 32 200
579 963 398 8319 283 64 150
554 742 359 4757 242 43 121
779 649 397 6235 197 32 156
693 302 290 4178 252 23 145
457 562 190 2573 174 18 94
462 892 390 5330 195 36 170
184 884 380 6964 194 40 169
761 844 456 6729 208 39 183
598 338 202 2692 178 18 95
8 462 309 5182 172 41 109
949 949 543 7335 294 81 173
869 19 355 6653 302 59 207
740 186 300 3831 280 49 93
757 847 422 6731 334 56 177
480 543 167 1711 153 35 50
863 713 416 6708 212 58 169
45 83 379 5260 194 27 109
53 69 348 4626 202 40 179
135 752 368 5280 225 48 105
953 765 467 6663 224 65 154
176 656 272 5180 210 47 166
46 81 300 4328 221 56 164
71 43 347 5875 302 27 159
788 260 264 3303 243 33 141
12 922 504 6959 387 51 141
350 80 306 3115 142 9 148
986 700 444 8194 375 51 198
243 456 187 1845 158 6 132
160 99 307 5479 276 38 127
943 956 413 6433 301 56 167
984 705 388 5431 369 38 169
282 590 248 3393 225 6 56
536 167 197 2239 183 7 66
804 297 275 3596 179 34 175
881 32 486 5444 285 36 143
773 232 367 5865 182 29 173
905 621 390 5463 246 45 166
839 751 479 7789 326 56 159
115 741 364 5643 297 31 153
705 150 257 4104 222 41 119
82 719 322 4940 294 42 117
946 778 492 9499 267 60 148
992 206 487 8212 269 44 190
64 53 299 7073 282 26 103
800 950 415 7496 266 57 165
58 828 411 7580 236 56 170
24 929 399 7026 252 50 165
42 939 446 8462 249 56 179
818 780 329 6417 343 46 171
853 731 368 8524 237 30 123
472 997 505 6465 246 49 162
962 145 422 8048 314 45 216
954 944 501 8554 228 69 194
