35
25
32
16
20
10
397
535
1111
1111
2121
888
434 575 106 932 87 5 254
190 1045 346 6769 304 20 1082
428 604 107 1131 117 5 692
812 512 363 5937 164 7 1631
359 486 108 778 75 5 1085
990 11 455 6862 420 12 2278
159 680 303 3765 189 5 1203
1082 876 499 7853 314 11 1744
417 951 316 5419 238 7 991
465 413 170 1731 147 6 759
240 950 347 6275 279 7 958
556 454 172 2551 157 6 680
956 307 481 8944 306 20 1225
771 402 308 4021 196 7 1342
514 426 172 2430 146 6 1207
954 1091 444 7847 346 13 2013
495 926 328 5147 251 48 807
627 142 314 5102 195 42 1047
126 291 260 4510 215 7 1614
969 1073 437 6914 227 11 1942
683 169 408 7112 213 7 1393
616 602 216 2860 185 7 786
693 728 298 4834 172 7 761
472 315 187 3279 174 7 448
559 14 332 6161 280 42 1851
415 320 195 3298 148 5 756
348 656 127 1962 103 5 884
922 90 448 8826 272 20 2172
370 456 114 798 108 5 644
618 375 235 3863 185 5 964
385 438 145 1262 119 5 534
587 870 286 5226 248 48 798
306 552 132 1329 89 5 945
320 655 198 1619 117 6 1140
364 958 311 5607 307 7 1191
839 895 369 7573 254 48 1635
405 536 26 199 23 5 46
615 578 246 3418 187 5 779
323 368 191 1668 127 5 1307
61 49 393 7413 318 20 1317
876 379 346 5665 281 42 927
131 912 367 4935 270 48 1337
715 646 245 4915 179 7 786
844 1057 511 7744 217 20 1773
277 450 158 1509 120 5 707
85 550 296 4481 206 6 1159
1084 334 422 10386 219 12 1312
328 960 323 6276 255 6 1355
700 493 291 4057 201 6 647
361 475 90 928 72 5 473
991 820 506 7545 219 20 1778
380 749 228 1821 186 7 704
104 601 290 3535 165 5 1206
602 678 211 3383 159 6 1054
623 30 436 6780 197 42 1210
351 572 107 585 70 5 648
313 137 360 3443 225 6 824
218 594 195 2496 133 5 393
5 106 406 6810 313 20 1165
202 715 295 3778 143 6 983
518 599 142 1501 102 6 327
262 634 218 2623 160 5 608
440 837 302 3790 235 5 557
47 984 325 6245 195 20 1562
500 7 353 6105 346 20 1065
243 306 218 4158 204 7 675
775 797 413 4422 313 42 1190
1015 465 509 6213 258 11 1966
805 483 379 4799 288 7 1131
360 959 331 3892 251 6 1286
1011 31 576 11796 303 12 2329
822 593 328 5608 192 7 1659
425 842 275 4052 231 5 1502
98 587 222 3537 199 5 1080
372 751 241 3199 128 6 670
717 567 257 2957 217 5 1358
269 955 368 4017 313 48 1529
885 399 354 7157 321 48 1201
158 924 297 6145 187 48 1226
887 206 388 7861 319 48 1110
635 1088 435 7142 241 20 1671
183 822 247 4769 264 48 1171
817 661 398 4017 257 42 894
820 558 293 4641 202 6 1192
238 843 320 4272 256 7 1211
718 623 326 4827 158 7 1578
597 131 349 3811 293 48 1124
273 956 290 6516 258 7 1771
362 509 88 535 87 5 884
84 393 266 4836 162 5 651
337 570 97 736 115 5 878
1018 722 431 9381 347 20 2121
652 410 235 3217 251 7 880
177 478 209 3504 184 5 1029
27 255 350 5647 214 7 1018
792 447 361 5429 209 48 875
671 285 352 3943 179 7 1625
898 993 429 7054 385 12 1311
45 64 357 5909 338 48 1301
905 228 400 7699 341 42 1414
493 523 125 1200 99 5 327
420 419 151 1225 153 5 886
517 611 199 1490 147 5 1183
565 746 281 3524 233 5 934
802 947 331 8655 298 42 1858
139 796 298 3581 246 48 1422
821 573 320 4150 293 48 1450
926 600 344 7605 205 42 1006
389 435 142 1468 111 5 812
471 414 189 1905 160 5 1206
35 976 418 6462 338 48 1834
275 464 138 1820 115 5 1226
308 384 179 1933 112 6 609
81 177 301 7265 190 42 991
255 294 266 3224 142 5 1081
511 553 175 1293 120 5 253
488 110 282 5913 226 48 1590
540 774 269 3578 183 7 1128
448 834 321 3187 150 5 773
993 817 450 5377 288 20 2180
326 754 259 2995 121 5 579
281 513 129 1698 87 5 749
220 598 208 2013 124 6 396
268 158 335 5839 201 6 820
185 531 236 2277 149 5 449
129 911 417 5888 238 7 1827
560 890 305 3914 243 48 1132
24 260 310 6510 305 48 1687
481 415 198 2020 98 6 682
310 555 104 1024 129 5 1116
444 1051 435 6622 231 48 1023
526 324 278 2918 179 6 747
205 717 242 3866 164 6 885
631 967 411 7273 261 48 1678
427 606 92 1152 120 5 1080
136 123 398 7048 191 48 1536
920 522 331 7429 314 42 1110
322 369 230 2573 164 5 1110
384 439 113 1479 145 5 233
647 268 317 5460 183 7 858
21 265 332 5906 240 48 1619
369 521 53 331 52 5 451
455 499 107 736 88 5 470
404 535 24 250 22 5 632
57 720 354 5422 285 48 1149
325 366 205 2514 136 5 774
877 194 481 5469 234 20 1630
832 149 392 5932 346 20 1384
341 571 112 747 101 5 204
729 871 406 7013 265 7 1380
375 750 202 2203 210 7 449
381 564 67 438 69 5 338
394 547 42 185 46 5 952
39 234 354 5643 222 7 1470
289 266 217 3215 248 6 952
287 418 174 2450 148 6 431
265 636 216 2433 183 5 600
941 1105 491 9529 241 11 1772
189 214 285 3860 200 6 1505
32 844 424 5179 309 48 1387
486 1040 305 5598 224 48 1801
270 639 215 1576 115 6 1158
461 710 169 2256 183 5 559
2 309 320 5588 269 7 1029
600 516 208 3209 134 7 545
563 748 288 3117 145 5 1302
212 586 205 2306 200 5 1047
590 706 290 2684 223 7 507
154 251 265 5334 273 48 674
497 528 155 1446 148 5 1133
612 644 211 2497 196 5 1356
1092 355 464 8943 308 12 1877
704 62 430 7332 256 42 1894
989 377 367 5194 303 42 1161
184 527 201 2290 203 7 415
767 813 297 6405 178 7 916
80 1002 419 7070 344 42 2000
371 651 147 1373 151 5 841
213 69 350 5133 201 7 1158
282 853 246 3594 160 5 1417
762 387 286 5272 285 48 1440
947 1099 591 8968 305 12 2187
508 545 150 1409 150 5 247
690 56 469 6663 295 48 1451
333 568 105 1047 84 5 714
1029 566 491 6615 304 20 1642
433 590 94 835 92 5 308
1016 203 548 10595 392 11 2069
569 1005 338 7351 246 7 1356
875 376 381 4528 200 7 1540
1096 1075 602 8857 264 12 2553
127 909 357 3939 178 48 1321
1009 441 346 7910 284 20 2014
1022 699 484 6309 276 11 1686
613 1100 451 5316 207 42 1437
813 280 306 6584 241 42 1445
790 254 370 4503 266 7 1315
798 742 337 6323 185 7 1329
419 543 43 383 59 5 171
819 551 299 4430 204 48 795
135 276 307 5071 178 48 1445
575 233 262 4377 278 5 1185
357 855 244 4505 241 6 1321
566 340 243 2595 160 5 928
144 264 278 3474 159 48 1563
403 322 245 2537 179 6 562
108 609 264 3152 155 6 1481
546 117 296 4375 293 48 890
1100 1068 597 8353 395 12 2445
125 908 414 4869 283 48 948
674 48 356 8139 230 48 1212
706 514 306 3670 159 6 866
250 952 310 4055 310 42 1068
217 339 290 3925 145 7 1335
687 1055 353 7900 217 20 1927
386 533 37 210 45 5 229
608 541 225 1975 127 7 1243
373 525 62 388 41 5 925
594 503 228 2309 150 5 1252
513 425 214 2373 154 6 457
266 283 305 4317 215 6 812
1002 417 351 8260 305 42 1710
409 508 51 502 55 5 728
34 242 364 5863 227 42 933
470 5 364 7254 262 42 1528
429 498 88 879 67 5 850
353 124 309 3624 218 6 1430
55 211 354 6152 288 48 1209
1105 810 508 10441 287 12 1524
121 631 281 2905 163 5 739
367 461 121 1103 100 5 363
226 326 280 2543 167 5 1181
75 459 276 3334 256 7 1385
919 517 399 4953 272 48 1677
11 288 315 6045 193 48 1125
365 515 81 390 79 5 1015
737 205 376 5055 207 7 1026
711 670 297 4087 200 5 1346
596 1108 349 8405 231 20 1248
881 816 362 8519 296 48 1072
79 880 324 6497 263 42 1269
116 141 373 6850 273 42 1624
940 1107 505 7658 225 11 2192
436 1053 413 5833 249 42 1374
432 6 416 7294 311 48 1534
904 226 494 8093 327 48 1565
413 505 76 472 87 5 668
686 298 266 3447 265 7 678
90 1007 431 6449 230 20 1895
619 138 354 4364 240 42 1690
572 343 206 3016 149 5 540
721 332 295 5032 237 48 1588
164 100 333 5234 293 42 978
274 641 173 1464 182 5 1049
547 446 225 2050 115 6 475
78 35 481 8535 360 42 1954
672 437 296 4447 210 7 534
611 981 347 4517 254 42 1690
349 18 357 5841 291 48 1703
305 388 191 1934 131 5 327
907 741 404 7015 267 48 1053
31 974 460 7848 216 48 1503
581 235 278 3314 252 5 922
494 317 229 2639 197 7 1302
388 557 56 436 70 5 240
849 28 501 8803 314 12 1596
441 724 208 2002 141 6 993
60 991 391 7507 212 48 1599
430 948 306 5078 239 6 1394
1097 370 564 6480 222 20 1722
463 109 302 5412 310 7 1096
105 151 310 6569 303 7 1323
509 549 156 1412 109 5 1152
292 409 161 2227 174 5 496
752 1001 375 8611 293 48 1342
30 1094 524 9875 310 11 1658
451 213 258 3140 169 7 1001
1055 81 474 10654 408 13 2061
418 502 71 713 73 5 689
1038 239 405 6748 317 20 2144
363 15 381 6283 341 42 1117
194 383 203 3602 220 7 560
490 928 337 3482 267 7 1615
1020 209 392 9996 340 12 1847
468 703 205 1891 188 6 817
294 145 302 6075 169 7 1415
793 957 414 6339 198 20 1372
235 733 211 3607 227 5 502
641 815 259 3630 173 7 1603
196 208 322 3236 163 6 1134
160 925 398 4406 298 48 1186
678 166 420 5727 275 42 1429
383 532 36 222 33 5 445
981 848 483 6089 250 11 1586
411 506 74 420 59 5 154
502 421 203 1664 148 5 844
1019 718 478 9085 210 11 1704
595 507 225 2368 209 7 1320
833 904 423 8603 272 42 1680
342 856 316 4529 189 7 1147
397 534 5 110 10 5 672
168 689 257 3283 143 5 801
261 162 302 4266 232 48 1133
883 55 386 8298 358 11 2051
786 112 403 4770 292 20 1321
466 937 297 5282 171 6 812
816 669 329 5267 231 48 1529
614 250 288 5126 189 7 1017
758 828 291 4205 250 42 1547
278 643 169 1952 158 5 410
458 500 117 1204 97 5 797
438 316 242 2657 132 7 490
1067 96 478 10430 289 11 2108
482 688 172 2138 168 5 490
193 708 248 2553 220 7 1284
302 752 274 2205 203 5 1221
576 476 180 2809 131 6 1027
439 1052 400 5402 314 20 981
958 128 453 8907 358 12 1673
903 73 545 9420 327 12 1387
571 470 193 2803 183 5 363
399 638 135 1239 123 5 1143
83 394 314 4821 272 7 1049
604 673 253 2548 233 5 608
64 1110 368 7299 350 11 1667
716 642 241 4198 193 5 1234
366 462 108 988 127 5 711
424 318 178 2369 203 5 587
62 201 425 4302 290 42 993
153 674 216 2492 163 6 1016
818 654 381 3989 309 7 1744
332 22 411 6527 322 48 1612
701 496 253 3344 147 7 599
562 460 213 2469 116 5 1003
781 108 357 7015 233 42 1742
691 732 312 4188 222 5 1536
329 362 236 2537 126 5 1270
544 330 262 3867 170 6 754
114 620 315 3149 250 5 715
225 328 228 3651 219 5 1201
659 791 296 5633 274 7 1403
396 540 19 209 18 5 84
284 520 121 1646 152 5 907
831 1070 446 7906 330 20 1281
499 1036 392 6588 307 42 1547
453 832 291 4396 246 5 886
285 424 166 1370 142 5 796
776 795 419 4286 218 48 950
17 275 359 6726 298 7 1091
298 650 201 2325 125 6 1183
708 897 349 4350 188 42 1175
854 170 472 6832 338 42 1876
853 872 428 7590 304 20 1828
221 333 230 3184 145 6 1047
171 232 251 3588 207 6 1375
938 107 478 7593 290 20 1833
119 303 289 3666 164 48 1619
807 490 276 5325 233 7 1312
100 592 285 2833 249 6 651
676 165 296 6577 239 7 1773
165 927 332 4418 314 7 1128
634 389 285 3386 150 7 839
695 176 360 7026 302 42 1136
207 356 286 2205 236 7 1134
639 961 401 4200 316 7 1449
378 224 270 3571 184 7 885
972 867 497 5671 238 42 1739
138 121 295 7212 316 7 1735
896 217 382 7012 314 20 1191
726 197 371 6391 291 7 863
626 256 282 4873 166 6 1519
148 802 300 5472 222 7 1262
423 614 103 906 102 5 298
663 1071 338 5973 362 11 1640
279 440 186 1390 113 5 1238
808 495 318 3729 222 48 967
879 1017 430 10075 378 12 2108
689 173 349 5245 313 7 908
778 790 286 5581 238 7 901
93 759 259 4192 183 6 1141
120 630 292 2495 140 5 931
200 829 271 2953 170 7 940
442 497 92 657 80 5 847
543 771 208 4310 240 7 1043
884 1011 392 5562 336 20 1942
561 889 295 4039 262 6 1059
733 78 454 4760 287 42 1316
1091 1082 597 12759 331 13 2470
483 416 198 1581 172 6 1043
437 838 244 3710 233 6 1061
316 560 109 1055 102 5 769
654 273 292 5455 201 6 1223
505 653 182 2183 159 5 1265
421 501 73 579 75 5 679
916 701 425 8293 341 42 1807
152 804 266 4848 195 7 1404
478 693 183 2514 163 6 701
899 769 416 5337 269 20 1689
515 622 192 1905 140 5 476
815 677 412 4138 245 42 1382
477 694 193 2231 148 6 1156
408 423 117 1574 146 5 732
69 996 362 8268 291 48 1392
48 221 427 4477 295 48 1473
283 270 243 4282 163 6 1067
978 854 360 9596 376 20 1208
480 932 388 5360 209 7 946
811 935 462 6275 318 42 1743
545 768 228 4045 249 7 1285
536 327 268 2082 160 5 892
410 740 231 3184 156 6 1310
20 833 423 6727 289 7 1161
249 300 301 4077 173 6 1418
915 705 420 5806 283 48 1283
3 1079 376 8494 212 20 1366
1027 659 401 6554 278 42 1840
338 354 225 1956 194 5 890
50 218 426 6719 245 42 1077
850 877 404 6552 262 20 1420
670 773 362 3038 254 7 1605
395 544 35 249 39 5 1010
784 777 362 5571 238 42 1190
541 116 346 5698 252 48 1418
374 449 124 821 110 5 298
354 344 227 2308 190 6 1008
276 492 126 2028 142 5 1014
431 596 123 873 70 5 406
489 519 138 983 101 5 979
180 223 334 4075 280 48 1115
730 869 395 5488 236 48 1806
527 325 242 2331 234 7 750
173 930 296 3895 236 48 1037
178 225 283 3213 195 7 919
1003 23 483 10373 313 12 1478
248 624 164 2719 172 5 1262
147 114 367 5872 277 7 1196
530 434 151 1574 117 6 991
745 361 375 4532 238 6 1573
49 60 342 6319 204 20 1821
33 76 428 7787 296 20 2013
445 721 184 1750 154 5 375
227 729 266 2680 132 7 1382
601 681 217 3692 187 6 1344
521 323 243 3475 141 7 795
258 47 377 4733 243 48 1838
698 488 249 3544 186 5 643
1036 58 411 9993 383 11 2224
1068 297 479 7521 333 20 1420
503 215 254 5181 251 6 680
293 406 207 1526 163 5 811
579 480 227 2791 148 5 1182
709 185 349 5439 175 48 871
568 1006 376 4991 287 48 1571
272 640 172 2422 148 6 1224
379 331 239 2822 132 6 391
646 809 259 4939 204 6 1443
743 852 427 5375 189 48 1203
25 969 482 4900 195 42 2013
1012 1012 509 7703 305 13 1761
407 953 303 6387 278 48 1189
1045 68 563 11882 368 12 2065
607 664 233 3671 163 5 1261
673 287 317 3864 239 7 683
167 1038 477 6657 282 20 1635
51 712 307 4191 217 48 1041
679 51 473 6472 251 48 1113
1059 279 384 7124 271 20 1733
535 778 241 4065 243 5 1044
765 229 404 5919 242 48 1602
198 374 234 2820 182 5 1277
400 428 140 1610 134 5 931
787 433 374 3306 258 7 1116
191 390 247 3376 205 7 618
58 866 326 5790 290 7 1750
588 494 235 2892 164 6 925
968 140 463 6159 290 11 1603
163 684 296 4086 171 5 530
977 349 412 8463 328 11 1697
702 312 282 4998 229 6 885
930 99 387 7859 351 11 1285
685 1056 363 9089 215 42 1852
343 1064 442 6504 268 20 1522
334 21 344 4981 327 42 1513
1030 618 497 7338 303 20 1514
900 764 370 6744 194 42 1625
705 900 343 5771 323 42 1620
1 310 334 6535 251 48 1316
91 1008 347 6931 354 42 1121
845 161 408 5844 336 48 1286
697 308 369 5301 219 6 1665
506 216 280 3901 261 5 865
578 346 215 3327 131 7 1219
661 943 366 6848 330 7 1844
350 1063 356 6961 239 48 1023
450 942 366 5704 247 7 1302
912 482 415 4870 192 48 1116
862 38 545 7924 324 11 2198
892 788 438 4759 266 42 1438
317 136 379 4840 199 48 1189
335 569 120 1132 101 5 667
318 373 164 1997 117 5 950
498 529 149 1465 136 5 679
14 281 369 6636 247 48 1004
401 1059 386 4444 341 48 1901
216 836 326 4880 189 6 942
510 799 267 3889 191 5 1218
469 504 118 773 98 5 272
640 396 213 3077 187 7 1308
625 381 259 2820 188 5 1313
519 792 311 4278 173 6 882
524 431 205 1679 114 5 1249
580 481 238 2294 122 5 1189
592 702 267 3217 144 7 1404
387 559 62 349 60 5 362
975 148 431 8333 265 12 1652
331 360 209 2111 148 5 1129
247 738 286 3051 149 5 671
19 269 423 5926 190 42 1711
86 385 250 3178 236 5 720
296 542 125 986 96 5 479
901 71 454 7605 265 20 1611
1056 936 454 8312 280 12 1521
651 408 247 4092 236 7 1396
512 798 281 3632 143 5 1416
187 704 283 2815 236 7 602
516 1029 349 6726 332 48 1076
1046 253 491 10354 333 12 2103
504 539 159 1452 133 5 1008
794 258 301 5941 185 42 972
736 861 306 7130 191 7 1824
911 725 339 7115 193 48 1125
669 46 373 5056 232 42 1276
141 118 432 6298 233 7 1806
918 510 383 6134 255 42 1301
150 111 345 4932 309 42 1534
392 432 118 1129 136 5 772
662 786 350 4396 193 6 1231
630 968 381 6236 189 48 1044
1072 305 485 6439 215 12 2274
804 479 393 6229 223 6 856
929 97 511 5760 309 20 1926
358 753 259 2758 138 5 1215
791 762 341 4043 172 7 1207
870 187 352 7309 347 42 1682
629 32 354 7440 198 20 1402
291 648 183 2219 131 6 570
0 812 420 6947 288 42 1532
201 940 416 5020 242 48 1414
642 398 309 3999 170 5 1365
696 719 269 5147 165 6 1340
933 101 473 8496 335 12 1532
1006 429 379 8011 273 20 1948
382 562 66 346 75 5 311
66 45 415 6793 236 42 1881
181 427 194 2083 193 6 1420
774 237 394 6547 204 48 1651
665 781 309 4002 256 6 1089
859 36 484 9476 354 12 1725
742 358 289 5059 270 48 1035
914 489 354 7635 325 42 1605
857 1043 429 5625 326 20 1936
699 491 233 4041 233 7 552
203 202 334 5324 160 7 997
71 189 346 5764 184 7 892
760 825 295 6786 288 48 1359
1013 457 356 7238 237 20 1978
814 683 348 5531 298 48 1129
768 397 341 5093 188 7 1197
231 841 254 4114 262 5 1086
945 921 366 5930 264 42 2015
12 1084 368 7555 382 42 1507
780 243 385 5162 309 42 1864
76 436 304 3362 163 7 963
735 1016 412 7469 212 42 1313
609 135 294 6270 212 7 993
484 931 381 6124 201 6 1099
1074 311 551 8987 386 20 1650
239 175 265 5401 279 7 1627
492 676 158 2428 145 5 982
1028 554 502 5580 207 11 1653
195 380 271 3000 137 5 689
398 524 30 294 31 5 313
303 391 163 2054 190 5 487
782 970 478 5591 324 20 1469
133 125 436 4844 284 7 898
1089 858 573 10609 386 11 1812
747 365 291 5469 213 6 1041
656 155 424 3835 262 42 1062
113 313 301 3203 200 6 1452
29 252 293 4206 200 7 1191
944 923 386 10035 281 20 1254
890 411 453 5457 313 48 984
703 698 348 5230 153 5 1233
810 1089 500 7933 340 12 1349
41 231 413 5440 200 42 1828
97 585 263 4635 204 5 671
16 964 462 5952 220 48 1071
957 899 528 8819 313 20 1375
232 180 277 3589 251 7 1012
739 353 343 4271 158 48 1461
734 1018 411 7132 305 42 1947
368 458 117 1026 99 5 564
422 615 103 828 95 5 455
720 193 414 5380 323 7 1379
182 422 256 3102 171 6 480
1090 351 557 9752 296 11 1975
175 818 359 3505 271 7 1274
753 372 324 5218 296 7 1362
324 133 324 3837 286 48 1622
241 736 198 3881 143 7 615
263 635 189 2499 122 6 447
724 878 357 5110 185 7 1157
199 371 243 3930 153 7 976
149 920 416 6982 236 7 1757
1023 692 513 9100 305 11 1899
251 627 194 2533 185 5 697
156 807 359 5585 203 6 1509
186 407 212 2506 230 7 1288
475 696 221 1853 136 5 895
999 405 347 5265 282 11 1948
533 1023 342 6146 315 48 1521
924 556 431 4386 278 20 1830
452 1049 311 7314 202 42 1630
570 342 286 2216 227 7 953
750 840 337 5646 201 7 1058
92 758 315 3690 244 6 1367
789 767 317 4977 173 7 1807
980 849 506 5448 309 20 1607
224 329 267 2389 195 7 1428
219 336 274 2706 138 6 1182
479 933 345 5931 287 48 1606
412 846 307 2807 220 5 591
960 314 399 7762 242 42 1345
628 257 247 4225 251 7 960
1010 443 481 9027 251 20 1475
1086 122 515 8865 228 12 1789
208 581 167 2348 186 5 1133
598 860 283 4890 289 7 1004
599 686 287 3219 149 5 765
1098 1072 561 7608 397 14 1651
759 382 370 4471 259 7 1292
54 716 315 4779 281 6 1247
9 1083 512 7438 280 42 1603
1070 301 451 9961 335 11 1566
1000 1030 544 8075 303 11 2183
921 89 493 6588 340 12 1859
1007 1020 553 7576 401 13 1976
295 403 152 1995 167 6 1257
288 647 170 1802 174 6 1155
457 830 309 4378 203 5 1037
229 607 206 2236 115 5 611
557 455 193 2172 200 6 593
215 835 332 4968 247 6 1015
764 989 372 7201 291 20 1840
406 632 120 1478 89 5 353
567 885 320 5142 225 6 1671
554 452 227 2558 123 5 1039
823 10 429 7587 386 11 1670
206 357 290 2675 156 6 1304
584 487 216 2731 181 5 403
402 954 315 4435 275 7 1509
534 906 380 5335 233 6 1029
725 1026 441 8568 195 42 1953
1026 672 474 9404 270 20 2083
738 859 350 4623 235 7 1144
688 299 282 4539 242 6 1542
1093 1080 539 7588 438 13 1952
300 546 135 1214 125 5 1016
867 183 374 8333 225 20 1508
26 83 441 6352 268 20 1358
906 743 380 6170 246 48 1510
1081 1097 550 10879 383 12 2561
123 907 285 4740 280 7 1272
620 139 287 6572 298 42 1281
632 966 429 4245 264 7 1127
459 711 166 2588 182 5 1180
962 888 452 7260 254 42 1874
38 236 396 5514 209 7 1809
474 697 162 2810 137 6 625
122 633 308 3621 201 5 807
638 263 261 4545 249 7 704
603 526 204 3213 122 7 1099
897 430 441 7456 203 48 1888
803 477 300 3559 280 7 954
161 682 300 4044 198 5 1242
103 1014 459 5130 271 42 1031
655 154 341 6693 257 7 1532
727 1024 450 6222 248 48 1553
574 473 233 2327 137 5 1243
987 1048 586 8878 419 13 1825
345 350 210 2127 136 6 521
800 735 286 4564 186 48 1567
1024 685 517 5985 323 20 1668
18 91 339 7296 357 42 1672
1095 134 447 10486 360 12 1812
723 195 415 6703 304 7 1744
531 782 283 2816 168 7 589
15 277 340 4948 197 7 1765
304 652 185 2318 115 5 745
558 891 299 5135 193 48 1591
657 946 368 5290 330 42 1874
864 851 414 8006 329 48 1055
967 879 446 8959 311 20 1932
82 538 287 3648 157 5 744
925 565 337 6986 193 48 1292
487 814 286 4352 213 6 1143
950 119 455 7661 355 11 1695
866 42 438 10186 289 12 1698
174 93 397 6669 322 48 1827
377 1062 451 5754 189 42 1050
605 985 317 7084 183 42 1849
552 13 347 5209 219 42 1869
863 39 378 6020 277 11 1698
974 863 404 8702 357 11 1520
860 348 423 6742 227 7 983
861 857 355 7311 277 20 1524
28 1093 385 9938 217 20 1716
170 929 376 4351 311 7 969
416 845 230 3242 178 5 1531
106 605 217 3518 151 7 1404
210 583 205 2337 166 5 768
589 707 205 2176 151 6 801
841 892 390 7311 326 20 1999
110 613 280 2649 143 6 836
586 713 269 3257 239 6 643
528 9 386 6235 273 48 1062
757 378 286 3563 169 48 1368
963 887 394 8296 215 20 1957
650 803 298 3775 215 48 1482
63 200 339 5915 175 7 1053
1099 827 565 9528 300 12 1994
606 1104 365 5159 333 20 1793
986 1050 580 8920 389 13 1482
253 295 231 3335 166 6 1040
188 824 283 4977 243 7 1200
312 27 335 6883 245 48 1192
1033 978 497 8279 244 11 1586
835 19 401 5975 335 12 1220
712 666 339 3554 218 5 858
257 292 307 3687 232 7 1380
414 625 119 1201 78 5 500
660 789 287 5248 224 6 915
230 1054 424 7746 344 42 1026
610 1101 442 7536 331 42 1827
1087 862 452 11282 319 12 1837
714 548 320 4765 172 5 1200
836 153 357 7120 243 48 1678
1021 997 575 7389 411 11 2349
644 400 245 4092 180 5 980
36 690 271 4332 270 7 1447
826 144 394 7418 272 42 1155
886 401 397 4726 272 48 1729
496 668 217 1795 158 5 703
1041 245 524 8359 334 11 1382
667 779 364 4878 203 6 733
992 819 371 8582 351 42 1869
684 53 476 6051 325 20 1790
913 82 509 7226 347 11 2224
462 938 385 5868 182 48 1031
244 737 286 3553 205 6 938
166 238 259 4941 215 48 1458
1101 143 532 6580 387 12 2141
391 115 300 4611 246 6 1564
617 1098 380 7771 257 11 1680
65 1111 365 9008 318 11 1770
426 608 102 1062 71 5 446
340 20 440 6743 335 42 1606
868 43 531 8603 373 20 1988
633 965 300 5447 260 7 1807
40 979 391 6352 310 42 1920
344 126 343 5086 223 48 882
553 451 197 1836 155 6 1129
99 894 354 4164 221 48 983
777 793 400 6748 297 42 1543
549 765 294 2662 184 7 633
77 511 297 2841 248 6 1370
179 442 219 3085 144 5 1295
894 999 399 10115 294 12 1384
909 977 392 8492 318 12 2112
555 453 184 1505 148 5 446
70 874 378 6047 269 48 1756
1037 971 479 10075 288 11 1834
507 649 160 2458 146 6 759
72 998 451 8008 253 20 1535
242 619 194 1742 125 5 1243
797 120 418 5700 314 20 1479
846 883 423 5506 345 42 1232
390 1060 353 7219 271 20 1011
146 1031 325 5807 311 42 1480
783 780 314 6159 230 48 1150
464 1046 448 5034 336 48 1769
983 4 574 6596 379 12 1854
233 949 389 4851 222 42 1225
744 84 480 8518 328 42 1843
209 352 268 3924 209 5 606
197 79 444 7334 332 7 1490
985 160 373 6096 311 20 2179
681 52 356 4617 308 20 1550
267 159 354 3384 231 6 947
1083 873 415 9880 409 11 2174
176 92 316 5180 309 48 1224
94 576 285 3255 147 5 1106
525 787 288 3023 208 6 1268
637 146 302 6445 303 42 910
1071 902 558 8084 316 11 1392
101 766 296 4397 284 7 1096
321 563 94 1163 86 5 821
865 40 469 6131 340 11 2001
917 244 385 7630 352 20 1573
134 278 339 3869 226 48 1415
204 75 316 4186 236 42 1521
893 785 345 5937 228 20 1800
67 44 361 4987 272 20 1604
42 700 313 5342 186 48 706
1085 868 421 6818 290 11 1671
858 345 411 4360 326 7 1691
773 103 455 8668 260 42 1242
902 760 364 5171 317 20 1664
591 129 410 4832 283 42 1076
636 392 243 4275 177 5 743
927 95 367 6337 249 11 1651
112 901 358 5020 199 7 1043
142 267 366 5316 276 7 806
234 612 195 2612 159 5 1324
22 667 369 3686 190 6 1222
842 319 399 5254 260 42 1422
1073 898 399 9803 413 13 2040
130 284 318 3853 218 7 795
259 289 258 4204 221 6 824
713 67 438 7112 305 48 1604
529 220 258 3251 240 5 687
476 821 297 3403 237 6 924
998 404 425 5557 319 20 1207
223 186 342 5337 282 6 799
751 839 409 4981 246 42 960
115 621 313 2701 201 7 1510
1061 282 461 9792 313 20 2253
746 212 321 6623 252 42 882
795 259 329 4529 287 7 1475
1066 913 400 10206 394 13 1481
102 597 302 3604 223 6 821
840 1061 375 10236 328 11 1457
7 296 313 6319 259 48 1258
908 466 433 4976 309 20 1771
252 628 190 2454 167 5 486
13 826 413 4144 293 48 1796
237 734 221 2950 138 6 1052
96 582 313 4577 205 5 729
973 1067 545 10073 334 13 2060
873 190 362 7464 333 42 2045
151 671 218 4231 173 6 966
550 1015 432 6338 295 7 1477
1107 801 582 10484 327 12 2274
834 903 436 5600 328 20 1959
443 944 308 3421 183 7 1024
856 171 491 8721 359 48 1388
1042 246 504 7557 253 11 1935
501 660 192 2139 189 5 654
949 914 531 8918 321 42 1972
319 248 313 3973 146 7 976
1001 1028 483 11661 299 13 2073
951 910 508 6223 327 42 1509
995 395 496 8860 313 20 1825
10 290 297 4644 221 48 1600
1062 922 509 7662 408 11 1705
961 132 386 6956 257 12 2109
754 219 311 7139 180 7 1138
806 714 387 5401 295 7 1454
376 448 100 1213 86 5 1099
622 973 369 5692 197 42 1267
1110 412 522 6136 268 20 2051
1102 1066 599 11383 346 12 2015
855 33 432 8002 349 11 1438
44 982 481 5927 308 20 1046
680 755 290 4847 169 6 725
937 105 517 10412 273 12 1918
124 637 273 3499 159 6 623
435 727 189 2902 136 5 812
648 806 351 3827 192 7 1407
878 1019 524 9447 355 20 2161
996 808 365 5446 346 20 1510
1094 1078 480 9627 286 13 2561
573 1003 369 4900 320 48 1351
538 222 313 2882 196 6 1448
583 485 174 2955 197 6 796
43 66 419 8681 221 48 1167
976 150 385 6400 231 11 1320
87 29 356 5409 362 20 1739
