33
64
16
1
10
16
1
1
1000
1000
1807
892
125 0 7777777 111000111 222111222 25 987654000
125 25 7777777 111000111 222111222 25 987654025
125 50 7777777 111000111 222111222 25 987654050
125 75 7777777 111000111 222111222 25 987654075
125 100 7777777 111000111 222111222 25 987654100
125 125 7777777 111000111 222111222 25 987654125
125 150 7777777 111000111 222111222 25 987654150
125 175 7777777 111000111 222111222 25 987654175
125 200 7777777 111000111 222111222 25 987654200
125 225 7777777 111000111 222111222 25 987654225
125 250 7777777 111000111 222111222 25 987654250
125 275 7777777 111000111 222111222 25 987654275
125 300 7777777 111000111 222111222 25 987654300
125 325 7777777 111000111 222111222 25 987654325
125 350 7777777 111000111 222111222 25 987654350
125 375 7777777 111000111 222111222 25 987654375
125 400 7777777 111000111 222111222 25 987654400
125 425 7777777 111000111 222111222 25 987654425
125 450 7777777 111000111 222111222 25 987654450
125 475 7777777 111000111 222111222 25 987654475
125 500 7777777 111000111 222111222 25 987654500
125 525 7777777 111000111 222111222 25 987654525
125 550 7777777 111000111 222111222 25 987654550
125 575 7777777 111000111 222111222 25 987654575
125 600 7777777 111000111 222111222 25 987654600
125 625 7777777 111000111 222111222 25 987654625
125 650 7777777 111000111 222111222 25 987654650
125 675 7777777 111000111 222111222 25 987654675
125 700 7777777 111000111 222111222 25 987654700
125 725 7777777 111000111 222111222 25 987654725
125 750 7777777 111000111 222111222 25 987654750
125 775 7777777 111000111 222111222 25 987654775
125 800 7777777 111000111 222111222 25 987654800
125 825 7777777 111000111 222111222 25 987654825
125 850 7777777 111000111 222111222 25 987654850
125 875 7777777 111000111 222111222 25 987654875
250 1000 7777777 111000111 222111222 25 987654000
250 975 7777777 111000111 222111222 25 987654025
250 950 7777777 111000111 222111222 25 987654050
250 925 7777777 111000111 222111222 25 987654075
250 900 7777777 111000111 222111222 25 987654100
250 875 7777777 111000111 222111222 25 987654125
250 850 7777777 111000111 222111222 25 987654150
250 825 7777777 111000111 222111222 25 987654175
250 800 7777777 111000111 222111222 25 987654200
250 775 7777777 111000111 222111222 25 987654225
250 750 7777777 111000111 222111222 25 987654250
250 725 7777777 111000111 222111222 25 987654275
250 700 7777777 111000111 222111222 25 987654300
250 675 7777777 111000111 222111222 25 987654325
250 650 7777777 111000111 222111222 25 987654350
250 625 7777777 111000111 222111222 25 987654375
250 600 7777777 111000111 222111222 25 987654400
250 575 7777777 111000111 222111222 25 987654425
250 550 7777777 111000111 222111222 25 987654450
250 525 7777777 111000111 222111222 25 987654475
250 500 7777777 111000111 222111222 25 987654500
250 475 7777777 111000111 222111222 25 987654525
250 450 7777777 111000111 222111222 25 987654550
250 425 7777777 111000111 222111222 25 987654575
250 400 7777777 111000111 222111222 25 987654600
250 375 7777777 111000111 222111222 25 987654625
250 350 7777777 111000111 222111222 25 987654650
250 325 7777777 111000111 222111222 25 987654675
250 300 7777777 111000111 222111222 25 987654700
250 275 7777777 111000111 222111222 25 987654725
250 250 7777777 111000111 222111222 25 987654750
250 225 7777777 111000111 222111222 25 987654775
250 200 7777777 111000111 222111222 25 987654800
250 175 7777777 111000111 222111222 25 987654825
250 150 7777777 111000111 222111222 25 987654850
250 125 7777777 111000111 222111222 25 987654875
375 0 7777777 111000111 222111222 25 987654000
375 25 7777777 111000111 222111222 25 987654025
375 50 7777777 111000111 222111222 25 987654050
375 75 7777777 111000111 222111222 25 987654075
375 100 7777777 111000111 222111222 25 987654100
375 125 7777777 111000111 222111222 25 987654125
375 150 7777777 111000111 222111222 25 987654150
375 175 7777777 111000111 222111222 25 987654175
375 200 7777777 111000111 222111222 25 987654200
375 225 7777777 111000111 222111222 25 987654225
375 250 7777777 111000111 222111222 25 987654250
375 275 7777777 111000111 222111222 25 987654275
375 300 7777777 111000111 222111222 25 987654300
375 325 7777777 111000111 222111222 25 987654325
375 350 7777777 111000111 222111222 25 987654350
375 375 7777777 111000111 222111222 25 987654375
375 400 7777777 111000111 222111222 25 987654400
375 425 7777777 111000111 222111222 25 987654425
375 450 7777777 111000111 222111222 25 987654450
375 475 7777777 111000111 222111222 25 987654475
375 500 7777777 111000111 222111222 25 987654500
375 525 7777777 111000111 222111222 25 987654525
375 550 7777777 111000111 222111222 25 987654550
375 575 7777777 111000111 222111222 25 987654575
375 600 7777777 111000111 222111222 25 987654600
375 625 7777777 111000111 222111222 25 987654625
375 650 7777777 111000111 222111222 25 987654650
375 675 7777777 111000111 222111222 25 987654675
375 700 7777777 111000111 222111222 25 987654700
375 725 7777777 111000111 222111222 25 987654725
375 750 7777777 111000111 222111222 25 987654750
375 775 7777777 111000111 222111222 25 987654775
375 800 7777777 111000111 222111222 25 987654800
375 825 7777777 111000111 222111222 25 987654825
375 850 7777777 111000111 222111222 25 987654850
375 875 7777777 111000111 222111222 25 987654875
500 1000 7777777 111000111 222111222 25 987654000
500 975 7777777 111000111 222111222 25 987654025
500 950 7777777 111000111 222111222 25 987654050
500 925 7777777 111000111 222111222 25 987654075
500 900 7777777 111000111 222111222 25 987654100
500 875 7777777 111000111 222111222 25 987654125
500 850 7777777 111000111 222111222 25 987654150
500 825 7777777 111000111 222111222 25 987654175
500 800 7777777 111000111 222111222 25 987654200
500 775 7777777 111000111 222111222 25 987654225
500 750 7777777 111000111 222111222 25 987654250
500 725 7777777 111000111 222111222 25 987654275
500 700 7777777 111000111 222111222 25 987654300
500 675 7777777 111000111 222111222 25 987654325
500 650 7777777 111000111 222111222 25 987654350
500 625 7777777 111000111 222111222 25 987654375
500 600 7777777 111000111 222111222 25 987654400
500 575 7777777 111000111 222111222 25 987654425
500 550 7777777 111000111 222111222 25 987654450
500 525 7777777 111000111 222111222 25 987654475
500 500 7777777 111000111 222111222 25 987654500
500 475 7777777 111000111 222111222 25 987654525
500 450 7777777 111000111 222111222 25 987654550
500 425 7777777 111000111 222111222 25 987654575
500 400 7777777 111000111 222111222 25 987654600
500 375 7777777 111000111 222111222 25 987654625
500 350 7777777 111000111 222111222 25 987654650
500 325 7777777 111000111 222111222 25 987654675
500 300 7777777 111000111 222111222 25 987654700
500 275 7777777 111000111 222111222 25 987654725
500 250 7777777 111000111 222111222 25 987654750
500 225 7777777 111000111 222111222 25 987654775
500 200 7777777 111000111 222111222 25 987654800
500 175 7777777 111000111 222111222 25 987654825
500 150 7777777 111000111 222111222 25 987654850
500 125 7777777 111000111 222111222 25 987654875
625 0 7777777 111000111 222111222 25 987654000
625 25 7777777 111000111 222111222 25 987654025
625 50 7777777 111000111 222111222 25 987654050
625 75 7777777 111000111 222111222 25 987654075
625 100 7777777 111000111 222111222 25 987654100
625 125 7777777 111000111 222111222 25 987654125
625 150 7777777 111000111 222111222 25 987654150
625 175 7777777 111000111 222111222 25 987654175
625 200 7777777 111000111 222111222 25 987654200
625 225 7777777 111000111 222111222 25 987654225
625 250 7777777 111000111 222111222 25 987654250
625 275 7777777 111000111 222111222 25 987654275
625 300 7777777 111000111 222111222 25 987654300
625 325 7777777 111000111 222111222 25 987654325
625 350 7777777 111000111 222111222 25 987654350
625 375 7777777 111000111 222111222 25 987654375
625 400 7777777 111000111 222111222 25 987654400
625 425 7777777 111000111 222111222 25 987654425
625 450 7777777 111000111 222111222 25 987654450
625 475 7777777 111000111 222111222 25 987654475
625 500 7777777 111000111 222111222 25 987654500
625 525 7777777 111000111 222111222 25 987654525
625 550 7777777 111000111 222111222 25 987654550
625 575 7777777 111000111 222111222 25 987654575
625 600 7777777 111000111 222111222 25 987654600
625 625 7777777 111000111 222111222 25 987654625
625 650 7777777 111000111 222111222 25 987654650
625 675 7777777 111000111 222111222 25 987654675
625 700 7777777 111000111 222111222 25 987654700
625 725 7777777 111000111 222111222 25 987654725
625 750 7777777 111000111 222111222 25 987654750
625 775 7777777 111000111 222111222 25 987654775
625 800 7777777 111000111 222111222 25 987654800
625 825 7777777 111000111 222111222 25 987654825
625 850 7777777 111000111 222111222 25 987654850
625 875 7777777 111000111 222111222 25 987654875
750 1000 7777777 111000111 222111222 25 987654000
750 975 7777777 111000111 222111222 25 987654025
750 950 7777777 111000111 222111222 25 987654050
750 925 7777777 111000111 222111222 25 987654075
750 900 7777777 111000111 222111222 25 987654100
750 875 7777777 111000111 222111222 25 987654125
750 850 7777777 111000111 222111222 25 987654150
750 825 7777777 111000111 222111222 25 987654175
750 800 7777777 111000111 222111222 25 987654200
750 775 7777777 111000111 222111222 25 987654225
750 750 7777777 111000111 222111222 25 987654250
750 725 7777777 111000111 222111222 25 987654275
750 700 7777777 111000111 222111222 25 987654300
750 675 7777777 111000111 222111222 25 987654325
750 650 7777777 111000111 222111222 25 987654350
750 625 7777777 111000111 222111222 25 987654375
750 600 7777777 111000111 222111222 25 987654400
750 575 7777777 111000111 222111222 25 987654425
750 550 7777777 111000111 222111222 25 987654450
750 525 7777777 111000111 222111222 25 987654475
750 500 7777777 111000111 222111222 25 987654500
750 475 7777777 111000111 222111222 25 987654525
750 450 7777777 111000111 222111222 25 987654550
750 425 7777777 111000111 222111222 25 987654575
750 400 7777777 111000111 222111222 25 987654600
750 375 7777777 111000111 222111222 25 987654625
750 350 7777777 111000111 222111222 25 987654650
750 325 7777777 111000111 222111222 25 987654675
750 300 7777777 111000111 222111222 25 987654700
750 275 7777777 111000111 222111222 25 987654725
750 250 7777777 111000111 222111222 25 987654750
750 225 7777777 111000111 222111222 25 987654775
750 200 7777777 111000111 222111222 25 987654800
750 175 7777777 111000111 222111222 25 987654825
750 150 7777777 111000111 222111222 25 987654850
750 125 7777777 111000111 222111222 25 987654875
875 0 7777777 111000111 222111222 25 987654000
875 25 7777777 111000111 222111222 25 987654025
875 50 7777777 111000111 222111222 25 987654050
875 75 7777777 111000111 222111222 25 987654075
875 100 7777777 111000111 222111222 25 987654100
875 125 7777777 111000111 222111222 25 987654125
875 150 7777777 111000111 222111222 25 987654150
875 175 7777777 111000111 222111222 25 987654175
875 200 7777777 111000111 222111222 25 987654200
875 225 7777777 111000111 222111222 25 987654225
875 250 7777777 111000111 222111222 25 987654250
875 275 7777777 111000111 222111222 25 987654275
875 300 7777777 111000111 222111222 25 987654300
875 325 7777777 111000111 222111222 25 987654325
875 350 7777777 111000111 222111222 25 987654350
875 375 7777777 111000111 222111222 25 987654375
875 400 7777777 111000111 222111222 25 987654400
875 425 7777777 111000111 222111222 25 987654425
875 450 7777777 111000111 222111222 25 987654450
875 475 7777777 111000111 222111222 25 987654475
875 500 7777777 111000111 222111222 25 987654500
875 525 7777777 111000111 222111222 25 987654525
875 550 7777777 111000111 222111222 25 987654550
875 575 7777777 111000111 222111222 25 987654575
875 600 7777777 111000111 222111222 25 987654600
875 625 7777777 111000111 222111222 25 987654625
875 650 7777777 111000111 222111222 25 987654650
875 675 7777777 111000111 222111222 25 987654675
875 700 7777777 111000111 222111222 25 987654700
875 725 7777777 111000111 222111222 25 987654725
875 750 7777777 111000111 222111222 25 987654750
875 775 7777777 111000111 222111222 25 987654775
875 800 7777777 111000111 222111222 25 987654800
875 825 7777777 111000111 222111222 25 987654825
875 850 7777777 111000111 222111222 25 987654850
875 875 7777777 111000111 222111222 25 987654875
948 106 1067 9275 1098 43 146
957 900 1417 10587 1208 49 149
555 51 800 6267 697 39 121
786 363 1095 8245 982 38 130
468 842 744 5184 881 31 102
436 39 745 3893 843 37 62
838 918 1110 7488 1331 41 119
544 779 848 4893 934 36 69
336 69 651 2819 512 27 65
915 833 1304 7685 1030 54 143
466 172 860 5254 630 38 97
588 412 852 5152 1014 35 95
982 701 1357 9207 1151 59 166
465 762 788 5498 604 35 68
593 361 720 4892 720 33 126
534 552 741 5671 715 33 105
385 982 641 3350 733 22 68
294 655 482 3190 443 25 59
768 17 982 8425 1094 50 113
803 691 1029 8235 1071 49 141
907 108 1235 7386 1062 41 163
443 504 784 5094 725 22 64
950 152 1301 9710 1342 49 166
566 691 725 5042 689 40 76
690 527 820 7894 1145 44 108
285 663 435 2744 551 27 35
423 846 716 4740 769 36 110
983 662 1162 8882 1250 57 146
831 439 1275 9234 1209 42 124
925 771 1272 9607 1139 42 125
679 219 819 7031 1062 45 92
574 732 826 5651 1017 31 92
998 338 1211 11620 1112 54 176
803 153 978 7203 928 48 123
553 799 896 5168 895 40 95
417 121 627 4639 671 27 51
300 608 493 3263 591 18 55
581 168 791 6904 961 29 81
215 954 407 2081 424 13 69
538 925 955 5649 917 37 76
157 173 302 1851 407 15 26
796 132 896 8304 902 43 136
407 365 713 4631 738 33 89
556 286 807 5199 870 39 109
537 636 722 6229 765 40 119
842 388 1328 10164 1282 51 103
703 939 1173 7500 996 37 98
329 693 462 3137 670 28 67
730 76 1192 7164 1209 39 126
631 959 1052 7649 997 32 111
319 279 624 3860 461 27 87
197 317 419 2180 351 19 66
163 161 362 1491 393 18 52
408 429 765 3524 663 36 56
584 855 828 6522 909 43 95
221 27 518 1888 404 14 39
996 285 1270 11381 1374 58 153
969 969 1250 9870 1020 45 148
919 503 1340 8241 952 53 150
962 734 1141 10324 1321 54 137
324 152 601 3699 638 28 69
297 222 494 2583 577 28 58
316 444 587 3897 597 21 59
947 214 1057 7989 1375 44 142
986 156 1027 8794 1385 55 134
554 144 884 5477 771 41 93
581 407 884 5627 696 28 123
946 971 1046 10641 1326 43 163
180 400 416 1949 391 26 68
465 101 618 4923 804 36 63
712 448 967 5968 795 42 100
209 860 440 2188 388 17 69
677 50 789 8060 1081 43 127
814 888 898 7288 946 48 138
816 534 1128 7079 885 42 157
207 912 383 2138 413 26 46
425 781 679 4093 667 26 96
456 169 799 4792 625 23 90
717 740 935 8430 1042 42 129
216 459 486 2584 402 21 68
342 536 617 3882 499 28 53
416 138 610 3660 762 32 82
192 604 460 2256 327 17 72
678 151 897 6021 1066 37 85
423 630 775 4834 732 23 69
921 423 1081 9788 1115 51 135
975 478 1095 7906 996 47 120
964 334 1057 11602 1307 45 146
307 198 510 3701 466 19 71
741 45 1200 8506 963 41 137
160 533 316 1979 366 20 32
781 591 1077 8253 1078 51 118
983 840 1133 8684 1385 49 150
840 707 947 9687 1224 52 150
804 81 1008 6981 1037 49 107
833 343 1310 8415 1010 38 109
828 340 1031 7719 1224 48 157
456 10 763 3826 757 32 80
321 412 563 2671 485 26 80
953 570 1076 10038 1385 56 159
161 262 310 1484 348 18 52
565 933 885 6340 777 32 124
936 653 1268 7679 1430 51 144
582 490 1013 6928 861 32 83
421 192 776 4823 615 21 104
583 878 752 5878 973 34 76
338 679 567 3858 585 19 63
664 654 1054 7388 1068 39 138
569 501 765 5388 733 38 80
304 535 647 2605 648 27 96
999 158 1458 10579 1345 46 178
972 993 1443 10077 1429 58 168
919 202 1208 9390 951 48 136
326 247 510 3474 641 19 62
660 707 876 6338 878 39 113
979 827 1038 9613 1349 56 133
806 566 896 7271 1041 49 113
535 6 843 5617 831 26 72
809 604 1129 6950 1077 38 119
799 884 1015 7257 1166 50 96
318 660 599 3420 535 27 70
685 764 1097 7539 1031 44 112
987 983 1019 10333 1170 47 157
157 224 371 1435 293 13 76
418 250 801 3441 750 25 102
934 20 1084 9767 1384 46 160
555 721 700 6054 741 31 105
964 307 1461 10040 1016 48 125
216 60 466 2365 426 28 40
785 19 1194 9063 1219 51 128
423 311 808 4976 797 22 51
998 878 1081 9000 1127 59 179
833 467 1264 9433 1213 39 107
794 475 1021 8002 1236 37 103
917 238 1334 7911 1339 49 114
190 319 399 2279 408 23 53
956 92 1346 9068 1301 53 148
323 746 551 3287 511 17 44
690 966 1107 5776 913 39 94
420 368 579 3601 682 22 51
215 491 356 1990 462 18 69
993 46 1252 11612 1387 59 173
200 152 436 2160 326 27 51
421 974 655 4594 667 23 59
949 604 1007 8978 1080 47 167
304 643 574 3751 608 17 59
547 168 723 5324 820 41 109
321 812 627 3772 483 21 65
287 675 444 3360 557 31 83
671 821 978 6121 1118 37 92
192 515 364 1938 345 25 25
581 220 819 5441 778 43 129
710 210 1059 7641 878 38 112
283 227 533 3232 489 25 54
963 554 1081 7948 1039 49 151
846 890 1087 10181 920 50 143
168 497 294 1563 301 14 55
508 30 857 4314 823 27 114
436 385 715 3999 574 29 84
915 210 1202 10758 956 49 136
931 151 1206 9553 1040 42 129
674 911 1099 8048 972 37 138
181 123 379 2189 371 13 34
339 237 562 3201 477 22 93
185 290 435 1763 457 27 77
170 763 347 1610 394 23 50
203 127 368 2328 370 23 41
409 105 775 4238 714 36 105
423 250 771 4903 608 23 78
285 282 613 2421 432 31 71
689 207 1081 8107 1156 39 105
924 429 1068 9486 1373 44 121
458 397 702 4941 672 23 103
410 822 563 4896 660 28 94
537 63 859 5236 762 27 124
228 4 473 2678 429 18 67
593 923 758 6197 790 42 104
548 53 662 5036 752 26 109
304 847 455 2853 489 28 50
948 133 1068 8942 1389 53 146
415 386 732 3973 693 30 58
215 244 422 2469 422 22 55
178 756 340 1692 449 21 44
816 564 1010 8581 1172 45 106
458 362 668 4134 754 36 93
780 738 1244 7298 1084 51 113
710 821 1018 7181 1024 44 103
422 494 706 4886 725 30 99
684 939 1054 7240 921 35 129
802 576 1091 9502 1109 46 143
390 954 540 4306 615 27 72
289 586 557 3139 482 30 77
666 868 1063 7045 860 33 139
920 37 1016 9003 1377 41 167
800 360 1129 8344 1231 46 153
961 20 1214 10897 1368 58 173
687 767 1004 5615 1075 47 88
198 589 323 1936 424 21 82
467 115 611 5480 793 31 80
314 110 643 2889 548 31 44
662 270 755 6041 756 34 84
680 595 1127 6623 1128 33 122
305 689 590 2937 547 24 59
717 658 1035 7583 889 41 86
825 547 968 8263 1171 40 120
575 710 739 5324 863 29 77
669 730 988 5808 847 37 86
955 855 1259 7864 1141 46 151
573 810 757 4952 710 31 119
445 552 791 3823 676 30 68
217 538 516 1871 404 27 44
305 507 501 3108 503 31 95
565 614 761 6702 855 42 117
675 740 959 5856 1063 37 107
300 662 556 2597 640 29 49
205 855 362 1723 474 28 61
945 791 1143 9628 1356 57 133
837 18 1066 7432 1169 48 151
569 122 778 5952 982 37 80
413 98 676 4283 776 22 50
342 766 641 2816 542 25 93
500 5 814 5788 830 31 69
587 49 806 5310 1011 35 77
664 24 789 7555 1035 34 96
212 391 458 2343 346 15 35
817 166 1080 6881 947 43 149
937 962 1203 8178 1022 56 113
421 399 640 4758 561 22 76
816 225 896 8050 1296 37 142
798 577 1007 7331 1054 40 132
337 775 651 3705 667 19 87
282 980 567 3186 618 31 47
445 524 790 4641 627 37 71
418 983 758 3963 552 28 100
336 229 621 3011 631 20 59
556 463 984 6006 739 42 86
160 329 319 1851 307 14 61
213 682 428 1947 452 25 49
624 994 940 6449 978 41 77
946 565 987 11200 1330 51 145
874 953 1182 8602 1205 44 131
208 189 350 2195 445 19 36
750 71 888 6154 1199 35 146
783 113 962 7344 1122 48 106
426 997 638 3846 666 29 75
157 547 395 1362 376 21 71
813 948 911 7325 1107 39 128
689 909 812 7483 944 42 110
963 846 1085 11050 1281 49 120
957 25 994 7782 1455 44 174
808 370 1170 9652 1271 46 137
303 767 548 2594 449 19 80
310 666 623 2710 604 21 93
683 974 964 5629 917 42 141
289 512 542 2568 497 24 91
211 827 472 2497 394 20 71
417 906 666 4933 632 27 82
560 171 833 5423 732 37 73
575 89 755 6172 899 33 77
698 985 1169 7213 968 44 108
315 53 572 3281 570 19 95
409 638 748 3703 636 21 71
998 112 1017 10389 1047 47 161
976 752 1361 10512 1064 48 123
178 221 424 1564 363 18 63
158 654 325 1580 308 25 39
915 569 1149 10577 1315 51 157
173 426 316 2000 429 22 66
844 898 1151 9155 1094 48 112
935 942 1317 11311 1366 54 137
924 36 1044 10377 1362 44 138
670 138 1035 5987 1046 43 131
503 65 662 6079 930 32 69
142 934 380 1723 279 24 48
306 500 451 3608 575 18 62
573 343 710 6036 912 30 125
427 678 678 4307 630 24 76
819 320 971 9835 930 52 136
681 178 940 7378 972 41 139
315 978 465 3420 450 19 63
202 865 483 2059 443 25 36
438 925 654 4164 591 30 107
449 651 654 4869 644 26 105
345 837 498 4109 696 19 56
795 571 1191 7111 1211 50 138
875 967 1330 9344 1309 44 148
782 993 999 6331 1192 46 144
438 466 627 4633 672 26 105
433 411 683 3973 661 32 99
320 551 538 3902 623 29 89
164 921 298 1692 337 24 50
994 599 1314 9595 1459 54 161
333 330 662 3925 535 20 47
425 921 740 5086 759 30 87
833 985 887 9506 987 52 144
935 206 1420 8238 1362 49 168
295 193 503 2485 479 24 41
694 190 1051 8069 855 33 133
573 378 1006 6048 955 37 114
336 624 621 3175 692 22 99
203 358 442 1872 355 22 27
212 581 468 2084 379 19 65
541 607 968 5779 747 36 99
800 339 1016 8449 922 43 115
547 24 903 4670 807 35 78
253 87 427 2641 457 20 52
675 368 953 6378 774 34 121
998 506 1434 9175 1224 49 137
968 534 1071 10467 1235 47 153
180 412 407 1762 310 23 70
567 460 973 5111 974 33 122
605 905 971 5622 799 29 117
424 533 685 3960 694 22 74
697 252 1160 7196 1113 36 100
830 444 1260 9571 927 51 108
583 467 942 4832 859 32 116
299 180 527 3648 575 24 37
839 199 1160 6958 1264 38 150
992 437 1362 9262 1201 53 147
466 749 693 4500 677 23 92
657 234 978 7115 1085 44 132
291 110 550 2743 473 23 66
282 15 429 2738 565 30 44
336 196 659 2967 618 19 60
837 798 1066 10117 1072 40 138
196 249 431 2069 331 27 58
690 493 790 6482 873 39 129
216 705 380 2277 427 16 66
290 746 445 3309 532 22 59
179 723 381 1625 374 25 70
969 791 985 8392 1416 49 147
125 939 237 1252 295 9 68
985 407 1362 11486 1308 59 172
458 269 816 3859 767 24 70
317 911 530 3756 453 24 44
340 325 629 3290 685 25 53
409 480 543 4052 611 31 63
193 654 348 1657 374 12 77
216 949 511 2474 345 17 84
825 354 1263 8015 1017 49 145
960 61 1270 11170 1159 47 159
906 758 1150 9879 1081 46 124
976 964 1034 10502 1048 45 155
709 975 1174 8126 1145 44 86
703 663 860 6175 1015 47 142
430 114 749 4080 623 37 99
836 249 1111 10013 1283 53 105
681 674 1108 6500 1050 44 104
310 954 524 2785 602 28 55
169 282 307 1618 318 18 41
681 964 800 6118 990 46 121
801 146 1014 9550 1195 50 105
198 519 452 2185 479 18 35
929 110 1114 7530 1055 43 150
414 75 656 4502 678 32 68
576 275 847 6122 815 29 103
194 785 411 1694 340 24 24
284 951 611 3204 609 25 54
794 964 930 7764 1105 39 118
372 956 680 4531 540 32 62
819 339 985 8856 1113 50 110
820 196 932 9255 917 37 105
539 110 974 6364 850 37 92
211 808 367 2067 478 27 57
457 568 613 3775 589 23 92
963 193 1033 8889 1153 50 137
806 769 1208 7021 948 42 107
316 92 643 3337 666 25 41
683 456 964 6564 938 32 83
920 64 1212 7520 1020 46 143
883 937 1149 7334 1185 53 164
953 863 1002 9909 1170 44 140
818 853 993 8141 1075 48 115
305 650 484 3516 496 17 48
949 39 1084 9509 1191 53 173
562 304 862 5504 862 32 92
283 502 573 2981 452 20 89
255 92 571 2366 469 26 73
812 419 1086 9778 1108 38 141
215 715 411 2169 366 15 51
575 446 974 4923 869 31 112
890 950 1331 10423 1264 50 109
956 603 1191 9449 1037 58 164
799 466 1038 6675 1170 38 134
803 901 961 8903 1189 42 104
675 359 1145 7233 1121 44 113
802 732 1136 8066 913 45 122
310 262 642 3502 578 28 81
796 206 977 6918 1072 42 136
590 693 776 5371 982 38 76
668 224 924 6272 1056 40 81
570 745 820 6592 789 32 98
314 564 606 2754 502 18 86
285 547 602 3324 466 26 67
693 662 990 6331 878 34 139
337 110 481 3009 679 21 82
175 469 359 1472 345 15 80
731 36 1014 8446 1210 36 104
999 534 1081 11609 1170 50 170
192 254 451 2284 326 14 39
325 262 505 3599 561 21 79
291 455 461 2911 520 27 44
668 559 1095 7197 1114 39 121
711 677 1140 6916 910 41 102
557 885 766 5473 907 27 78
447 96 814 5275 660 30 101
426 530 666 3835 726 35 95
682 391 985 6566 1078 32 121
919 628 1301 10257 1368 51 152
253 45 536 3068 431 22 83
464 375 767 5341 650 24 89
180 628 365 2068 327 14 24
626 964 968 5689 769 42 79
838 279 1123 8439 1215 45 111
566 697 731 5346 952 28 95
990 658 1012 11017 1064 52 149
535 870 899 6399 729 39 112
174 573 390 2063 314 23 32
832 601 1173 8100 907 48 140
922 412 1342 10133 1243 48 144
815 828 967 8493 1108 51 149
978 287 1099 9443 1046 49 173
290 178 525 2686 575 23 41
829 273 1272 10004 965 47 150
568 442 831 4754 800 27 125
916 865 959 9442 972 42 128
250 23 402 2679 388 22 52
689 201 987 6568 786 40 142
150 963 375 1277 352 17 26
827 207 1212 8024 941 48 123
203 271 365 1783 342 16 75
783 301 982 9362 1128 50 118
965 391 1329 10153 1373 46 167
560 927 963 6675 833 28 124
449 539 639 5185 686 24 63
975 215 1093 9695 1341 56 165
929 393 1033 11074 1155 45 119
438 409 772 5119 758 29 63
158 222 385 1463 342 11 30
914 269 1376 8592 1172 43 167
959 950 1393 8876 1228 44 168
684 136 1007 7805 1026 42 85
802 910 1110 7073 883 50 137
710 842 1098 7021 1096 36 136
966 485 1322 8844 1260 50 141
909 640 1032 7673 1371 56 159
589 491 1026 5180 844 43 86
465 312 832 4534 728 33 88
800 4 1179 9521 1270 44 145
177 214 387 1808 399 16 34
723 42 1078 8721 968 44 107
928 147 974 10910 1102 52 120
532 7 891 4882 897 36 121
643 964 1001 6672 750 31 84
293 517 612 3448 437 25 63
842 569 1316 8957 1219 47 106
698 316 886 5917 849 47 111
419 649 792 4428 779 32 80
212 426 345 1959 447 23 40
177 159 366 2212 375 26 42
207 37 460 2581 399 16 42
673 594 998 7778 1085 41 132
924 50 959 9662 1090 44 169
329 80 607 3051 685 19 55
699 634 800 8410 1099 37 121
791 161 1005 6448 966 42 115
202 292 343 2441 451 13 40
331 321 564 3589 465 31 83
695 970 1018 8263 1002 43 139
588 968 730 4895 880 28 90
569 195 914 6916 860 34 95
312 804 658 2697 638 18 88
586 676 702 7020 735 28 92
920 97 1331 9424 1251 42 151
949 255 1006 9837 1196 46 123
792 15 1278 9160 956 44 123
824 532 1313 8272 1195 45 142
803 203 1102 6701 1057 51 119
993 224 1443 10415 1224 59 158
679 928 907 8019 832 44 136
661 632 821 7462 895 36 128
818 496 1005 8886 1149 49 147
300 191 439 3166 596 28 55
330 459 527 3472 498 25 58
794 465 1160 7414 1231 49 108
924 70 992 8607 1064 50 151
968 689 1097 8108 1090 51 171
672 723 815 6980 1046 39 114
330 364 529 3847 475 26 77
588 552 815 6821 985 33 117
450 614 655 4148 716 26 99
972 523 1165 11356 1081 50 123
558 641 753 5291 809 42 113
915 892 1162 9231 1154 50 159
934 165 1177 9659 1124 46 119
941 827 1405 9186 1371 53 157
790 962 1249 8774 860 51 109
303 9 618 3175 623 29 43
732 17 1166 6793 928 41 147
289 92 623 2593 595 24 38
584 512 692 6274 1002 37 92
208 103 428 1897 445 16 25
814 448 1016 8121 1197 52 102
687 573 901 6588 1096 32 95
407 858 792 3353 611 34 72
782 496 1123 6939 1179 46 117
675 577 1145 8040 813 39 130
548 36 900 4799 767 30 101
552 888 935 6309 832 41 99
402 971 765 4308 594 24 89
576 36 745 6280 916 31 93
785 341 1164 8245 1261 48 107
854 971 1177 8052 960 44 157
955 698 1047 9862 1089 43 149
426 862 798 4838 769 25 56
568 501 858 5712 770 28 123
447 334 587 5105 660 34 101
296 47 547 3129 596 18 82
314 962 657 3063 563 22 78
220 362 365 1855 365 23 43
713 361 822 7320 798 46 127
897 959 1332 9557 938 53 158
933 11 1052 9733 1416 48 141
932 102 1130 11212 1198 54 143
938 676 1010 8061 1368 53 137
891 944 1042 8924 1027 52 120
913 674 1179 10462 1317 46 137
450 682 813 3871 711 28 113
675 622 1029 7646 1142 38 132
690 998 824 6738 853 43 110
186 342 360 1604 385 14 48
791 331 1240 7491 1240 50 127
322 686 499 2842 566 31 98
356 949 529 3952 595 19 95
313 256 585 2655 469 18 56
532 103 848 5144 947 35 108
283 611 552 2370 451 17 87
986 475 1390 8691 1281 57 135
463 756 763 5096 702 27 111
287 190 583 2606 560 23 87
201 462 374 1907 383 26 39
704 812 850 8538 1134 34 95
341 336 633 3634 639 33 77
454 911 858 4621 735 30 56
928 809 1294 11232 960 51 121
196 782 431 2387 429 16 81
178 251 368 1863 405 21 74
281 137 580 3471 530 30 76
967 431 1032 9290 1071 45 126
814 255 1225 7074 907 42 124
430 368 783 5128 707 31 56
688 1 1100 8099 1119 40 111
567 585 759 5468 710 37 104
294 93 481 3439 462 26 41
589 51 781 5873 754 32 85
699 133 836 8197 1011 36 103
665 290 1059 6338 768 31 106
456 788 808 4237 803 30 58
452 692 733 4376 747 35 66
533 75 950 5988 655 40 112
334 291 545 2804 490 21 90
974 669 1358 9890 1464 52 156
992 348 1297 11581 1136 53 171
811 800 1211 6933 1060 42 123
560 0 999 5367 931 28 91
292 158 573 3447 476 19 88
833 177 1277 9388 1096 45 130
839 369 1125 6933 959 50 153
351 954 618 4011 529 31 66
823 67 1248 8557 1114 50 122
929 641 1182 9559 1190 50 133
934 722 1123 9564 1246 47 120
668 519 794 7300 804 44 91
995 361 1304 9447 1058 53 151
175 488 407 2150 360 11 51
588 537 718 5751 933 29 98
440 42 619 4451 584 30 65
986 32 1342 10300 1085 55 136
995 128 1083 12045 1140 54 134
958 981 1096 11102 1147 53 155
948 11 1074 8793 1399 47 161
315 877 476 2945 521 24 56
408 167 752 3405 557 30 52
446 685 642 3789 721 33 106
961 515 1071 11199 1137 57 162
922 934 1207 8375 1383 46 166
874 971 1106 10153 992 39 141
442 479 840 5328 692 37 94
588 691 896 5174 1037 32 114
814 955 1259 7353 1152 44 105
335 3 514 3108 617 19 65
531 104 910 4404 912 34 107
956 184 1022 8979 1224 56 146
561 947 1006 4713 685 28 98
199 662 432 2461 340 18 68
694 330 900 8327 1076 32 96
653 965 974 7132 780 39 120
713 522 892 7303 1179 40 137
179 651 427 2167 325 21 52
944 715 1063 7884 1213 53 120
818 177 1152 7365 1147 41 151
449 589 738 5198 825 35 60
554 850 780 6716 878 38 92
947 186 1174 10175 1429 53 171
428 909 735 4756 610 26 91
683 745 946 5736 785 41 90
820 198 1169 6890 998 51 114
762 64 1135 6602 1107 41 131
426 590 642 3754 769 35 90
184 878 439 2030 368 21 75
935 416 961 10343 1383 57 164
909 42 996 7362 1125 42 144
659 399 821 5708 937 31 113
824 746 1029 8004 997 42 109
844 513 1148 9438 1303 38 160
702 509 858 5970 954 43 105
914 544 1262 7980 1102 43 125
385 973 528 4263 743 32 66
947 560 1445 11174 1338 56 152
981 847 1369 8180 1038 46 150
707 764 971 7526 867 35 116
623 999 805 5893 757 44 86
558 535 801 6197 719 42 93
782 517 853 7082 905 38 136
158 251 287 1727 387 19 27
289 667 437 2926 561 24 65
706 941 914 6955 824 48 89
170 434 329 2066 426 23 60
128 926 344 1163 333 25 75
687 950 1003 7978 1107 34 132
700 956 871 7424 830 40 99
827 897 941 9642 1017 40 117
583 801 1020 6365 928 41 81
803 234 1242 7928 1178 45 117
688 563 902 7168 831 35 136
333 99 559 3564 574 21 72
794 410 1055 9174 1243 46 110
581 958 743 5891 696 31 105
445 962 754 3895 603 29 107
585 581 817 4933 926 34 86
