25
50
16
1
16
19
1
1
1000
1000
2345
1029
125 0 7777777 111000111 222111222 25 987654000
125 25 7777777 111000111 222111222 25 987654025
125 50 7777777 111000111 222111222 25 987654050
125 75 7777777 111000111 222111222 25 987654075
125 100 7777777 111000111 222111222 25 987654100
125 125 7777777 111000111 222111222 25 987654125
125 150 7777777 111000111 222111222 25 987654150
125 175 7777777 111000111 222111222 25 987654175
125 200 7777777 111000111 222111222 25 987654200
125 225 7777777 111000111 222111222 25 987654225
125 250 7777777 111000111 222111222 25 987654250
125 275 7777777 111000111 222111222 25 987654275
125 300 7777777 111000111 222111222 25 987654300
125 325 7777777 111000111 222111222 25 987654325
125 350 7777777 111000111 222111222 25 987654350
125 375 7777777 111000111 222111222 25 987654375
125 400 7777777 111000111 222111222 25 987654400
125 425 7777777 111000111 222111222 25 987654425
125 450 7777777 111000111 222111222 25 987654450
125 475 7777777 111000111 222111222 25 987654475
125 500 7777777 111000111 222111222 25 987654500
125 525 7777777 111000111 222111222 25 987654525
125 550 7777777 111000111 222111222 25 987654550
125 575 7777777 111000111 222111222 25 987654575
125 600 7777777 111000111 222111222 25 987654600
125 625 7777777 111000111 222111222 25 987654625
125 650 7777777 111000111 222111222 25 987654650
125 675 7777777 111000111 222111222 25 987654675
125 700 7777777 111000111 222111222 25 987654700
125 725 7777777 111000111 222111222 25 987654725
125 750 7777777 111000111 222111222 25 987654750
125 775 7777777 111000111 222111222 25 987654775
125 800 7777777 111000111 222111222 25 987654800
125 825 7777777 111000111 222111222 25 987654825
125 850 7777777 111000111 222111222 25 987654850
125 875 7777777 111000111 222111222 25 987654875
250 1000 7777777 111000111 222111222 25 987654000
250 975 7777777 111000111 222111222 25 987654025
250 950 7777777 111000111 222111222 25 987654050
250 925 7777777 111000111 222111222 25 987654075
250 900 7777777 111000111 222111222 25 987654100
250 875 7777777 111000111 222111222 25 987654125
250 850 7777777 111000111 222111222 25 987654150
250 825 7777777 111000111 222111222 25 987654175
250 800 7777777 111000111 222111222 25 987654200
250 775 7777777 111000111 222111222 25 987654225
250 750 7777777 111000111 222111222 25 987654250
250 725 7777777 111000111 222111222 25 987654275
250 700 7777777 111000111 222111222 25 987654300
250 675 7777777 111000111 222111222 25 987654325
250 650 7777777 111000111 222111222 25 987654350
250 625 7777777 111000111 222111222 25 987654375
250 600 7777777 111000111 222111222 25 987654400
250 575 7777777 111000111 222111222 25 987654425
250 550 7777777 111000111 222111222 25 987654450
250 525 7777777 111000111 222111222 25 987654475
250 500 7777777 111000111 222111222 25 987654500
250 475 7777777 111000111 222111222 25 987654525
250 450 7777777 111000111 222111222 25 987654550
250 425 7777777 111000111 222111222 25 987654575
250 400 7777777 111000111 222111222 25 987654600
250 375 7777777 111000111 222111222 25 987654625
250 350 7777777 111000111 222111222 25 987654650
250 325 7777777 111000111 222111222 25 987654675
250 300 7777777 111000111 222111222 25 987654700
250 275 7777777 111000111 222111222 25 987654725
250 250 7777777 111000111 222111222 25 987654750
250 225 7777777 111000111 222111222 25 987654775
250 200 7777777 111000111 222111222 25 987654800
250 175 7777777 111000111 222111222 25 987654825
250 150 7777777 111000111 222111222 25 987654850
250 125 7777777 111000111 222111222 25 987654875
375 0 7777777 111000111 222111222 25 987654000
375 25 7777777 111000111 222111222 25 987654025
375 50 7777777 111000111 222111222 25 987654050
375 75 7777777 111000111 222111222 25 987654075
375 100 7777777 111000111 222111222 25 987654100
375 125 7777777 111000111 222111222 25 987654125
375 150 7777777 111000111 222111222 25 987654150
375 175 7777777 111000111 222111222 25 987654175
375 200 7777777 111000111 222111222 25 987654200
375 225 7777777 111000111 222111222 25 987654225
375 250 7777777 111000111 222111222 25 987654250
375 275 7777777 111000111 222111222 25 987654275
375 300 7777777 111000111 222111222 25 987654300
375 325 7777777 111000111 222111222 25 987654325
375 350 7777777 111000111 222111222 25 987654350
375 375 7777777 111000111 222111222 25 987654375
375 400 7777777 111000111 222111222 25 987654400
375 425 7777777 111000111 222111222 25 987654425
375 450 7777777 111000111 222111222 25 987654450
375 475 7777777 111000111 222111222 25 987654475
375 500 7777777 111000111 222111222 25 987654500
375 525 7777777 111000111 222111222 25 987654525
375 550 7777777 111000111 222111222 25 987654550
375 575 7777777 111000111 222111222 25 987654575
375 600 7777777 111000111 222111222 25 987654600
375 625 7777777 111000111 222111222 25 987654625
375 650 7777777 111000111 222111222 25 987654650
375 675 7777777 111000111 222111222 25 987654675
375 700 7777777 111000111 222111222 25 987654700
375 725 7777777 111000111 222111222 25 987654725
375 750 7777777 111000111 222111222 25 987654750
375 775 7777777 111000111 222111222 25 987654775
375 800 7777777 111000111 222111222 25 987654800
375 825 7777777 111000111 222111222 25 987654825
375 850 7777777 111000111 222111222 25 987654850
375 875 7777777 111000111 222111222 25 987654875
500 1000 7777777 111000111 222111222 25 987654000
500 975 7777777 111000111 222111222 25 987654025
500 950 7777777 111000111 222111222 25 987654050
500 925 7777777 111000111 222111222 25 987654075
500 900 7777777 111000111 222111222 25 987654100
500 875 7777777 111000111 222111222 25 987654125
500 850 7777777 111000111 222111222 25 987654150
500 825 7777777 111000111 222111222 25 987654175
500 800 7777777 111000111 222111222 25 987654200
500 775 7777777 111000111 222111222 25 987654225
500 750 7777777 111000111 222111222 25 987654250
500 725 7777777 111000111 222111222 25 987654275
500 700 7777777 111000111 222111222 25 987654300
500 675 7777777 111000111 222111222 25 987654325
500 650 7777777 111000111 222111222 25 987654350
500 625 7777777 111000111 222111222 25 987654375
500 600 7777777 111000111 222111222 25 987654400
500 575 7777777 111000111 222111222 25 987654425
500 550 7777777 111000111 222111222 25 987654450
500 525 7777777 111000111 222111222 25 987654475
500 500 7777777 111000111 222111222 25 987654500
500 475 7777777 111000111 222111222 25 987654525
500 450 7777777 111000111 222111222 25 987654550
500 425 7777777 111000111 222111222 25 987654575
500 400 7777777 111000111 222111222 25 987654600
500 375 7777777 111000111 222111222 25 987654625
500 350 7777777 111000111 222111222 25 987654650
500 325 7777777 111000111 222111222 25 987654675
500 300 7777777 111000111 222111222 25 987654700
500 275 7777777 111000111 222111222 25 987654725
500 250 7777777 111000111 222111222 25 987654750
500 225 7777777 111000111 222111222 25 987654775
500 200 7777777 111000111 222111222 25 987654800
500 175 7777777 111000111 222111222 25 987654825
500 150 7777777 111000111 222111222 25 987654850
500 125 7777777 111000111 222111222 25 987654875
625 0 7777777 111000111 222111222 25 987654000
625 25 7777777 111000111 222111222 25 987654025
625 50 7777777 111000111 222111222 25 987654050
625 75 7777777 111000111 222111222 25 987654075
625 100 7777777 111000111 222111222 25 987654100
625 125 7777777 111000111 222111222 25 987654125
625 150 7777777 111000111 222111222 25 987654150
625 175 7777777 111000111 222111222 25 987654175
625 200 7777777 111000111 222111222 25 987654200
625 225 7777777 111000111 222111222 25 987654225
625 250 7777777 111000111 222111222 25 987654250
625 275 7777777 111000111 222111222 25 987654275
625 300 7777777 111000111 222111222 25 987654300
625 325 7777777 111000111 222111222 25 987654325
625 350 7777777 111000111 222111222 25 987654350
625 375 7777777 111000111 222111222 25 987654375
625 400 7777777 111000111 222111222 25 987654400
625 425 7777777 111000111 222111222 25 987654425
625 450 7777777 111000111 222111222 25 987654450
625 475 7777777 111000111 222111222 25 987654475
625 500 7777777 111000111 222111222 25 987654500
625 525 7777777 111000111 222111222 25 987654525
625 550 7777777 111000111 222111222 25 987654550
625 575 7777777 111000111 222111222 25 987654575
625 600 7777777 111000111 222111222 25 987654600
625 625 7777777 111000111 222111222 25 987654625
625 650 7777777 111000111 222111222 25 987654650
625 675 7777777 111000111 222111222 25 987654675
625 700 7777777 111000111 222111222 25 987654700
625 725 7777777 111000111 222111222 25 987654725
625 750 7777777 111000111 222111222 25 987654750
625 775 7777777 111000111 222111222 25 987654775
625 800 7777777 111000111 222111222 25 987654800
625 825 7777777 111000111 222111222 25 987654825
625 850 7777777 111000111 222111222 25 987654850
625 875 7777777 111000111 222111222 25 987654875
750 1000 7777777 111000111 222111222 25 987654000
750 975 7777777 111000111 222111222 25 987654025
750 950 7777777 111000111 222111222 25 987654050
750 925 7777777 111000111 222111222 25 987654075
750 900 7777777 111000111 222111222 25 987654100
750 875 7777777 111000111 222111222 25 987654125
750 850 7777777 111000111 222111222 25 987654150
750 825 7777777 111000111 222111222 25 987654175
750 800 7777777 111000111 222111222 25 987654200
750 775 7777777 111000111 222111222 25 987654225
750 750 7777777 111000111 222111222 25 987654250
750 725 7777777 111000111 222111222 25 987654275
750 700 7777777 111000111 222111222 25 987654300
750 675 7777777 111000111 222111222 25 987654325
750 650 7777777 111000111 222111222 25 987654350
750 625 7777777 111000111 222111222 25 987654375
750 600 7777777 111000111 222111222 25 987654400
750 575 7777777 111000111 222111222 25 987654425
750 550 7777777 111000111 222111222 25 987654450
750 525 7777777 111000111 222111222 25 987654475
750 500 7777777 111000111 222111222 25 987654500
750 475 7777777 111000111 222111222 25 987654525
750 450 7777777 111000111 222111222 25 987654550
750 425 7777777 111000111 222111222 25 987654575
750 400 7777777 111000111 222111222 25 987654600
750 375 7777777 111000111 222111222 25 987654625
750 350 7777777 111000111 222111222 25 987654650
750 325 7777777 111000111 222111222 25 987654675
750 300 7777777 111000111 222111222 25 987654700
750 275 7777777 111000111 222111222 25 987654725
750 250 7777777 111000111 222111222 25 987654750
750 225 7777777 111000111 222111222 25 987654775
750 200 7777777 111000111 222111222 25 987654800
750 175 7777777 111000111 222111222 25 987654825
750 150 7777777 111000111 222111222 25 987654850
750 125 7777777 111000111 222111222 25 987654875
875 0 7777777 111000111 222111222 25 987654000
875 25 7777777 111000111 222111222 25 987654025
875 50 7777777 111000111 222111222 25 987654050
875 75 7777777 111000111 222111222 25 987654075
875 100 7777777 111000111 222111222 25 987654100
875 125 7777777 111000111 222111222 25 987654125
875 150 7777777 111000111 222111222 25 987654150
875 175 7777777 111000111 222111222 25 987654175
875 200 7777777 111000111 222111222 25 987654200
875 225 7777777 111000111 222111222 25 987654225
875 250 7777777 111000111 222111222 25 987654250
875 275 7777777 111000111 222111222 25 987654275
875 300 7777777 111000111 222111222 25 987654300
875 325 7777777 111000111 222111222 25 987654325
875 350 7777777 111000111 222111222 25 987654350
875 375 7777777 111000111 222111222 25 987654375
875 400 7777777 111000111 222111222 25 987654400
875 425 7777777 111000111 222111222 25 987654425
875 450 7777777 111000111 222111222 25 987654450
875 475 7777777 111000111 222111222 25 987654475
875 500 7777777 111000111 222111222 25 987654500
875 525 7777777 111000111 222111222 25 987654525
875 550 7777777 111000111 222111222 25 987654550
875 575 7777777 111000111 222111222 25 987654575
875 600 7777777 111000111 222111222 25 987654600
875 625 7777777 111000111 222111222 25 987654625
875 650 7777777 111000111 222111222 25 987654650
875 675 7777777 111000111 222111222 25 987654675
875 700 7777777 111000111 222111222 25 987654700
875 725 7777777 111000111 222111222 25 987654725
875 750 7777777 111000111 222111222 25 987654750
875 775 7777777 111000111 222111222 25 987654775
875 800 7777777 111000111 222111222 25 987654800
875 825 7777777 111000111 222111222 25 987654825
875 850 7777777 111000111 222111222 25 987654850
875 875 7777777 111000111 222111222 25 987654875
551 911 664 5354 669 27 115
303 95 599 3722 615 21 84
682 445 1138 7912 850 25 137
693 477 1112 6401 977 34 180
396 915 677 4784 743 17 103
439 401 697 4981 747 22 149
830 374 976 9695 1034 35 196
194 196 321 2115 470 11 109
683 87 800 7765 1049 30 141
204 738 384 2284 468 15 54
788 488 882 9322 935 30 156
594 111 824 5062 915 24 100
552 114 699 4608 936 29 126
563 625 826 5232 772 31 153
567 554 702 5359 837 22 137
698 562 808 7342 1002 27 130
793 682 1248 6499 1252 32 177
714 991 892 8124 821 30 145
443 832 746 4229 621 27 146
937 499 1189 10198 1321 33 178
453 155 600 5212 762 22 87
795 20 1107 8434 961 37 182
458 880 602 5439 784 28 103
716 781 924 7679 871 28 124
999 843 1053 8291 1505 37 173
717 656 995 7887 1032 30 157
959 904 1382 9281 1116 33 226
294 628 591 3179 426 17 48
576 548 1012 4967 993 32 117
328 401 512 2697 631 14 119
708 113 1129 7170 850 29 120
707 563 848 7560 1126 28 158
586 166 994 5452 947 30 169
192 141 380 2411 406 17 55
313 164 539 3811 523 14 100
202 910 401 2510 342 14 38
288 774 453 2411 557 16 88
953 176 1040 10206 1042 33 187
329 117 574 2979 526 22 61
929 827 1130 10211 1291 32 213
937 102 1382 10523 1054 41 227
436 547 834 4759 601 28 82
957 572 1142 8420 1108 33 213
783 68 852 9464 993 30 193
837 599 1215 7245 1193 36 193
796 746 883 7897 1222 37 154
438 271 665 3701 806 26 81
785 201 932 6829 1106 28 204
280 28 435 2380 428 14 108
933 691 1065 7978 997 33 166
215 975 391 2280 413 11 80
411 747 681 3904 638 25 86
648 924 812 6754 1036 34 136
332 415 665 3348 573 19 95
790 173 1222 8075 961 35 197
331 757 505 3244 619 14 123
322 454 541 3505 522 15 81
974 47 1012 8786 1358 39 235
175 342 440 1643 324 12 73
322 10 649 3602 633 23 76
329 373 582 3083 568 18 108
935 788 1206 11136 1083 35 184
999 570 1124 8087 1356 36 190
679 482 798 5539 819 34 176
191 67 451 1803 408 17 108
594 316 957 6023 883 26 163
455 607 845 4322 762 21 73
967 659 1345 11378 1102 36 198
563 179 875 4893 998 22 132
785 190 939 7226 954 33 152
186 476 414 1823 367 19 68
956 301 1324 10301 1333 37 179
162 592 337 1383 355 19 104
343 876 635 3002 496 20 68
465 264 779 4559 636 19 121
335 140 505 3089 546 24 112
203 57 474 2102 445 17 103
319 691 515 3580 510 23 108
590 402 821 6998 995 29 120
999 142 1407 9266 1458 44 211
938 721 1439 8182 986 34 151
546 490 753 5218 982 25 102
942 776 1011 10603 1399 34 217
156 977 328 1705 312 15 98
945 158 1419 10527 1257 39 179
679 629 853 6545 834 35 172
689 581 889 8296 976 34 117
206 701 383 2294 335 16 40
439 703 815 4427 791 27 90
178 984 350 2073 312 16 61
204 837 360 2524 367 18 46
978 596 1047 8717 1415 38 179
536 452 958 5955 904 29 151
213 897 346 2312 432 18 62
969 887 1083 9421 1132 40 169
445 858 583 5179 612 25 92
474 103 741 5320 775 19 82
650 980 1050 5963 998 25 108
580 196 965 5617 930 27 160
339 232 563 2897 611 25 93
336 773 637 3557 588 21 62
306 213 501 2556 512 19 89
328 998 664 4004 589 23 73
689 408 1004 7827 1052 35 149
545 831 974 5906 872 21 165
874 966 1248 9181 921 32 162
989 37 1010 10430 1450 44 159
535 950 923 5125 830 26 126
167 147 368 1722 392 16 56
794 50 1198 6955 1160 30 201
174 104 346 2190 422 13 98
161 37 301 1556 372 13 56
428 800 563 4973 636 24 117
826 785 1187 9566 1120 32 171
785 772 1035 6854 984 35 177
516 75 645 5577 899 24 129
695 636 853 7713 872 30 155
450 985 845 5174 720 20 75
866 922 1350 10034 983 34 208
558 865 725 5921 951 27 110
278 30 472 3280 560 15 56
535 155 909 5401 912 23 138
463 166 757 4575 595 26 88
342 686 488 3102 526 17 92
312 295 599 2648 657 24 80
929 289 1036 9115 1134 39 223
550 257 745 6514 703 29 143
435 561 771 5214 678 26 129
549 707 664 5238 678 24 155
923 252 1140 9981 988 33 170
570 213 712 5601 799 28 127
679 99 1129 7817 1037 27 148
956 909 1419 8004 1142 37 211
567 485 845 5388 834 21 96
815 371 931 7848 1214 33 161
218 735 364 2540 407 19 69
827 235 977 9908 1280 30 186
181 341 367 2134 442 20 64
531 567 737 5968 708 21 131
421 81 644 4191 574 22 135
543 365 861 5194 982 26 122
818 662 1027 8937 898 39 197
406 971 543 3595 575 18 144
457 781 702 4065 622 26 126
172 532 421 2110 376 20 93
804 346 1054 7403 1158 30 196
452 138 641 5392 690 25 120
956 721 1326 8485 1285 42 213
938 749 1012 10711 1257 39 189
999 205 1349 8296 1391 42 234
198 962 353 1759 447 11 70
336 228 499 2981 496 18 118
584 131 746 5569 718 30 112
444 157 770 5320 708 20 91
538 879 740 5740 886 22 163
184 920 354 1872 420 16 96
714 486 934 7404 797 30 184
686 8 906 7872 917 31 111
296 305 450 3408 479 21 121
683 205 972 6278 1009 35 147
215 331 434 2496 484 13 61
566 373 691 5774 733 28 123
964 313 1018 11410 1036 37 191
708 461 874 7305 1061 26 138
843 664 1239 9966 1209 33 197
158 469 313 1388 316 13 88
806 583 874 8841 895 30 196
286 791 535 2775 457 13 120
660 716 1123 6694 927 33 156
924 42 1250 9775 1145 32 225
962 820 1194 8257 1344 36 229
591 644 918 4948 888 24 164
411 562 561 4804 698 22 82
266 26 484 2689 562 12 69
567 359 724 4944 751 23 125
746 38 823 7411 1039 34 129
676 437 1091 6837 795 27 177
578 859 843 6496 952 29 164
706 264 1042 6582 1162 34 115
167 706 328 1644 336 19 46
788 7 991 8734 1128 38 187
703 445 875 6396 1109 34 187
338 414 595 3750 529 19 132
549 986 811 6542 776 22 128
170 575 296 2131 350 18 37
164 875 414 1541 288 11 55
539 930 923 5537 706 26 99
576 724 884 6460 755 23 120
816 395 909 6898 886 38 182
692 691 1160 6838 1142 30 176
495 10 792 4344 658 24 135
710 463 1170 8608 975 26 119
444 727 685 4128 738 21 146
787 287 1119 6737 1058 32 153
818 823 1076 8031 1201 29 185
685 682 797 5725 1037 29 139
679 709 825 7788 900 25 165
430 832 712 4416 609 25 106
668 708 866 8048 850 30 152
295 57 555 3323 484 22 65
559 485 989 5516 748 26 139
993 356 1181 11064 1156 38 222
414 757 550 3953 650 23 116
540 209 729 4586 781 24 150
831 910 1080 7576 1324 29 205
332 881 598 3033 554 22 78
976 165 1087 8172 1341 43 209
537 910 776 6495 791 28 123
532 668 819 5028 819 24 103
914 183 1029 9380 1245 36 151
695 997 936 5687 996 25 136
987 849 1074 8526 1470 35 194
540 191 814 5133 769 30 117
466 960 673 4171 823 26 127
327 381 547 3270 560 21 64
681 635 862 6925 822 34 161
931 931 1115 9977 1185 42 215
669 942 1071 6970 1090 27 138
598 903 814 5215 860 31 127
537 979 894 6472 870 23 137
995 129 1295 8815 1450 37 160
714 3 1123 8108 951 30 150
986 73 1262 8783 1138 41 217
820 381 1159 7828 999 33 145
325 834 498 3534 612 18 59
581 353 719 4898 918 30 116
567 24 784 6261 987 21 122
535 761 718 5912 914 25 99
677 833 1079 6999 908 34 166
947 997 1358 11305 1323 34 178
929 443 1171 10596 1315 32 160
997 117 1342 11439 1341 38 163
179 863 427 1865 350 18 63
951 542 1099 9216 1408 33 163
201 671 421 2063 376 15 98
665 157 1121 5649 1094 30 119
985 547 1173 10874 1136 34 175
726 61 929 6630 1187 27 146
179 342 423 1508 403 17 49
743 45 859 8684 1196 33 124
908 37 1392 9199 1223 41 146
802 253 1031 6784 1199 34 131
837 800 1306 8678 959 34 180
302 558 599 2665 451 18 63
959 407 1050 11221 1429 39 207
416 50 659 4197 596 24 104
503 83 855 4889 710 24 108
181 411 375 1748 367 18 41
203 440 461 2502 383 19 100
542 42 910 4582 890 22 95
804 87 1244 9026 1225 36 145
942 924 1341 9567 1344 35 201
688 859 1077 7307 1035 27 178
426 938 657 4114 684 17 100
556 288 701 6339 900 27 136
969 849 1006 10006 1344 44 168
787 882 1025 7020 1198 34 191
944 488 1180 9482 1020 38 216
810 754 913 8138 1275 34 203
456 497 612 4059 638 28 80
341 329 584 3446 691 23 66
435 247 654 3616 637 20 100
948 217 1352 11044 1034 38 164
201 40 414 2091 425 12 41
546 809 826 5513 731 22 156
534 594 703 5174 912 24 95
804 755 925 6928 978 31 150
164 772 312 1700 291 18 33
946 931 1225 8057 1246 43 200
825 718 1000 8001 1101 29 146
451 764 831 3929 777 19 146
386 958 706 3586 586 21 123
785 362 912 6704 891 31 133
201 760 483 1789 366 19 90
553 871 940 6212 945 26 165
173 183 409 1715 363 20 102
409 465 538 3646 754 21 87
197 124 348 2017 447 18 110
447 725 846 3978 719 23 134
807 566 1028 9060 1191 31 181
217 955 483 2155 488 21 82
317 178 648 3164 547 21 118
811 286 1004 8513 1180 33 142
828 403 1287 9030 1240 29 180
700 567 997 6202 1080 30 133
291 222 452 2519 597 22 51
707 228 1106 7197 893 35 116
544 825 851 5400 660 22 123
588 116 966 6802 864 22 120
300 411 604 3537 631 14 56
410 266 619 4625 564 17 132
178 758 392 2127 384 19 31
682 730 1123 7707 817 26 179
660 448 771 7149 1002 28 147
314 563 493 3557 574 19 69
213 426 454 1929 356 14 100
536 216 753 5948 699 31 137
590 181 713 4793 947 30 160
734 69 1056 7709 861 26 194
782 82 928 8578 1248 32 171
584 240 952 6992 786 31 104
749 45 841 8544 895 35 131
283 928 518 2381 534 18 93
918 684 1198 11044 1053 40 164
796 776 1270 7040 925 30 175
320 772 619 3062 469 16 72
536 445 934 5495 935 21 115
984 107 1228 8349 1183 34 222
775 83 865 7730 1221 28 197
786 597 1048 6992 937 35 160
704 773 787 6973 1121 29 129
581 274 937 5588 768 25 130
820 543 1140 8093 1284 37 188
450 630 625 5507 693 26 150
933 712 1211 9845 1301 36 207
164 770 360 1618 351 9 50
292 700 497 3500 553 18 64
909 487 983 7344 1114 35 172
911 271 1060 8343 1216 33 170
456 790 669 4957 827 21 152
510 53 923 4504 638 23 123
518 53 686 4414 882 23 162
433 987 587 4302 562 20 87
962 633 1286 8789 1025 35 173
173 430 409 1757 380 13 57
564 528 862 6085 890 21 166
563 562 777 5253 1004 30 144
371 914 672 3927 520 22 128
341 923 542 2809 696 16 118
256 66 520 2212 413 20 90
425 841 641 3513 629 19 93
978 512 1255 10938 1357 39 226
441 892 732 4637 752 22 80
835 369 1129 8773 1029 40 194
990 874 1322 10547 1496 34 196
683 99 1108 7770 1070 35 140
680 430 887 7493 981 30 139
667 940 934 5824 1038 25 109
423 560 707 4142 775 25 99
414 435 656 3968 720 21 139
990 335 1177 10960 1386 39 200
388 981 704 3806 716 22 81
953 763 1012 8561 1456 34 176
823 326 1295 9175 943 37 185
981 742 1235 10440 1477 41 157
988 905 1338 10015 1475 39 189
277 94 498 2864 542 18 113
160 275 353 1617 335 15 42
418 880 813 4709 595 19 78
195 472 354 1807 424 18 40
967 189 1279 11026 1257 38 198
296 54 449 3316 558 23 67
577 8 757 6994 805 24 159
162 428 282 1705 394 19 55
144 932 279 1680 320 19 97
518 17 938 5838 766 24 103
428 372 589 4468 815 20 104
382 965 697 3757 659 22 122
200 358 444 2413 426 13 103
540 231 874 4450 724 26 148
955 477 1263 8630 1331 36 187
669 730 1138 6165 901 35 163
679 547 795 8154 781 25 172
322 666 621 3369 516 24 131
682 827 1089 6546 1120 30 164
918 152 1119 10352 1004 38 217
180 127 416 2189 308 13 41
176 903 443 2181 300 15 58
820 600 1251 9932 1103 33 202
324 460 494 3065 532 18 95
587 535 786 6537 912 29 105
761 45 1001 7715 1202 35 174
698 573 867 7268 1115 34 153
534 196 738 5815 886 23 101
197 309 474 2465 395 10 101
793 112 1267 8482 862 34 137
698 145 862 7011 1164 25 187
406 438 665 3329 581 27 69
988 260 1054 10170 1403 44 230
413 219 723 3810 649 26 73
833 316 982 8783 1078 35 140
660 524 973 6886 856 26 113
183 691 356 1899 457 10 63
898 984 1041 8668 1308 40 176
697 522 898 6030 838 34 143
788 563 890 7417 992 28 138
317 280 540 3575 459 23 63
157 116 398 1406 381 11 84
932 181 1218 10162 980 39 162
550 237 716 4832 686 21 121
198 598 376 2420 352 19 92
580 697 768 6465 724 26 124
944 929 1046 8422 1391 40 202
729 79 1093 6375 1031 33 148
938 766 1252 8943 1230 43 174
908 195 1100 10200 1304 32 186
814 871 1008 9101 1254 29 156
300 886 545 3200 449 16 92
940 379 1174 8836 1329 41 220
829 556 1090 7650 1196 37 205
571 101 825 6200 992 27 118
715 175 933 7981 1108 33 163
953 17 1083 10349 1073 43 185
944 449 1038 10562 1018 39 162
423 361 795 3647 587 19 128
882 969 955 10661 1205 31 163
535 503 677 5395 718 28 113
695 220 1073 6658 786 27 138
800 375 994 7717 1244 28 181
806 453 971 9676 979 31 158
334 396 669 3003 655 20 95
174 618 425 1880 366 11 88
809 660 1228 7977 1018 30 130
936 57 1317 9108 1323 33 198
435 987 651 3761 785 22 115
294 573 537 3252 603 13 78
552 220 748 6713 860 24 107
297 171 526 2673 481 17 92
967 540 1429 11343 1413 42 193
582 320 993 4831 719 25 113
451 507 582 5216 601 21 79
189 551 355 2259 370 18 36
407 626 800 4373 573 23 119
302 859 546 3227 442 24 97
571 451 772 5691 973 32 158
745 64 979 7544 1203 33 121
692 744 1039 6766 836 25 140
823 990 1047 8393 1222 31 140
685 15 829 7468 902 34 160
449 899 596 5366 805 20 101
975 617 1458 10953 1446 42 160
705 692 940 7125 1154 30 189
666 138 835 7577 841 31 145
294 820 623 3578 621 21 53
209 61 465 2326 382 21 61
802 31 922 9517 1016 38 198
351 983 607 3809 517 20 128
445 71 811 4044 594 25 145
427 912 576 3658 712 22 139
943 685 1262 8561 1363 35 197
179 405 304 2229 345 19 86
672 334 942 6912 964 29 134
284 707 440 2614 451 17 56
956 118 1001 8466 1462 34 189
502 22 670 4680 802 28 127
564 234 922 5658 954 30 170
787 346 1120 6777 1271 32 194
144 924 375 1713 347 17 44
567 425 899 6112 946 28 165
696 137 840 7394 1073 30 120
193 211 428 1816 450 20 55
577 425 730 5457 1013 24 138
658 0 773 7112 1050 27 156
319 216 599 3219 569 20 127
986 520 1065 9478 1347 38 216
553 978 877 6138 710 26 138
541 477 754 6045 842 23 134
362 930 658 3841 568 17 132
701 494 809 6876 829 34 126
554 491 871 5115 854 22 111
861 970 1092 9118 1075 34 198
995 530 1115 9469 1190 42 182
657 234 1019 5902 967 32 154
452 41 661 3840 673 18 144
920 317 1054 7901 1114 37 181
811 138 940 7134 1289 38 192
925 181 1388 7627 1166 37 182
988 224 1121 7983 1042 39 162
545 812 974 5650 816 23 153
308 685 442 3166 477 19 90
446 619 777 5086 773 27 147
316 198 593 3634 464 20 57
430 160 744 5219 801 23 144
424 442 643 3541 559 18 95
944 720 1155 9442 1128 39 220
719 633 1153 7553 926 33 171
708 470 1170 6348 1017 30 139
666 269 887 5685 889 30 147
780 48 893 9452 1258 37 172
543 911 978 6404 890 23 103
191 427 467 2153 419 14 109
657 388 1037 7120 790 30 107
476 65 730 4816 638 26 141
268 96 583 2937 451 23 122
592 980 721 6679 995 28 121
680 978 944 6744 1128 34 161
465 717 854 5552 659 25 146
664 756 808 5503 949 24 152
985 458 1021 9888 1127 42 173
164 783 327 1413 306 11 34
837 19 1181 7490 1186 32 159
988 525 1043 11593 1007 43 194
833 719 1121 8787 936 33 174
938 506 1053 10615 1081 35 209
425 586 715 5180 728 22 72
190 864 390 1676 387 12 105
985 126 1067 10552 1464 43 200
927 78 1169 10862 1337 42 150
914 6 1212 9030 1233 32 210
918 801 1094 10212 1234 40 157
947 738 1183 10560 1177 40 162
660 732 975 6060 913 26 137
671 385 1048 7818 924 32 155
431 293 708 4043 791 27 78
326 759 594 3663 464 19 85
806 586 946 7415 1097 33 181
661 872 1118 6847 1087 28 178
708 538 809 6336 877 29 150
708 335 1140 7833 1054 33 133
838 546 1315 8539 1116 36 194
964 524 1042 8123 1164 42 186
713 754 1144 7760 1079 31 160
563 951 730 5253 970 27 142
189 721 388 1682 391 10 105
428 398 681 4236 629 20 108
458 120 755 4155 838 19 137
552 135 701 6046 715 23 164
454 188 621 4441 848 23 122
571 110 697 5253 1001 32 167
165 181 322 1410 304 10 74
433 474 736 3570 594 22 95
522 100 881 5154 713 27 151
294 956 483 2833 465 13 88
215 456 424 2430 512 12 102
178 767 312 2004 343 15 53
339 541 492 3510 661 17 75
562 597 954 6471 991 26 120
667 338 861 7086 780 31 111
917 628 1176 8619 1070 36 223
558 958 863 5279 868 29 158
196 586 337 1865 471 12 32
582 115 711 5567 741 22 119
795 300 1029 6997 1185 28 167
321 111 639 3079 493 15 116
996 33 1098 11306 1015 42 163
202 209 487 1703 379 15 98
798 948 940 6804 996 35 162
925 453 1277 9473 1219 40 170
974 169 1269 8553 1273 43 160
158 10 413 1391 278 10 34
682 488 946 7629 1152 30 137
719 109 887 7565 847 27 139
589 86 889 5171 992 31 133
553 876 756 4706 666 28 150
212 933 497 1916 355 18 93
206 898 434 2123 394 15 81
296 133 431 3570 559 23 77
937 206 1292 7590 1078 38 221
207 807 404 2311 344 21 105
819 749 1106 6959 1186 29 204
198 56 382 2126 480 14 46
577 843 989 4939 760 30 100
179 155 333 1962 417 18 33
451 855 857 5187 607 21 122
338 32 686 3998 662 19 133
168 571 426 1960 305 14 31
715 69 1074 8206 992 27 194
682 578 775 7392 942 29 143
969 149 1233 9086 1316 36 232
213 122 356 2049 473 15 59
322 671 508 2966 602 14 83
333 311 598 2963 619 21 132
284 853 514 2965 566 23 88
963 288 1211 10571 1023 39 201
289 949 594 2577 631 17 69
998 17 1373 10127 1018 42 179
449 597 783 4360 607 19 95
205 911 439 2134 456 18 73
379 935 609 4506 511 24 135
712 701 910 6248 1022 28 175
185 354 384 2200 372 20 106
981 473 1267 9943 1047 35 161
587 962 841 6234 896 24 144
696 324 1109 7469 828 31 178
796 227 1023 9651 963 35 159
450 49 611 3955 823 18 124
391 932 579 3588 531 25 90
664 291 1004 6940 874 34 168
141 953 378 1410 290 9 80
685 978 892 6723 1113 31 141
980 498 1290 10287 1485 43 203
969 527 1229 10560 1268 36 216
291 841 448 2846 573 16 106
534 266 653 6121 945 25 160
450 525 629 4795 843 27 88
169 58 311 2058 324 13 86
586 582 806 5657 693 25 172
683 839 985 5862 774 31 145
951 544 1126 9348 1210 39 165
683 907 897 7449 966 30 165
558 275 802 4897 861 24 109
308 913 511 3228 528 18 77
588 880 840 5124 857 29 162
702 162 1109 5732 864 26 185
990 17 1434 10083 1215 38 185
311 809 601 3064 594 15 69
466 726 801 4245 877 28 81
289 292 536 3295 537 22 78
336 787 560 4023 656 17 87
413 997 655 4164 774 25 131
274 103 437 2456 481 19 68
947 133 990 8557 1003 38 157
197 806 404 1830 357 19 83
930 933 1029 9773 1124 37 208
540 10 657 6041 855 26 99
813 471 1287 8095 1165 38 143
998 456 1283 10344 1026 34 193
946 349 1097 10353 1135 40 203
282 417 487 3152 493 21 97
785 528 1013 8833 1149 32 150
280 69 560 3185 458 18 109
587 431 954 5058 986 29 143
576 695 763 5265 785 28 95
883 964 1289 8022 946 36 185
321 121 476 3629 506 18 84
284 912 466 3341 590 22 92
841 465 1250 8068 1024 31 169
144 910 330 1497 334 17 43
381 955 734 3955 604 20 116
828 483 1305 7060 1258 37 208
202 659 475 2292 409 11 82
196 46 393 1914 384 17 48
678 964 891 5677 942 35 119
918 840 1012 7978 1229 37 178
451 135 666 4368 765 18 134
380 998 592 3430 739 19 78
332 552 664 3757 632 24 81
942 870 1300 7643 1341 43 209
189 957 426 2181 336 16 98
818 818 1045 7309 1045 36 196
975 325 1148 8224 1238 38 219
553 182 751 4882 848 25 153
688 829 1096 6544 812 34 120
486 78 798 4989 715 24 105
283 231 459 3298 444 18 81
291 816 598 3042 472 15 109
840 740 1007 9004 1054 35 203
183 207 360 2258 331 17 39
437 94 843 3573 618 25 103
284 599 422 3219 514 19 107
445 30 769 4067 801 25 97
163 945 294 1924 298 13 94
934 640 1228 8711 1267 33 209
306 972 576 2827 442 15 62
160 18 387 1824 287 9 92
531 711 873 5000 727 27 95
449 742 655 4832 626 19 131
442 673 828 4036 792 24 107
949 333 1260 8037 1203 43 196
939 283 1432 11037 1401 34 214
582 576 893 6069 772 24 126
451 780 681 4469 773 22 98
428 320 612 4366 651 19 101
206 832 488 2003 376 17 78
439 770 631 4015 683 27 109
414 846 676 5030 802 18 118
207 261 402 1783 473 20 111
675 245 925 6567 1125 35 113
576 289 793 6387 881 32 127
424 467 730 4856 599 21 103
309 810 598 3231 475 22 122
712 129 1109 8418 1069 35 193
675 110 846 5496 869 29 132
931 436 1357 7995 1140 37 183
1000 947 1296 11416 1304 41 221
440 563 646 3854 685 21 73
918 316 1234 10817 1195 36 174
445 161 729 5038 723 22 128
694 742 813 6887 823 25 169
667 886 1044 6905 813 31 134
444 923 610 3726 829 19 71
541 260 707 6140 875 27 138
307 884 622 3526 631 18 95
302 212 476 2499 452 15 61
369 992 622 3658 575 21 59
916 324 1330 11055 1335 32 201
807 350 959 9166 1064 36 147
462 973 819 4460 708 19 124
816 73 1153 8134 1104 39 156
202 514 448 2022 397 13 64
202 829 394 1999 434 14 34
595 513 861 7060 764 26 139
657 596 1093 5927 1057 28 151
832 499 948 10021 974 32 194
914 539 1265 10366 1040 38 209
808 935 1212 6960 1067 39 167
585 653 988 5138 958 22 146
532 403 863 5630 719 24 87
998 148 1224 11152 1259 41 221
164 122 310 1500 288 17 101
337 979 684 3438 530 22 67
432 340 828 4291 774 17 82
580 311 880 6299 799 28 146
975 244 1376 8283 1148 36 205
559 379 791 4565 713 29 157
950 675 1411 8432 1167 39 215
797 502 1175 7321 996 28 161
306 922 497 3203 502 20 120
332 442 632 4029 640 19 64
686 624 857 8047 1038 34 186
437 143 628 4029 715 18 77
826 697 1194 6908 1218 30 149
992 731 1471 10268 1217 40 230
665 192 898 6894 1007 28 164
336 935 641 4071 574 21 91
548 797 917 4593 919 21 147
923 648 1183 10106 1362 38 191
838 801 1048 8036 1049 31 191
785 847 1250 7192 1176 30 190
191 839 315 2165 438 20 81
800 123 1205 8492 1038 29 182
821 154 979 8700 887 29 143
823 808 1121 9365 1075 29 192
668 459 780 6194 1066 29 175
187 585 439 1958 368 12 70
547 601 890 6415 980 29 115
972 700 1334 8226 1276 36 170
602 936 797 7255 891 32 105
806 99 1047 7799 1219 38 134
949 171 1229 9340 1003 38 186
571 5 800 6218 726 29 168
832 666 968 9910 1181 35 179
190 247 405 1985 387 13 99
981 127 1467 11150 1245 37 185
482 59 738 5458 765 23 88
603 903 811 4945 964 30 131
895 932 1328 10022 1315 34 147
978 78 1315 11560 1191 38 164
536 703 957 5071 907 31 105
783 550 1109 6532 1017 32 163
675 569 1066 5962 1063 28 165
315 217 458 3189 573 19 126
413 865 571 3419 757 23 118
532 287 691 5773 939 27 154
295 415 476 3088 620 15 123
337 915 664 3297 612 23 98
202 417 341 1808 361 21 80
993 702 1383 10733 1193 44 205
688 476 794 5955 996 31 117
331 195 507 4074 604 22 117
533 788 842 4839 735 29 102
538 308 701 5245 797 28 131
157 588 294 1528 288 17 104
235 55 415 2573 492 13 60
244 85 434 2061 540 15 54
418 690 702 4996 699 23 142
714 113 1004 6561 1063 34 119
209 468 386 2411 341 11 108
821 25 1140 8286 1117 30 172
991 290 1400 8702 1179 43 224
917 711 1010 8575 954 39 209
442 198 761 3866 658 21 89
958 326 1312 11369 1332 40 203
993 652 1135 8319 1110 38 183
839 320 962 7247 1210 40 137
578 753 900 5212 836 27 114
166 532 388 1521 400 15 45
325 138 628 3332 592 18 59
812 625 1066 8310 1090 30 199
940 145 1280 9537 1407 36 181
670 690 946 6540 825 35 115
939 983 1313 7670 975 33 225
919 742 1148 10748 1161 41 207
333 546 640 4062 672 22 128
795 243 1021 9086 1013 34 159
453 360 661 3923 763 26 115
437 504 677 3903 755 28 102
664 967 1024 7305 876 32 123
793 992 1247 8454 1029 36 178
782 485 885 6532 1010 38 169
680 757 988 6033 872 31 159
158 904 397 1424 276 18 57
799 725 1152 6980 955 38 161
933 384 1152 7871 1046 41 201
925 865 1119 7878 1032 37 158
327 715 513 2925 492 19 75
237 89 425 2264 383 12 47
