16
16
22
20
20
22
445
505
1000
1000
2000
1027
123 143 219 450 263 31 62
714 161 200 500 214 30 101
835 469 207 416 186 15 61
324 623 132 314 104 22 63
895 651 219 529 196 19 106
719 729 212 454 189 21 102
533 805 178 390 200 17 72
516 55 198 464 231 33 108
797 247 241 570 249 25 57
219 594 139 349 177 13 69
169 58 256 514 208 46 121
313 474 139 305 132 5 35
105 711 184 406 160 29 51
151 676 189 403 192 26 73
951 297 250 524 239 47 123
858 430 216 547 170 23 84
982 425 265 599 270 38 82
220 318 139 363 196 12 84
985 170 300 731 237 32 101
266 122 177 412 213 22 109
769 430 199 397 162 24 58
952 528 250 524 264 22 111
650 779 185 401 205 29 63
50 117 257 576 214 33 123
57 324 196 521 195 35 82
809 984 223 536 222 42 85
644 373 176 370 144 13 77
506 239 139 306 189 18 39
606 295 171 401 158 25 66
893 829 213 473 227 25 82
63 549 226 479 182 27 63
178 4 231 487 263 24 109
583 8 205 438 251 31 73
740 776 203 422 174 24 59
884 813 238 555 267 42 111
664 627 147 359 178 11 82
584 69 256 608 181 25 86
901 140 230 576 254 41 103
527 536 103 261 102 19 16
90 935 251 511 271 36 101
940 635 194 471 242 31 96
746 860 239 503 210 28 84
860 627 187 406 194 25 79
841 449 194 489 216 13 91
249 157 170 441 217 15 96
384 873 210 438 162 18 50
378 837 206 507 162 28 70
291 238 200 439 164 32 61
561 372 142 344 158 8 55
909 422 247 608 222 35 62
992 737 215 464 208 45 80
630 345 182 370 171 22 39
241 381 173 348 150 14 31
946 693 196 502 245 24 85
881 326 187 434 202 36 95
88 772 176 410 170 27 113
620 796 211 458 190 16 94
695 358 138 307 192 20 54
325 132 172 402 230 38 55
474 588 108 287 80 21 34
195 953 212 505 251 22 86
34 681 204 534 170 29 73
417 427 86 213 105 17 65
973 316 231 540 259 43 74
39 118 229 599 240 46 102
444 66 238 538 176 29 110
35 698 231 514 220 23 92
849 359 182 493 181 29 69
943 139 206 470 208 49 126
231 862 226 488 169 19 74
670 22 197 507 227 41 72
309 987 260 596 238 33 108
537 260 185 403 167 6 57
213 166 229 488 219 36 67
763 328 159 429 188 35 56
860 601 234 460 201 16 82
690 542 150 375 180 7 86
444 339 128 282 152 18 66
622 37 214 457 240 31 78
143 509 151 322 183 14 58
612 96 180 429 243 19 64
989 621 218 504 251 47 126
840 354 240 543 238 15 72
378 292 164 374 178 26 37
315 706 163 357 157 5 45
194 848 189 461 239 37 111
19 182 230 562 239 43 98
515 559 101 251 94 12 54
419 202 145 396 154 22 69
121 379 173 382 212 32 59
251 623 154 377 172 26 84
446 11 246 494 206 39 92
843 843 214 481 232 40 102
187 821 221 542 233 20 91
175 98 231 465 179 24 95
673 45 270 626 240 29 103
389 608 97 269 88 5 54
670 503 169 357 159 9 83
244 291 176 366 197 21 61
197 643 190 366 173 24 79
676 294 191 422 149 13 44
415 731 138 295 139 22 43
300 340 159 398 161 9 31
670 237 200 436 152 15 81
582 542 97 288 129 5 33
745 579 193 409 182 12 79
115 633 216 418 155 20 100
31 658 196 494 226 38 94
415 694 114 347 132 5 24
866 628 197 493 181 16 82
926 273 231 589 210 45 71
523 220 156 330 197 19 43
198 835 204 508 201 30 91
33 463 186 432 242 29 59
211 515 169 345 183 12 51
198 222 174 432 221 24 49
438 917 171 418 204 27 94
347 604 129 253 111 18 26
401 577 88 245 109 19 11
506 206 191 472 144 20 47
110 815 240 532 236 25 72
625 122 184 479 212 32 100
630 903 240 560 212 40 72
547 636 111 287 133 7 36
396 61 184 505 180 35 91
682 244 162 441 197 35 66
789 431 185 381 188 20 80
255 674 178 347 149 28 55
8 632 212 555 205 35 68
190 782 216 526 205 15 68
522 167 159 353 152 10 48
544 636 130 322 146 5 67
731 604 165 403 164 21 81
888 115 197 505 288 39 79
633 107 240 520 180 39 79
700 428 132 306 170 7 46
155 771 209 500 200 29 61
267 352 147 340 152 9 77
463 615 95 276 97 22 72
503 563 102 242 99 7 58
898 436 179 437 238 29 112
423 996 228 486 262 32 70
746 476 189 467 159 14 57
757 128 240 482 260 24 89
457 827 206 402 191 28 74
273 505 138 364 118 5 40
76 601 197 458 180 18 71
46 309 242 565 245 41 62
999 97 307 719 222 56 84
706 222 213 528 189 19 48
15 39 205 587 277 38 116
789 803 189 415 232 31 75
947 396 249 558 232 30 66
436 618 118 262 90 18 49
700 840 235 543 193 22 75
462 991 235 589 256 26 105
425 560 81 232 80 5 50
444 692 119 302 129 21 28
553 114 169 369 213 20 93
563 625 114 282 151 6 71
984 784 214 575 251 34 102
510 41 175 430 209 23 82
569 197 157 433 214 24 56
258 179 160 448 174 13 100
870 522 171 458 204 23 69
708 821 196 469 163 16 108
303 971 219 454 197 42 71
85 278 174 397 201 29 92
770 419 202 472 180 13 89
45 596 198 430 198 36 72
352 328 149 323 162 21 54
892 320 199 488 242 34 65
919 377 228 496 183 36 101
913 912 245 575 295 49 88
806 625 231 529 187 17 73
623 643 161 396 148 9 79
427 57 178 487 235 34 113
881 843 231 481 256 43 98
252 76 248 501 229 42 77
228 532 146 298 137 11 68
837 735 178 475 219 41 66
34 57 266 565 243 51 127
757 315 207 451 191 29 57
19 936 273 617 206 34 115
701 620 161 360 138 30 46
436 995 230 497 188 23 108
189 125 174 382 199 38 70
634 784 151 367 181 26 47
911 993 218 506 293 49 107
408 895 168 369 174 15 99
105 257 176 493 195 21 95
293 800 205 426 208 9 91
235 873 214 534 170 29 76
769 808 214 538 232 21 92
578 592 109 294 106 10 27
118 744 163 374 170 20 101
224 523 146 342 165 27 30
839 456 195 505 172 23 77
752 554 195 464 189 32 75
93 292 239 492 221 15 103
880 41 221 612 281 40 136
955 251 254 611 240 45 108
844 786 186 498 232 43 115
804 601 225 456 182 25 101
694 77 219 571 240 31 80
513 15 235 510 200 40 94
726 51 186 494 206 46 106
637 653 159 369 141 30 44
649 648 132 333 161 24 31
569 233 203 397 193 14 37
53 865 263 577 205 26 105
511 78 196 409 181 26 62
393 374 121 308 111 6 73
523 828 178 402 194 17 45
605 873 178 482 203 25 93
399 201 196 457 163 9 71
763 81 266 598 194 43 81
911 13 219 555 226 43 93
778 167 229 583 179 28 111
957 906 280 590 294 52 134
792 743 195 428 231 29 51
225 548 137 384 173 5 68
59 310 203 489 204 28 109
947 411 245 508 256 28 74
447 727 155 309 129 26 63
635 964 246 614 188 21 76
519 219 188 366 183 27 63
486 642 95 248 130 14 67
71 825 221 560 262 33 86
898 30 215 536 218 37 83
834 768 219 462 184 28 108
126 900 268 537 213 41 87
351 973 222 454 213 20 76
678 431 146 378 162 12 38
495 410 97 221 104 5 49
710 700 209 422 214 25 41
776 37 230 527 207 31 72
231 989 214 546 216 42 107
329 35 242 502 224 43 110
448 279 123 332 132 27 40
693 292 160 341 195 34 83
961 483 198 472 241 31 79
392 920 165 431 218 35 52
446 277 138 306 155 28 35
31 292 245 584 239 25 71
569 79 224 486 245 19 111
906 6 218 597 267 41 93
794 847 189 518 230 35 63
729 451 145 416 144 21 63
81 328 191 465 210 24 81
564 781 156 433 153 33 56
406 453 82 217 88 5 24
709 493 144 350 134 27 68
629 804 170 435 150 16 96
364 936 212 491 242 38 73
842 606 213 544 241 36 59
293 394 131 303 112 27 77
659 671 168 353 173 25 54
321 144 217 540 190 25 71
138 326 220 447 169 11 72
420 498 56 184 52 12 38
7 662 210 515 249 31 83
717 276 222 502 189 28 67
196 246 194 396 184 28 80
992 922 253 568 308 40 101
371 281 130 321 162 8 79
202 59 241 490 240 33 108
809 612 222 432 157 34 89
391 246 194 454 147 14 48
902 912 274 667 257 38 120
232 688 135 403 156 13 37
105 655 187 398 222 13 61
691 907 184 513 236 22 88
838 996 206 584 206 46 76
687 910 251 541 228 29 58
607 436 123 288 108 5 22
323 75 180 452 191 28 92
620 798 186 380 158 34 69
456 640 127 304 102 16 53
773 732 178 447 202 15 83
258 379 160 408 170 16 56
106 198 245 484 206 22 63
916 806 217 578 223 35 109
480 726 159 310 169 16 80
423 588 86 261 89 5 61
725 436 151 375 194 26 55
207 28 197 451 212 42 114
767 909 188 413 215 42 73
932 187 279 642 243 49 108
147 495 203 472 185 21 36
439 635 134 327 125 10 75
640 889 203 500 182 36 57
553 824 171 412 189 14 50
441 553 82 191 69 10 13
288 830 177 472 212 36 65
410 773 162 420 166 16 46
773 239 216 483 216 24 68
672 227 199 405 156 33 84
860 108 254 652 206 37 70
877 12 300 700 223 41 111
782 29 279 652 226 48 106
824 985 272 690 243 33 80
828 245 180 487 213 40 57
846 377 168 392 234 16 67
1 450 238 588 236 34 64
636 332 129 378 142 25 72
249 791 207 490 154 29 47
288 596 131 300 130 7 48
68 848 223 581 216 24 116
470 232 186 425 139 12 35
651 200 191 454 197 26 84
284 213 184 413 152 31 68
704 647 161 362 146 29 75
622 785 166 412 146 17 44
667 549 176 378 127 16 75
986 275 267 640 256 36 121
914 355 213 510 237 36 71
845 237 192 440 242 41 69
131 403 209 487 182 34 80
22 640 182 501 169 32 68
193 445 173 430 174 24 60
737 113 215 558 204 21 68
819 301 191 444 195 20 70
527 796 165 438 143 12 79
370 532 77 194 92 5 67
363 120 165 414 234 16 83
942 907 266 646 228 41 132
705 504 179 356 166 28 41
982 609 251 513 204 37 123
898 252 222 584 215 24 71
765 828 201 519 184 18 81
909 614 236 544 255 31 61
994 669 197 543 224 43 76
85 825 232 565 202 18 102
394 954 219 491 201 37 102
276 805 209 423 218 29 53
31 476 184 386 206 25 83
146 754 186 406 211 18 87
224 643 135 307 150 30 33
255 837 192 469 220 35 78
412 439 78 205 82 5 18
800 790 182 513 219 26 86
975 89 268 693 283 35 128
59 493 195 439 222 13 95
596 612 127 304 161 27 50
483 143 192 392 170 30 57
157 455 191 386 168 24 37
337 604 114 292 128 22 24
415 101 233 467 236 25 74
584 793 185 390 212 25 57
496 170 170 452 213 22 69
40 952 245 542 293 38 131
541 647 106 250 141 13 75
8 826 271 664 237 38 82
557 76 231 567 192 18 55
717 194 231 465 226 14 71
826 99 200 560 194 30 96
22 681 248 495 235 21 101
762 207 181 401 213 39 63
82 88 202 450 210 43 93
999 967 234 647 305 40 102
95 22 234 539 258 46 99
556 769 139 348 163 22 60
246 708 146 318 187 11 79
128 164 179 432 228 35 99
663 34 194 542 204 45 109
88 653 165 395 188 24 58
157 503 166 392 142 24 79
586 198 152 348 160 10 63
725 527 191 415 158 27 38
197 722 161 424 165 34 79
885 709 178 401 240 29 93
551 318 146 305 118 22 61
200 759 161 367 205 14 43
296 998 219 559 191 26 94
902 90 279 594 280 51 109
789 384 219 535 194 36 47
137 679 193 443 177 22 43
480 139 222 524 176 23 54
308 331 135 349 141 28 71
624 109 228 552 172 30 105
694 342 194 449 149 16 94
455 102 185 444 204 33 85
544 690 124 339 171 15 38
623 412 158 350 165 8 76
373 503 87 204 82 8 26
908 890 283 616 275 32 123
973 855 268 654 244 45 110
986 185 226 540 210 33 122
740 554 163 398 168 31 91
972 661 232 489 268 37 72
327 644 130 354 124 6 71
586 470 122 260 132 17 31
378 878 179 441 173 34 73
116 349 214 471 187 27 74
2 537 239 553 215 32 91
243 387 139 356 144 27 61
870 693 253 508 179 31 98
712 118 188 467 188 19 70
221 935 226 579 251 25 86
585 535 142 295 112 20 42
804 623 205 413 199 27 80
585 297 188 430 144 23 76
979 731 207 545 262 27 126
232 769 182 468 186 15 62
682 332 163 405 203 32 88
549 654 139 300 157 5 49
663 823 168 387 218 16 104
317 268 174 407 148 19 35
458 832 181 368 185 30 45
144 483 157 428 177 26 60
399 495 69 168 57 18 45
978 411 271 623 231 42 77
638 560 119 355 165 10 77
715 17 221 556 268 40 71
464 116 187 499 186 28 69
52 249 193 488 193 20 61
591 286 180 437 191 21 50
479 612 99 282 104 9 14
528 100 194 445 197 31 78
853 584 236 529 201 26 103
905 213 216 572 198 34 111
911 731 242 575 185 25 94
133 123 230 506 237 19 100
815 335 187 474 186 21 108
628 559 151 352 153 17 82
556 196 182 390 181 26 85
314 897 224 530 220 30 93
905 309 182 437 179 29 102
495 238 144 340 195 21 70
237 600 123 302 154 15 49
228 838 173 400 184 15 99
723 85 263 624 203 22 116
950 843 221 601 281 51 121
12 974 223 534 254 50 132
590 72 188 405 192 27 102
769 738 173 387 163 15 75
109 508 157 389 149 30 72
977 870 287 627 279 44 120
586 604 131 309 115 26 41
209 377 169 357 155 12 62
569 724 167 395 181 21 50
759 765 216 527 222 37 53
616 884 219 513 223 26 98
300 855 177 445 231 23 74
711 335 182 364 177 24 68
830 881 257 612 257 22 118
495 413 108 253 116 21 39
25 726 237 484 208 43 115
671 898 191 447 196 41 62
828 66 206 568 244 32 113
839 17 217 580 271 42 80
449 573 89 205 89 5 59
353 443 102 227 90 9 24
359 677 134 299 140 16 82
702 737 176 449 162 17 45
655 611 147 309 170 18 82
693 629 139 380 177 30 73
753 806 191 444 208 34 72
476 339 108 308 141 13 60
825 385 201 452 218 37 75
665 622 149 335 141 23 39
237 515 156 393 131 8 57
485 518 74 193 62 5 18
198 429 170 338 163 7 91
3 634 247 509 222 38 107
8 968 261 549 214 44 107
391 678 157 378 149 15 54
324 179 158 389 209 23 51
373 226 197 467 154 24 75
674 162 207 450 218 14 91
277 598 128 325 141 26 73
8 90 287 684 252 50 102
889 296 225 556 198 41 101
465 766 134 360 132 25 49
506 497 72 221 68 5 29
459 650 110 314 118 17 73
980 103 289 631 254 31 136
724 287 189 427 171 11 64
218 971 191 427 213 26 117
808 742 174 449 247 23 58
809 460 175 451 226 18 87
779 779 241 562 238 29 80
923 405 222 482 221 33 110
513 294 155 341 158 25 63
296 69 211 549 223 18 70
589 786 196 453 188 11 53
296 980 253 585 243 34 70
651 653 156 377 182 6 75
760 981 204 517 277 29 108
98 209 215 522 185 33 92
223 861 232 512 209 30 75
691 210 224 506 206 22 60
836 629 180 489 193 20 63
692 5 201 447 248 48 116
295 872 193 478 186 32 83
86 998 242 554 211 26 121
668 945 189 434 196 43 88
36 315 198 441 232 33 81
158 532 201 454 199 11 40
308 453 97 277 128 12 67
418 743 127 290 182 29 52
61 849 197 430 212 24 120
563 613 130 348 139 5 41
187 760 176 459 215 15 84
769 708 216 437 207 13 79
934 441 258 546 187 22 83
70 150 241 496 269 35 112
496 402 87 256 98 5 71
301 411 150 375 150 5 53
308 79 177 459 237 28 95
512 98 236 478 171 15 75
36 874 206 511 218 42 97
938 914 301 695 254 45 100
624 80 239 485 252 30 61
518 446 102 281 99 12 59
428 668 126 326 113 6 61
214 815 218 494 216 21 52
37 579 170 439 227 35 90
83 326 187 438 193 34 78
300 159 167 415 210 13 87
919 233 215 554 226 22 80
347 901 204 489 209 34 75
688 928 230 482 180 26 59
672 468 147 353 139 5 64
78 477 170 414 201 26 45
849 872 249 587 266 32 82
646 909 205 484 185 24 59
473 510 49 163 63 5 52
589 763 190 458 159 9 43
995 181 215 482 286 30 121
291 857 164 433 230 29 78
810 437 159 461 180 29 97
536 872 160 391 158 15 62
856 279 220 485 246 23 75
530 344 125 342 123 5 46
542 534 118 255 80 5 14
405 572 71 182 93 12 27
286 557 134 277 154 17 29
731 97 248 608 213 21 61
517 502 100 265 79 7 51
128 682 163 430 221 13 65
617 487 128 350 141 19 24
229 999 270 638 223 47 120
686 351 149 394 153 31 80
398 740 184 435 159 8 68
209 811 227 487 181 38 63
971 412 205 547 194 33 105
999 468 243 626 238 40 97
688 185 186 423 176 26 83
535 588 127 273 91 5 59
257 656 144 298 166 17 37
94 802 204 515 195 38 74
228 661 156 336 192 16 70
179 848 208 511 190 32 68
934 164 214 591 220 28 87
188 496 186 396 157 28 73
400 339 120 304 137 23 52
344 835 217 442 217 19 50
467 527 53 147 46 12 63
100 372 197 424 158 36 90
834 418 214 423 177 35 103
120 269 200 431 165 27 84
275 800 149 357 172 10 66
799 134 216 468 236 42 93
16 106 220 567 238 47 72
771 197 217 507 216 16 96
151 810 189 435 217 19 108
202 278 200 409 183 21 75
65 901 274 627 249 42 73
148 636 199 455 172 26 68
900 289 202 501 189 24 87
468 13 202 453 182 35 81
889 762 258 593 204 37 81
166 344 144 326 176 12 82
939 947 218 546 225 39 103
361 419 128 311 126 20 41
776 486 190 435 176 20 43
66 44 236 584 220 40 81
566 464 109 230 94 14 46
63 419 172 392 188 18 60
868 703 255 601 198 42 80
132 885 247 576 178 27 105
287 997 214 449 244 31 110
231 726 154 429 170 25 85
949 195 283 579 206 46 100
134 14 213 586 198 33 106
246 143 232 542 229 19 55
285 68 244 607 232 21 67
928 668 254 523 230 31 95
491 538 87 183 83 5 26
840 952 267 659 254 44 103
663 725 201 432 160 13 93
317 736 139 342 184 9 51
922 527 214 556 252 40 99
991 151 291 630 290 49 101
334 563 122 245 103 5 37
596 50 232 563 176 35 100
279 532 129 311 111 5 37
864 425 238 484 201 35 101
604 250 149 403 185 32 72
977 251 244 621 256 33 128
781 658 212 420 187 29 74
695 51 223 480 192 22 74
913 889 245 634 231 43 88
723 46 272 663 253 28 92
467 959 195 508 250 33 113
590 698 158 385 175 15 70
981 240 273 656 276 47 117
403 403 110 269 97 7 43
980 325 232 566 277 40 105
467 214 174 364 166 18 94
695 935 222 498 226 43 85
837 294 200 464 190 26 95
837 463 194 399 221 30 74
752 271 207 474 207 16 105
303 731 144 396 181 22 59
572 199 153 389 199 26 58
327 245 163 354 149 15 57
437 954 187 417 181 36 107
145 734 191 410 163 23 56
368 254 145 347 186 14 42
938 437 227 589 242 21 63
495 441 96 222 97 5 59
920 44 286 635 243 39 86
425 399 124 308 90 15 22
675 809 159 372 169 34 48
731 118 197 514 239 42 115
396 790 142 331 181 12 76
328 705 164 372 157 23 68
139 348 202 497 205 33 54
990 967 249 632 284 39 114
524 676 159 393 163 15 70
759 402 154 332 148 27 64
615 452 132 272 155 8 79
175 559 163 423 186 18 57
103 163 223 524 216 28 115
386 275 167 424 157 15 52
371 990 241 504 212 20 67
10 287 253 564 264 37 96
49 940 250 559 244 25 90
623 787 203 463 148 23 85
125 486 189 444 188 33 70
461 417 101 235 112 5 14
172 636 205 494 198 8 57
890 693 250 600 240 39 117
71 500 173 474 186 30 49
190 889 241 486 230 30 99
375 811 197 460 180 31 78
849 101 246 558 232 30 125
566 996 194 477 195 44 116
161 289 192 391 212 20 87
786 302 166 446 205 36 97
38 429 230 452 168 27 57
461 993 182 415 251 28 100
975 404 236 601 218 25 113
862 652 212 433 223 41 86
15 480 180 416 181 38 68
672 120 196 504 227 24 55
756 540 177 436 211 12 43
492 721 121 360 175 20 82
651 22 195 497 265 43 114
918 935 267 610 250 35 102
100 449 152 446 217 25 81
192 341 144 338 182 27 90
619 729 163 414 173 9 91
933 395 183 473 186 33 88
860 431 181 480 207 39 94
923 288 206 467 194 29 109
841 419 170 445 229 30 75
683 979 268 616 272 23 106
90 701 205 489 187 19 105
993 63 301 699 250 45 126
877 892 269 623 274 44 117
384 347 147 331 129 20 24
991 861 249 596 278 53 123
129 628 164 384 161 12 79
739 853 199 501 203 18 70
275 955 181 467 245 27 94
775 794 192 443 196 19 82
820 242 202 437 214 35 105
443 933 181 475 195 15 87
522 910 180 447 224 30 56
180 868 228 528 236 30 89
363 875 163 379 196 29 75
427 60 237 546 224 28 112
170 666 151 338 189 12 77
138 560 163 348 157 19 43
540 131 232 465 192 23 79
364 60 228 537 193 25 76
18 896 261 610 221 40 81
576 225 144 379 147 9 47
25 400 214 545 226 37 61
749 258 230 518 210 15 77
116 816 181 492 177 32 85
682 958 191 423 260 26 72
556 299 165 351 128 10 40
744 819 202 438 191 28 95
737 73 273 580 234 22 78
498 626 106 277 110 12 28
865 476 165 378 225 18 108
24 211 264 613 201 20 74
632 966 237 482 265 42 103
142 434 147 351 163 13 91
558 956 190 416 222 29 91
825 123 200 540 218 33 86
947 967 250 610 312 55 124
131 567 184 470 197 28 72
481 238 143 319 143 29 47
713 843 248 598 239 36 77
147 469 157 427 201 9 48
798 762 204 436 195 18 71
766 320 229 531 216 32 53
693 532 175 393 156 8 41
381 684 116 324 163 5 60
174 564 178 404 151 27 81
14 667 202 531 250 21 73
692 286 211 484 191 24 63
183 830 211 437 243 18 107
272 589 154 336 136 17 81
767 948 245 596 271 27 122
993 224 198 554 224 44 89
320 132 163 467 174 38 106
170 421 147 324 142 16 80
186 223 181 472 172 13 91
94 728 200 406 184 35 67
924 224 272 669 277 35 107
171 963 188 464 209 35 97
652 773 207 480 161 15 88
94 923 235 593 208 44 73
340 996 265 542 207 25 101
712 995 219 568 246 32 72
61 869 184 456 184 30 95
995 126 224 487 237 47 97
204 888 198 520 170 41 79
520 952 190 450 172 40 98
719 90 202 506 261 37 67
135 825 223 507 171 41 74
897 576 182 415 240 18 70
175 135 172 472 218 30 88
474 84 242 561 227 21 52
295 132 201 439 231 26 108
665 463 146 313 172 5 50
555 858 219 457 199 30 100
155 733 169 397 158 30 81
400 206 159 438 165 11 46
136 512 182 466 165 15 53
668 167 208 451 191 38 52
631 387 158 343 170 29 60
332 624 108 329 144 5 52
974 973 250 571 227 36 108
34 428 176 426 165 33 65
799 733 180 463 232 36 90
477 112 174 443 228 35 49
803 780 210 454 212 23 67
1000 958 251 583 318 35 145
273 383 129 308 161 6 73
233 477 121 354 171 12 38
708 27 278 678 271 30 80
52 792 243 568 193 42 108
968 295 226 526 282 47 126
295 9 185 473 270 46 63
563 610 104 247 100 23 25
461 732 122 366 157 12 46
826 485 182 383 229 20 64
694 116 192 419 202 19 89
541 400 111 280 123 12 61
385 634 103 276 129 23 20
253 606 121 330 163 25 33
708 374 189 398 198 10 94
65 356 183 476 184 23 59
84 290 171 381 235 15 54
846 609 193 423 232 21 57
360 286 183 436 154 10 40
555 859 202 458 193 23 66
233 966 228 491 231 20 76
27 168 190 432 204 45 81
448 437 85 246 75 18 27
528 984 179 470 233 36 96
752 738 233 506 233 36 94
946 961 312 653 285 53 113
551 228 172 433 184 27 87
545 12 196 444 190 22 100
461 167 162 408 211 26 71
327 37 233 540 255 30 91
767 678 227 463 199 32 92
138 818 246 515 231 41 63
555 795 166 447 167 28 44
971 737 191 549 225 39 97
952 173 273 618 270 26 124
660 640 141 355 176 6 67
503 278 132 300 152 19 44
527 419 91 284 89 10 35
750 436 183 384 162 16 68
667 295 200 428 208 32 47
519 48 196 427 252 27 64
597 227 192 405 147 28 41
184 379 144 356 150 25 93
225 347 153 413 143 26 68
279 538 111 266 145 25 72
411 311 113 333 130 14 47
890 459 205 482 215 31 60
163 93 229 484 204 39 71
737 493 144 366 200 20 42
173 306 205 444 150 13 47
231 174 215 438 218 33 65
931 12 242 605 243 47 106
539 864 220 483 188 37 72
872 807 235 530 210 41 110
598 700 166 402 167 10 75
792 723 228 498 221 18 69
209 372 185 450 135 19 89
837 833 235 542 201 20 80
366 362 125 297 115 6 25
135 634 218 498 182 19 61
956 499 260 547 217 33 113
392 830 195 456 147 9 53
23 146 262 587 268 44 121
213 726 186 468 174 9 45
463 984 222 479 223 42 65
143 302 189 495 179 13 46
646 986 231 517 268 28 100
548 949 248 606 238 25 60
645 603 178 353 166 14 62
764 771 207 495 201 34 86
188 825 184 477 215 32 72
513 312 168 322 142 17 82
909 76 294 718 273 45 87
737 567 162 379 138 27 36
491 289 127 308 159 10 37
524 586 99 261 87 16 66
50 707 226 530 223 28 95
951 433 235 516 267 21 115
399 890 175 485 233 14 79
435 67 246 527 201 41 104
40 878 211 532 221 46 90
422 218 137 339 138 18 35
404 995 235 563 206 37 101
285 598 128 277 113 9 80
446 39 232 588 252 30 64
249 483 138 315 118 6 43
78 603 173 381 191 21 76
384 790 197 442 155 20 66
659 104 246 502 236 24 84
49 785 204 492 235 19 106
460 418 87 259 107 9 52
610 826 200 409 226 19 85
915 283 210 481 193 38 101
140 117 218 492 182 34 69
702 523 179 400 135 19 67
267 405 160 344 142 24 46
575 900 169 472 184 27 62
10 977 275 647 273 30 128
902 469 193 424 232 29 78
210 109 252 511 232 40 72
816 547 224 449 204 12 92
7 339 179 430 236 38 105
917 890 262 629 277 27 102
846 280 184 500 250 18 109
549 76 182 509 238 26 108
332 94 204 520 200 22 64
925 834 264 600 200 34 82
581 919 243 500 227 16 111
540 282 130 374 129 26 68
996 179 204 565 300 31 81
808 466 226 455 214 20 81
968 503 240 522 255 23 92
470 904 163 459 176 30 84
685 84 206 504 260 20 60
87 110 252 545 201 31 111
719 393 182 358 174 22 88
63 675 184 458 180 37 81
472 770 192 398 162 22 38
449 627 122 266 106 5 61
713 781 221 536 169 34 82
335 160 198 506 168 12 79
12 871 200 503 273 41 77
224 216 210 447 221 25 48
136 751 212 514 164 37 58
429 509 39 157 38 7 40
761 935 226 478 199 30 94
205 241 196 483 216 30 66
70 871 272 622 250 46 109
503 444 103 221 85 21 19
501 744 147 355 152 10 76
922 833 240 609 231 27 70
437 195 194 467 171 26 53
586 417 105 273 104 10 58
767 566 190 441 155 17 77
634 362 140 368 147 15 32
637 67 247 522 234 37 64
660 356 139 334 141 13 89
946 621 270 609 220 21 120
807 804 204 454 240 28 68
791 575 194 417 222 30 46
148 630 202 497 208 24 41
148 770 231 562 166 31 61
67 665 236 533 212 28 104
283 859 184 470 172 24 103
73 505 157 416 196 34 77
521 920 223 561 244 18 51
439 981 177 417 220 33 114
883 120 272 648 270 35 118
28 324 217 469 237 27 58
601 648 144 299 138 13 47
538 268 128 291 168 10 62
981 143 263 616 261 37 115
383 227 139 385 189 19 88
488 506 61 207 66 5 48
324 736 132 376 181 20 49
580 675 156 349 148 6 84
691 583 174 338 140 25 71
597 484 118 273 128 20 21
732 13 261 591 222 27 81
883 800 202 523 229 43 115
818 466 232 486 208 19 91
69 539 197 436 189 17 94
653 636 170 357 160 26 48
477 622 119 249 94 9 72
650 936 209 481 257 34 86
937 412 191 424 204 44 117
532 144 198 497 211 29 85
9 395 236 500 232 25 102
816 815 242 561 209 39 84
725 934 223 511 230 24 92
950 898 217 529 243 31 130
432 21 240 600 262 21 116
792 615 202 512 225 25 76
321 565 99 284 109 23 66
345 103 200 460 228 28 79
588 628 145 319 110 27 80
206 137 207 496 215 23 70
436 534 50 152 49 11 7
962 927 275 693 255 39 122
568 728 181 404 147 22 43
38 326 191 477 233 35 80
101 260 206 468 235 30 100
22 695 201 509 214 34 77
651 153 210 501 165 32 88
445 353 133 341 107 20 64
711 53 207 545 270 36 98
322 795 183 468 195 32 42
546 241 161 400 169 12 73
732 753 220 438 172 30 62
936 661 237 513 262 21 112
209 77 264 540 212 26 107
827 809 178 421 207 27 87
915 73 241 563 291 42 112
55 324 245 477 175 31 70
470 76 185 459 217 33 52
578 436 136 338 107 5 20
10 724 257 611 214 39 89
102 194 246 499 177 32 56
211 50 231 531 261 33 69
896 375 258 597 179 19 84
324 732 182 374 139 10 68
679 740 200 454 197 11 74
7 103 291 597 280 43 78
412 291 144 377 119 22 53
413 846 163 369 188 12 50
543 573 93 228 117 5 51
353 369 123 280 151 16 57
812 740 186 430 244 18 75
455 366 137 264 97 5 48
568 786 198 405 202 13 95
136 895 247 617 181 39 81
991 80 270 597 239 51 118
298 672 176 417 162 16 71
767 501 199 402 214 22 58
987 961 301 620 233 37 118
169 636 182 366 154 26 93
988 943 264 564 226 46 125
303 932 201 437 173 26 67
515 583 108 250 102 8 46
781 654 187 446 226 28 74
837 983 261 587 268 48 84
730 253 172 377 166 14 58
646 813 191 450 188 32 48
326 31 250 523 223 28 61
643 853 180 426 185 22 68
393 615 116 248 105 11 29
923 662 268 579 232 29 61
21 469 187 472 247 34 78
703 335 201 421 184 9 45
842 675 216 437 219 30 111
323 850 213 441 205 15 61
504 663 113 332 109 6 68
155 559 175 351 194 11 85
235 918 211 504 225 27 109
197 450 143 303 142 8 77
135 557 207 442 157 18 44
394 408 105 278 105 16 56
899 674 221 513 222 24 112
868 488 165 453 191 30 65
969 154 293 657 241 52 131
492 96 220 521 195 16 91
745 23 243 564 266 47 82
83 765 244 509 211 39 102
517 840 195 391 166 13 68
426 865 206 513 171 31 84
550 57 123456 1 1 50 1000
899 540 123457 1 1 51 1000
591 401 123458 1 1 52 1000
928 975 123459 1 1 53 1000
684 654 123460 1 1 54 1000
287 763 123461 1 1 55 1000
702 246 123462 1 1 56 1000
250 900 123463 1 1 57 1000
939 482 123464 1 1 58 1000
383 706 123465 1 1 59 1000
302 849 123466 1 1 60 1000
604 904 123467 1 1 61 1000
909 431 123468 1 1 62 1000
347 802 123469 1 1 63 1000
468 157 123470 1 1 64 1000
609 663 123471 1 1 65 1000
472 211 123472 1 1 66 1000
654 71 123473 1 1 67 1000
597 254 123474 1 1 68 1000
867 676 123475 1 1 69 1000
361 720 123476 1 1 70 1000
239 20 123477 1 1 71 1000
427 113 123478 1 1 72 1000
709 331 123479 1 1 73 1000
46 626 123480 1 1 74 1000
83 651 123481 1 1 75 1000
864 588 123482 1 1 76 1000
