40
10
10
20
50
50
258
781
500
2000
2000
1027
323 1556 307 655 328 105 214
284 1891 324 744 315 130 307
185 1249 251 576 233 63 166
31 1481 257 664 271 89 217
112 1227 246 553 253 71 130
294 852 107 216 94 18 34
118 1738 349 761 324 108 288
276 1533 237 606 280 98 217
427 735 131 306 122 35 60
430 392 177 383 233 49 118
119 201 238 515 200 85 171
214 1118 159 401 154 35 83
426 1440 264 572 279 87 205
50 573 196 480 139 31 116
397 131 272 660 246 72 179
428 321 212 541 225 53 139
202 370 177 398 242 40 118
48 54 271 671 220 104 189
222 776 70 202 64 15 45
256 907 118 293 111 6 52
325 752 89 201 94 5 31
409 1924 353 902 350 152 323
417 157 264 613 259 91 171
160 1974 409 1006 348 155 327
280 1102 182 363 177 42 130
375 1017 137 304 188 25 92
368 1731 314 794 248 125 249
296 805 80 199 74 15 55
32 57 253 636 312 86 223
342 381 216 438 161 41 133
380 1944 332 739 368 145 328
322 179 255 559 216 71 195
185 1941 404 938 318 143 283
349 1145 225 453 177 45 110
73 24 288 611 260 102 197
201 655 127 299 118 30 74
439 1218 245 520 213 47 170
500 1299 204 487 239 62 191
282 1011 161 352 128 30 56
61 1077 224 493 181 45 101
63 1455 214 587 226 87 225
28 943 155 358 156 38 102
27 107 259 617 226 76 174
375 1643 275 603 242 111 241
375 929 113 285 132 34 79
468 1403 275 613 210 92 203
34 1745 322 735 288 127 242
189 1605 272 698 237 93 241
441 1065 171 425 172 40 133
331 786 99 216 79 6 50
494 558 181 430 152 34 84
95 1045 158 399 165 43 89
439 1745 314 781 318 111 247
130 930 116 283 167 22 49
483 1245 235 504 201 56 168
465 490 158 413 177 33 123
10 1875 322 759 372 132 296
156 1362 290 668 221 82 176
417 1760 258 738 370 112 282
304 347 233 482 199 58 138
309 1925 374 826 350 144 290
400 1949 365 870 316 150 320
421 1907 340 796 295 135 295
454 1239 198 530 234 66 145
65 1295 274 675 197 73 159
213 1862 366 925 285 139 310
83 966 180 443 149 36 101
410 521 176 420 193 30 83
248 1088 152 332 209 33 94
439 1086 209 452 220 32 96
419 1322 239 545 238 63 146
197 84 238 565 277 80 177
366 592 127 286 176 16 85
483 1620 266 661 302 104 211
16 311 213 468 275 67 134
193 295 229 576 195 51 163
361 991 151 370 159 30 92
365 288 208 537 265 53 166
161 1994 413 926 390 157 300
409 1717 271 686 352 110 231
85 1486 230 604 241 97 185
132 170 239 626 264 87 167
3 1056 205 472 190 39 133
417 375 224 481 172 43 115
253 503 191 375 188 42 104
227 562 160 339 131 30 96
344 581 118 343 127 24 112
469 1063 225 447 179 33 114
124 1347 202 468 212 62 168
13 834 160 357 183 34 116
315 414 188 439 178 50 134
124 1263 217 551 217 55 152
458 658 174 406 181 35 115
440 1936 407 982 328 153 326
285 894 126 296 128 6 38
243 117 235 644 227 75 198
152 1066 203 464 199 44 111
276 102 281 662 257 80 172
39 1800 352 803 283 118 307
438 348 197 526 232 70 151
37 1039 152 360 209 41 100
385 1731 251 639 342 116 263
436 41 300 680 222 88 200
250 1758 345 796 265 121 249
342 1115 179 406 192 33 101
376 1553 267 702 292 86 212
26 1225 235 546 190 68 157
319 1759 364 861 266 128 255
34 692 155 384 131 18 71
67 156 228 569 257 82 177
387 386 234 574 184 43 144
83 1832 337 849 327 133 282
246 1046 167 422 190 26 122
321 1656 304 715 271 100 212
234 48 296 653 280 101 216
465 1045 167 437 160 34 140
146 320 190 508 201 63 154
415 1935 323 771 305 130 291
487 1770 350 910 271 126 250
444 172 239 571 230 66 203
11 807 170 408 164 42 99
473 299 222 459 260 57 174
127 210 229 535 253 64 144
265 1810 258 706 326 119 287
406 883 120 284 118 25 73
197 873 122 247 101 27 68
405 329 248 593 175 64 120
15 1754 327 806 313 121 268
333 1393 232 567 238 66 170
259 326 208 483 229 56 131
277 1765 264 747 297 116 237
35 243 194 430 200 60 195
100 1574 330 725 326 112 203
452 1886 322 834 316 142 290
281 1710 319 776 365 120 248
499 608 204 433 152 27 83
302 235 226 498 259 62 174
166 719 117 242 91 27 36
263 1602 261 614 342 94 237
218 359 209 459 226 59 150
152 682 132 295 114 13 72
133 1782 313 845 275 125 289
102 474 186 398 179 38 130
301 283 182 401 240 65 138
374 1875 291 747 289 122 292
476 393 204 517 226 57 127
43 34 325 749 284 94 198
123 1441 224 603 242 93 180
138 938 166 327 156 38 67
15 294 190 466 193 80 167
365 336 233 473 225 64 135
192 697 108 240 85 15 74
140 950 172 342 119 35 92
190 834 99 272 83 5 56
217 1281 193 530 198 71 167
263 1279 231 476 248 73 168
103 1728 356 770 339 118 272
198 1284 209 475 205 69 161
182 1106 195 401 215 49 106
218 1553 227 552 258 83 238
157 274 211 553 258 63 125
112 235 205 520 283 59 166
269 6 296 701 333 99 187
373 1970 286 826 358 141 325
126 754 98 280 103 28 62
322 1318 261 647 245 59 173
160 779 93 224 101 12 43
175 1713 288 647 284 119 268
335 1269 262 519 256 49 171
41 1203 243 578 200 68 164
292 804 61 199 62 5 65
405 976 146 355 152 36 70
135 1339 238 518 243 68 157
84 110 295 680 239 87 207
290 1481 235 587 238 82 190
113 499 185 423 212 32 129
304 740 73 203 67 18 58
48 57 295 757 223 102 192
467 202 290 671 218 85 173
469 1454 276 653 312 74 186
384 217 204 507 217 75 180
444 368 208 497 254 68 153
167 1581 309 699 307 92 252
232 73 248 616 276 81 180
470 852 168 342 173 41 96
285 1337 261 634 273 61 181
213 986 125 327 149 37 83
127 682 130 332 149 9 48
326 136 260 622 250 76 204
91 1846 362 831 274 144 278
78 1382 249 602 274 89 202
297 966 115 346 147 24 83
250 1519 271 657 296 88 215
414 116 216 516 256 92 215
275 917 125 279 107 18 72
405 1826 359 843 272 135 260
107 1265 215 471 240 58 127
453 1402 225 570 219 71 161
136 466 211 437 182 47 113
409 231 257 575 207 79 187
32 361 250 564 186 63 115
436 1303 234 546 216 65 158
281 731 86 227 85 12 14
369 208 228 531 193 78 184
11 1286 207 553 233 69 185
53 256 257 570 195 76 175
77 1008 202 462 169 42 75
110 741 128 278 104 33 92
74 68 310 660 271 81 194
226 1847 323 833 308 129 276
319 1426 278 686 240 78 173
441 1849 314 824 280 130 319
352 1099 204 497 195 52 87
155 330 187 432 172 56 154
343 18 269 721 228 92 191
328 1931 346 930 355 142 333
321 228 281 610 196 59 138
152 628 152 352 121 33 76
284 1920 270 674 275 137 294
242 766 48 150 47 5 13
56 817 135 313 149 24 73
203 1347 243 580 214 64 186
206 1136 152 345 177 52 96
354 371 173 427 194 61 134
39 239 277 580 211 83 173
208 1527 240 670 287 92 192
109 1767 340 762 329 126 297
126 709 114 259 99 26 83
91 717 111 295 122 16 88
76 1283 220 519 196 61 176
77 108 250 612 280 75 199
87 957 126 305 180 40 115
96 35 287 692 286 102 224
44 1559 228 583 252 89 221
218 1525 301 762 323 81 214
435 1384 233 559 229 74 166
479 1709 265 680 281 112 251
426 1224 226 461 245 56 135
136 963 154 383 148 21 70
80 391 193 406 216 61 137
91 1151 232 548 207 42 125
86 1622 305 787 349 118 213
135 1183 184 466 203 49 111
470 1895 291 707 362 143 294
351 264 261 614 201 59 140
308 96 259 587 210 88 216
255 483 179 411 178 31 80
15 982 210 482 187 33 120
13 886 140 326 140 37 92
248 1860 380 983 302 136 275
98 1140 232 528 172 40 141
276 596 156 378 136 17 55
96 1679 333 866 343 120 269
436 705 150 353 115 33 57
452 396 244 567 197 41 118
248 454 145 393 179 30 127
31 415 176 465 224 44 135
281 113 247 636 260 93 174
126 1071 175 399 144 47 93
193 1960 373 860 315 136 299
30 981 194 473 144 42 101
428 411 179 450 191 53 135
326 1675 304 750 250 114 219
237 1153 210 471 156 40 104
466 1528 230 595 319 89 210
110 1837 344 840 366 129 282
229 730 86 228 61 11 31
479 432 171 423 195 56 103
316 101 269 662 232 93 184
44 280 198 446 192 57 159
239 1892 389 1024 321 126 316
478 902 161 405 147 29 82
39 702 175 389 167 20 65
443 1424 214 507 261 80 208
203 793 74 186 68 21 70
109 519 143 324 154 35 126
257 1705 275 662 285 122 266
361 1305 187 519 203 78 169
87 885 113 345 163 29 89
79 1451 275 623 251 97 200
285 1956 307 750 354 152 342
342 762 74 203 111 22 46
250 6 285 735 294 88 225
409 357 251 588 212 54 123
398 746 142 284 109 9 78
474 1785 279 713 380 128 267
308 1197 190 413 227 46 145
269 805 57 158 53 12 29
279 116 247 578 215 84 167
301 78 236 610 308 86 193
99 1927 309 859 295 136 337
254 1899 339 918 325 130 285
221 119 206 563 224 70 199
390 1712 346 827 316 105 275
416 858 107 249 151 33 90
171 1688 333 797 328 119 222
213 1834 357 874 327 123 310
74 1227 239 557 180 50 162
1 714 140 357 167 31 101
256 9 228 542 289 90 191
163 91 314 725 314 75 174
32 640 149 330 134 34 120
297 1052 148 341 173 28 80
331 211 223 551 215 67 150
80 1316 209 560 254 60 148
409 1027 141 391 185 29 90
63 289 207 466 241 67 156
416 1404 232 634 214 86 195
252 678 116 235 96 10 28
151 543 173 416 132 35 100
294 1239 254 608 209 67 147
237 671 118 291 118 18 45
63 1279 262 586 191 66 175
120 1918 315 784 398 145 290
12 864 179 363 188 41 115
373 504 193 467 153 25 92
100 1372 207 563 295 88 191
285 1126 153 435 173 55 143
8 593 193 421 175 28 117
418 606 167 378 156 38 91
35 498 224 492 210 36 116
116 1630 335 834 349 114 254
427 1837 314 852 326 129 297
469 874 123 310 161 33 92
121 1064 181 422 189 44 120
278 945 126 304 153 12 72
74 1743 319 785 263 120 255
90 452 165 427 167 57 118
174 632 115 293 136 28 48
353 1380 234 600 210 80 163
93 1784 342 890 352 127 302
22 1059 185 445 190 53 133
354 196 250 577 198 74 185
69 1930 396 961 343 147 319
176 1093 183 440 196 39 120
419 672 161 381 112 18 89
24 594 199 441 196 33 98
137 875 103 274 122 22 73
494 1039 177 458 159 51 109
497 1348 286 649 297 74 183
412 1395 257 605 245 74 192
192 429 212 509 198 38 133
124 1922 355 893 323 142 292
171 940 133 290 111 31 71
372 261 244 522 227 68 172
10 1265 229 502 233 80 160
196 1763 282 784 297 125 268
303 1059 159 375 139 33 99
16 1359 294 684 211 67 162
301 1181 182 495 184 59 122
307 893 108 236 117 24 41
416 312 180 475 262 69 148
403 1961 398 924 308 135 332
467 304 189 510 223 77 152
455 1870 399 953 343 133 324
415 756 126 304 109 20 59
467 247 279 560 253 65 162
104 1033 177 400 187 28 97
61 532 146 416 147 49 100
138 146 243 531 218 76 203
115 1471 238 641 252 86 184
116 571 143 367 181 43 88
97 98 307 729 293 95 217
73 1932 309 833 389 152 334
287 964 159 367 149 20 101
284 1118 163 433 205 36 92
89 1855 283 798 311 126 277
484 1253 185 533 232 75 137
426 320 187 444 248 58 120
235 1378 281 591 198 86 161
303 1004 172 369 128 26 74
56 58 260 647 266 97 211
89 365 233 471 230 58 127
83 1084 156 425 150 55 124
469 1807 358 808 329 140 276
317 1461 234 598 217 88 198
470 217 214 553 247 77 155
397 1597 290 714 239 95 224
66 34 241 540 236 84 218
112 755 131 278 110 32 68
475 199 217 484 246 76 155
309 46 256 640 275 93 196
419 737 131 263 145 35 46
417 78 253 622 303 79 182
310 1036 141 392 148 42 67
20 1199 201 439 229 70 117
389 1921 377 990 395 128 291
140 1268 241 587 180 50 151
379 1791 317 723 275 132 286
106 1379 252 565 218 77 165
413 375 215 509 230 50 129
130 1408 209 558 236 87 212
150 62 277 621 247 85 216
72 1518 297 669 230 97 196
186 340 223 509 243 58 167
163 979 152 364 124 17 75
206 1998 366 966 391 159 321
69 1142 216 543 233 38 132
99 1133 209 517 202 49 106
440 110 250 657 250 75 199
498 1521 240 626 231 86 217
261 181 279 612 277 75 171
82 344 249 559 184 65 166
386 121 232 630 283 72 173
400 673 114 316 131 27 60
383 940 139 294 121 19 84
197 671 125 284 116 12 65
385 579 181 409 163 33 78
194 1893 338 786 322 135 275
48 1207 190 471 211 53 127
174 881 94 292 130 5 37
172 367 210 509 167 54 106
164 172 230 519 228 72 182
142 1259 222 524 241 67 145
83 705 163 338 165 37 66
311 18 263 645 242 102 230
473 1678 272 673 331 112 273
455 141 278 703 288 94 186
260 255 188 455 219 58 165
24 127 220 501 212 86 225
240 323 186 451 202 56 123
101 1719 255 648 295 105 263
420 1556 236 573 256 110 214
416 1446 285 597 226 77 192
411 81 225 586 234 93 222
389 543 178 425 142 46 70
279 1473 296 668 310 90 182
175 1693 259 726 301 104 247
275 650 98 239 116 16 47
88 295 223 484 227 54 157
498 621 188 364 201 33 93
400 1623 315 683 328 98 264
96 174 281 610 210 85 159
19 796 166 383 156 42 107
159 1984 283 663 325 159 306
230 269 212 552 258 70 180
207 631 140 312 139 25 72
303 265 199 512 271 63 182
74 1178 226 487 220 49 150
167 1909 275 748 319 140 320
21 650 176 386 132 44 92
236 107 282 641 208 88 183
124 480 189 474 146 30 134
190 1396 276 624 203 77 165
38 708 144 323 142 33 88
168 515 134 391 166 38 116
211 55 284 619 272 82 198
9 729 186 392 156 27 81
36 638 141 330 166 46 106
469 937 168 332 187 36 105
376 1175 212 461 186 42 117
295 1959 323 831 395 140 312
206 1647 347 858 258 105 247
232 1999 311 708 386 141 340
446 1403 207 503 277 88 164
102 1843 392 991 357 130 269
83 1993 379 924 384 141 329
310 21 276 704 239 91 186
345 1247 184 406 213 70 159
428 1212 173 390 204 66 161
435 1815 332 786 374 130 274
332 1965 319 784 316 138 286
479 1485 317 757 266 102 182
153 164 294 639 268 72 180
338 967 125 308 139 25 61
253 981 168 343 161 19 79
328 1289 264 650 256 55 176
181 1894 386 881 359 144 291
375 360 171 470 204 47 127
259 899 124 309 126 24 82
491 231 221 493 248 76 153
477 282 271 624 196 73 173
201 164 279 621 262 64 202
409 1137 228 448 218 38 134
342 1961 351 913 335 140 300
257 1123 193 476 148 36 134
355 875 125 258 113 9 85
450 1726 255 665 288 124 288
95 1880 360 917 294 135 296
140 737 112 275 124 18 61
393 1746 322 803 347 120 267
233 1380 267 590 277 70 190
74 1287 229 505 272 77 183
295 587 143 377 154 16 50
275 101 289 660 245 96 218
14 1521 315 793 228 97 198
95 139 244 600 245 83 174
75 455 182 375 179 41 121
270 277 225 576 214 65 159
100 295 253 616 234 73 142
57 279 194 426 187 65 159
497 1335 239 520 243 82 152
242 1960 407 1077 408 131 291
452 1313 201 468 266 61 164
422 1296 258 624 270 73 142
139 1109 203 463 184 45 114
455 434 183 453 213 49 114
259 966 161 352 159 29 73
141 712 103 308 106 7 91
225 750 56 190 77 5 27
67 613 158 368 164 40 73
50 14 305 768 235 103 233
300 774 77 174 52 6 18
160 910 131 327 106 26 42
258 1067 153 393 147 29 95
427 361 219 489 199 61 112
364 1141 208 506 212 44 118
112 831 118 256 116 16 69
62 1714 335 828 325 104 288
150 228 268 614 231 71 191
217 691 82 230 99 27 39
417 485 201 406 162 51 118
478 290 257 527 217 57 168
497 633 158 420 152 32 109
169 96 280 655 230 84 186
453 1907 349 803 318 140 290
9 1099 197 436 201 45 136
173 543 136 321 140 40 81
191 308 176 463 175 59 159
23 472 199 403 204 49 145
68 390 209 426 173 49 130
7 282 246 511 208 71 146
377 582 126 323 127 36 61
396 330 254 522 191 48 137
376 77 235 599 250 92 182
350 1683 308 806 337 117 221
432 1162 237 528 165 63 104
386 1498 277 721 244 100 216
266 415 212 451 174 49 92
138 1860 374 976 357 137 301
26 1750 375 917 279 132 273
121 525 139 358 176 35 122
439 610 153 380 149 21 93
212 1389 285 627 244 76 162
266 598 131 289 112 16 44
442 1640 270 654 289 95 211
499 118 227 624 274 84 172
65 1025 192 400 180 27 111
313 1034 182 400 129 29 73
137 1190 233 552 204 55 111
288 1682 344 803 278 113 222
407 1944 386 916 382 135 338
111 1781 319 808 369 121 280
261 313 187 441 231 53 152
255 1065 158 386 149 45 92
51 40 245 634 287 90 215
300 1915 333 863 342 139 278
112 1525 291 698 274 92 207
45 1275 276 589 202 66 159
152 1944 279 773 364 147 333
339 687 110 262 121 10 54
258 527 128 290 171 24 84
194 35 261 623 242 81 210
489 592 159 382 193 42 105
444 1295 213 526 273 68 176
432 127 278 577 264 78 189
468 1486 261 579 276 99 184
379 220 276 644 225 61 143
375 59 217 589 240 86 208
342 1205 170 382 240 58 129
74 59 323 815 267 87 207
378 1112 216 503 222 49 124
218 1749 303 696 341 107 245
464 456 160 418 186 54 123
258 1830 315 695 304 121 266
490 271 210 497 276 58 183
184 195 204 480 247 64 160
438 326 245 583 185 52 148
329 487 202 394 208 50 93
380 1994 414 1001 302 150 342
331 1463 218 507 246 83 195
215 1854 294 778 391 132 302
413 292 268 560 243 56 168
335 899 127 329 116 6 48
173 615 115 297 151 32 50
280 1818 269 753 319 134 275
163 757 94 205 95 5 37
319 6 313 777 319 105 210
143 1572 267 617 336 103 225
100 152 243 514 302 69 168
201 1960 313 841 277 150 317
135 706 100 258 103 16 63
173 175 287 605 281 83 196
337 999 154 404 141 23 78
319 276 242 535 227 67 158
193 216 236 621 278 63 144
254 1374 201 495 248 67 167
420 1851 340 760 347 130 304
494 315 253 521 199 75 150
44 1235 223 543 252 66 133
112 1381 279 634 221 68 182
486 1404 291 681 302 92 164
3 892 157 365 166 24 83
410 924 122 319 129 38 72
7 593 182 397 156 36 99
338 1616 286 659 316 110 257
271 1642 288 713 303 117 262
492 386 251 575 227 65 160
272 1902 366 805 281 138 305
334 1077 164 369 162 32 102
313 680 115 257 120 11 77
177 1045 156 353 153 26 114
444 510 187 469 168 49 99
200 1214 234 482 237 45 160
417 1145 186 484 187 57 133
157 253 223 562 240 55 168
131 444 184 471 207 38 133
225 1073 161 363 199 46 115
261 965 138 309 115 20 83
323 1398 241 531 274 65 188
258 1665 259 712 355 112 231
327 486 142 400 145 32 85
65 902 127 321 147 42 104
380 1347 244 633 257 77 195
164 1285 182 505 264 60 159
58 545 203 404 204 41 132
220 629 143 327 125 14 97
124 1097 196 475 155 48 140
401 1276 260 636 240 61 177
469 1525 284 663 322 105 221
424 593 159 341 152 22 89
244 1261 240 586 228 55 134
343 1414 253 647 256 74 201
423 1148 167 365 214 55 146
482 198 260 616 295 68 155
357 1393 288 651 221 87 158
106 500 146 375 160 40 93
326 639 120 319 103 10 46
103 1289 186 491 201 63 174
349 1482 267 678 239 81 216
35 891 137 314 133 20 91
273 655 107 250 115 28 47
338 1066 193 474 174 37 130
275 1083 163 387 174 40 85
232 1206 165 423 222 48 129
353 1992 404 1035 299 147 297
316 1180 224 535 190 62 97
446 943 182 409 184 27 101
61 1340 211 558 215 61 146
103 1861 362 798 275 121 277
318 1160 213 465 230 41 116
170 1995 281 664 313 153 309
369 1742 295 754 363 110 260
406 918 128 332 126 32 54
490 41 276 665 243 90 198
402 1807 259 694 337 139 253
249 924 136 324 120 26 86
41 973 174 362 163 29 124
316 1228 190 442 213 65 161
458 1700 274 685 317 115 248
265 1403 292 626 272 64 188
487 1039 156 418 194 49 97
24 725 177 383 179 38 64
188 656 136 340 125 8 86
451 193 253 617 226 78 192
350 1198 174 434 203 62 141
483 61 290 753 266 90 187
147 46 245 595 316 97 209
169 658 143 282 100 29 83
258 1762 353 857 318 120 260
157 1767 290 644 273 119 262
197 393 223 509 222 53 106
163 70 225 550 217 82 231
465 958 174 431 138 39 70
346 1880 396 903 295 144 276
99 1865 301 679 305 138 305
210 1004 148 362 148 22 68
196 495 151 404 162 38 103
367 1633 297 736 318 96 238
8 969 159 424 150 44 113
245 1863 363 821 309 121 307
159 1286 192 531 239 76 180
336 1991 362 977 293 153 298
169 517 179 440 169 46 80
108 1200 179 433 170 61 157
14 512 226 549 202 37 121
146 376 207 446 211 50 142
163 596 137 375 128 31 66
293 1007 176 425 160 27 67
34 1044 153 342 205 42 135
45 1255 223 551 184 60 176
377 1832 360 885 368 124 272
457 828 128 341 121 33 58
276 595 157 377 143 30 102
395 140 306 757 272 84 163
385 1720 272 700 315 112 246
94 1429 299 685 221 70 164
43 1981 353 890 393 152 309
50 381 229 497 181 60 168
113 1395 299 646 239 83 195
427 896 170 411 140 27 89
470 456 180 426 176 48 113
129 326 230 571 190 62 135
400 205 281 614 198 75 168
145 1453 210 499 280 94 201
428 479 213 520 163 39 94
257 1413 278 662 242 75 195
456 605 181 370 187 37 96
371 861 98 299 123 24 47
275 1081 147 383 199 50 74
162 1968 327 855 371 141 315
150 1139 157 396 184 55 139
252 1581 246 560 338 87 241
247 1371 233 580 211 62 148
376 704 132 273 116 21 54
321 1674 345 743 341 110 240
64 376 241 503 178 55 159
232 1355 191 484 281 62 163
257 389 225 556 183 46 144
72 267 243 622 274 72 184
66 1990 372 838 348 136 297
3 257 238 526 222 72 157
49 795 152 299 157 30 72
200 1663 351 800 310 97 264
371 1608 319 727 330 114 223
359 1569 256 630 271 87 218
295 217 234 516 213 81 164
211 1562 304 753 325 101 208
58 235 213 461 233 72 193
121 1297 250 552 236 60 158
96 289 190 472 232 71 159
497 740 132 333 186 24 73
73 431 218 503 182 38 110
273 338 234 579 173 63 156
386 1079 200 426 158 45 107
146 1163 160 422 168 45 112
198 1294 255 620 260 76 157
78 899 149 339 156 35 77
226 1411 295 677 282 87 205
103 443 186 467 208 58 129
441 648 146 303 155 28 59
463 1391 262 638 211 76 163
123 1948 370 931 313 142 310
16 901 139 306 193 26 110
265 1264 201 494 199 60 165
218 1850 388 1009 343 126 274
360 1431 284 643 215 86 161
120 1754 362 891 276 109 261
309 538 181 348 188 42 82
358 802 99 218 120 28 35
41 1803 307 812 343 128 276
327 644 111 277 126 11 76
170 1027 166 343 183 32 93
475 309 244 600 208 54 155
433 1745 288 685 253 111 280
205 384 193 461 161 39 144
7 571 216 429 195 50 111
156 1012 186 361 187 37 65
221 342 226 547 242 48 130
420 1162 179 431 238 45 102
380 757 94 265 127 8 77
129 1980 311 837 344 141 300
162 1950 300 854 346 146 325
255 168 238 543 207 68 176
431 224 285 681 198 79 154
46 277 248 623 212 77 139
230 1661 322 684 308 103 270
109 1739 334 863 277 128 272
199 1944 350 946 294 149 302
370 1572 266 707 275 95 229
279 307 227 458 196 58 143
175 534 180 349 140 46 96
53 251 277 617 220 70 186
293 85 241 638 217 94 208
178 1157 209 518 211 43 148
220 637 115 261 131 30 59
442 416 186 415 182 43 111
225 1530 259 680 257 93 227
347 1332 241 508 215 57 183
332 1395 205 550 286 84 183
405 929 143 373 136 18 90
74 803 112 343 142 22 71
188 790 100 208 72 12 40
35 1652 335 869 260 114 230
387 708 107 301 107 17 50
203 561 144 351 135 18 81
73 103 271 633 297 82 197
116 1808 383 945 277 128 273
109 1351 267 557 267 78 192
85 577 145 390 164 32 85
318 456 209 402 170 50 92
230 807 57 162 69 17 55
234 1167 225 504 208 57 103
26 1955 320 827 308 143 345
136 1283 234 533 249 72 142
284 1984 384 887 390 151 343
359 1916 394 983 302 150 301
483 720 157 403 140 36 86
353 1378 242 593 236 75 202
160 652 113 299 143 24 80
185 633 142 354 125 32 62
100 1030 150 393 146 28 92
83 1787 357 851 267 116 301
109 1898 278 669 278 130 279
449 296 229 537 269 72 175
121 488 144 365 151 52 113
148 593 158 397 174 21 72
141 13 253 645 242 102 197
399 198 210 506 250 61 185
24 82 308 641 274 99 200
431 659 130 303 162 33 80
103 449 210 455 173 35 89
411 287 248 535 247 58 154
266 1614 261 701 306 105 251
164 750 86 246 108 17 80
134 579 131 380 154 36 114
428 519 151 404 169 32 124
388 534 183 426 165 38 89
149 894 109 278 102 30 49
151 146 266 571 227 86 191
54 1116 223 472 209 48 118
264 1059 195 371 147 32 101
432 134 280 697 288 89 207
230 550 180 373 125 41 70
79 1781 314 820 311 121 265
280 119 276 663 209 90 164
481 1270 218 570 195 64 137
432 1783 274 721 380 124 250
371 1726 360 810 309 111 285
134 1050 156 335 139 41 89
440 404 176 476 222 57 132
249 1012 150 315 124 42 62
212 738 78 200 72 7 24
80 304 201 439 251 52 162
399 981 185 370 149 22 68
195 1276 194 430 240 65 122
307 1210 223 510 200 56 122
76 1919 332 905 282 150 283
203 1054 171 375 138 30 67
118 1318 224 507 205 71 142
199 1030 141 327 156 39 84
204 143 222 504 211 72 161
453 29 303 707 278 104 207
88 984 192 411 165 26 72
148 1206 212 436 222 54 145
420 718 132 311 134 11 99
243 1229 176 494 203 53 166
343 464 208 465 198 42 79
199 1254 258 621 234 66 163
5 1916 283 762 365 152 329
170 289 223 510 214 68 125
62 776 153 342 122 13 66
296 1307 252 513 216 70 134
34 779 139 356 146 21 75
93 1073 180 367 180 44 92
117 394 200 470 213 44 141
84 1889 286 697 337 133 282
386 890 143 352 123 31 58
126 815 125 311 133 14 65
106 214 271 581 280 85 151
86 1962 359 935 380 139 337
473 291 241 524 255 54 186
228 154 256 668 277 69 151
417 1393 279 633 223 74 180
168 1440 273 586 238 94 199
82 869 117 342 128 17 106
130 1518 305 664 272 85 221
45 516 216 435 186 41 101
441 524 191 450 188 34 117
331 1494 227 538 237 92 205
256 1181 176 375 192 51 122
294 26 276 651 285 82 185
337 1456 251 538 210 76 221
386 339 240 525 243 63 163
243 384 206 501 200 61 130
196 304 251 503 246 65 141
340 727 115 242 114 23 57
419 1241 225 510 198 50 159
300 1268 242 485 206 70 135
31 292 256 572 187 78 140
80 367 191 517 220 59 130
471 95 271 609 314 88 210
324 70 234 545 270 81 192
321 191 200 445 267 80 184
245 663 126 283 120 13 56
205 947 108 270 123 18 70
246 884 84 221 103 5 47
202 1970 325 844 340 137 327
429 1652 263 594 311 102 251
55 277 222 543 218 78 152
247 1547 307 738 222 106 232
200 166 204 543 291 72 192
32 1667 310 765 278 112 274
131 1249 209 521 212 67 142
133 1024 187 442 169 42 125
5 758 167 362 144 20 96
119 587 171 418 123 32 83
96 663 122 347 148 34 95
184 1838 285 798 334 126 275
446 932 139 303 167 39 115
373 73 218 560 216 85 191
255 1754 327 804 314 107 250
53 1384 242 581 224 78 203
148 212 240 612 247 79 185
177 311 244 603 231 54 160
89 856 149 347 132 27 80
175 1220 215 537 204 68 122
335 491 205 457 191 50 107
132 1066 166 440 182 37 113
36 680 161 323 129 36 95
459 1243 201 519 263 75 168
488 1741 286 744 310 128 248
82 412 233 567 206 59 118
251 817 65 173 70 5 13
318 926 102 291 105 27 39
282 1397 254 565 294 64 165
123 536 186 464 187 42 76
183 1079 180 410 154 34 101
338 306 197 437 202 54 137
25 1086 194 432 192 38 151
400 1568 290 638 301 101 208
160 1424 236 636 204 84 216
318 1133 206 434 198 48 102
97 985 178 432 137 41 118
202 1579 303 675 261 93 233
478 1300 192 495 202 80 179
265 7 224 570 314 102 243
377 776 88 207 97 25 59
100 1908 280 654 369 135 285
151 1452 226 527 222 80 185
56 1494 262 599 293 80 232
304 1637 234 654 273 115 262
83 1281 190 483 206 61 182
195 226 217 532 216 74 139
282 48 278 582 226 86 215
313 626 135 323 147 15 54
197 570 149 387 135 16 110
41 1808 327 750 295 118 305
450 306 192 445 227 74 146
31 1779 307 768 365 126 265
252 67 301 722 245 97 202
189 1567 258 614 293 84 222
102 520 188 447 143 31 122
92 1121 176 479 161 60 104
81 318 182 461 191 68 155
357 1823 369 861 349 115 268
305 21 279 647 231 92 228
483 1595 339 775 329 91 204
435 1561 275 621 263 110 225
436 93 298 668 244 79 187
420 695 109 278 116 25 51
258 632 120 277 118 30 72
320 257 192 473 198 71 143
115 959 133 286 177 40 96
60 147 221 570 295 85 196
391 49 245 561 299 93 183
64 1349 268 631 207 76 187
173 380 166 460 180 63 146
280 441 150 440 170 50 136
446 242 254 588 231 59 196
47 1364 262 561 234 79 155
178 125 210 481 241 72 191
320 84 257 613 279 91 212
144 1465 301 693 297 82 181
233 1993 279 673 332 146 337
328 1391 293 669 252 82 205
354 650 117 295 140 14 54
246 730 75 189 79 5 23
311 665 104 268 95 19 67
170 258 251 584 216 57 176
477 1083 181 446 218 55 110
179 1139 213 492 202 46 143
336 1478 230 644 253 84 228
446 1153 174 391 177 51 116
3 781 174 395 167 32 106
112 1063 211 404 186 30 94
399 387 195 507 223 43 123
492 1655 356 764 296 101 262
104 869 134 331 134 21 45
377 1129 180 470 214 55 110
476 460 223 441 226 61 130
139 1537 304 704 233 89 205
131 1990 406 980 302 158 338
289 1817 378 875 319 115 294
215 1199 179 385 226 65 146
368 912 136 301 132 19 98
148 1859 293 757 390 142 309
123 852 103 264 135 11 66
185 1109 189 386 219 51 93
236 1450 267 640 305 71 182
30 391 219 530 228 53 132
195 261 262 534 197 76 159
267 15 330 711 328 102 217
264 249 214 483 265 56 150
177 1621 294 683 343 99 220
140 298 208 547 181 58 132
345 1264 189 523 251 64 125
273 1892 345 787 321 147 273
490 470 172 458 229 36 119
274 105 252 593 248 90 195
85 1879 286 808 300 129 281
105 1609 343 818 331 104 262
118 611 128 364 120 31 84
443 1426 249 625 217 90 171
216 520 162 365 192 26 110
134 187 220 579 293 77 174
245 1667 307 782 269 119 261
190 420 207 473 160 47 126
399 1021 139 351 153 23 74
420 426 194 448 174 58 103
346 114 123456 1 1 50 1000
253 1497 123457 1 1 51 1000
46 1377 123458 1 1 52 1000
456 782 123459 1 1 53 1000
121 1839 123460 1 1 54 1000
354 1827 123461 1 1 55 1000
152 915 123462 1 1 56 1000
424 670 123463 1 1 57 1000
48 778 123464 1 1 58 1000
400 555 123465 1 1 59 1000
462 1854 123466 1 1 60 1000
363 639 123467 1 1 61 1000
403 1275 123468 1 1 62 1000
123 1494 123469 1 1 63 1000
195 1153 123470 1 1 64 1000
217 405 123471 1 1 65 1000
303 73 123472 1 1 66 1000
90 1071 123473 1 1 67 1000
363 578 123474 1 1 68 1000
316 1327 123475 1 1 69 1000
109 60 123476 1 1 70 1000
3 1384 123477 1 1 71 1000
449 516 123478 1 1 72 1000
361 675 123479 1 1 73 1000
57 39 123480 1 1 74 1000
418 1179 123481 1 1 75 1000
235 1274 123482 1 1 76 1000
