50
50
10
20
5
40
947
211
2000
500
777
1027
1930 165 304 742 275 39 88
368 416 242 508 251 17 73
336 500 249 531 249 31 52
1886 420 272 723 363 29 110
129 343 230 598 277 22 81
1380 104 233 571 196 20 40
1737 284 317 789 260 27 98
1051 183 106 294 117 10 14
1501 458 199 541 208 26 76
647 342 182 375 179 21 45
1588 292 251 587 229 16 62
1264 374 158 441 212 19 36
290 70 259 581 227 21 78
1536 256 201 480 277 25 86
1635 440 220 628 247 29 68
1853 469 301 774 256 26 109
915 253 81 241 69 5 62
442 138 248 589 251 25 67
543 165 210 442 202 20 42
1268 117 195 410 208 16 37
1056 173 101 297 123 9 26
36 497 259 634 271 41 89
1057 347 126 317 131 10 52
1076 326 151 289 135 21 32
858 276 105 260 94 15 35
796 197 137 276 139 14 65
1615 139 299 727 215 19 66
242 124 241 637 304 33 79
1518 163 253 555 230 8 43
1289 318 224 522 174 11 46
951 430 143 313 125 5 65
1058 433 162 398 155 11 73
193 369 254 613 277 33 60
1391 291 201 485 190 15 28
838 139 129 327 108 5 47
557 391 231 485 188 8 27
985 482 153 327 160 11 65
1964 451 342 896 276 30 87
1327 481 231 556 230 21 74
183 332 235 632 312 17 102
1306 381 195 448 203 26 63
357 233 270 608 250 9 82
686 17 169 388 184 8 28
406 282 191 451 220 14 41
1078 216 110 268 118 10 42
1066 342 137 278 124 8 25
1407 280 239 496 235 16 53
1068 48 135 305 154 5 65
1744 206 300 637 278 16 78
621 153 174 366 163 14 78
1567 354 222 544 202 17 50
1035 372 156 332 110 5 56
515 323 247 598 189 14 72
945 167 60 173 77 5 40
615 352 214 507 198 5 54
1181 209 134 287 127 5 25
401 218 200 546 215 27 78
1936 37 313 810 367 24 62
12 67 315 706 324 26 64
1132 226 150 377 143 5 43
114 36 297 728 293 39 106
158 32 230 664 292 39 105
1796 357 252 621 245 31 89
442 49 254 585 223 21 36
704 409 209 507 193 15 49
1004 28 157 309 113 14 70
1373 246 235 524 176 28 68
710 337 146 394 146 19 62
76 413 344 764 275 18 102
1781 319 315 798 336 24 87
686 438 158 420 164 5 27
632 380 195 487 197 8 63
1717 135 251 649 314 18 93
1541 184 269 644 195 19 37
696 273 173 377 181 10 67
332 314 245 586 271 20 39
1776 153 260 690 330 29 91
361 114 221 486 195 10 76
814 200 95 233 127 19 51
1399 237 186 516 236 12 31
675 337 146 402 170 7 45
1042 221 116 231 80 5 55
1319 3 232 557 239 24 34
1131 374 174 413 178 8 60
1146 1 156 366 167 5 55
1815 335 307 721 264 39 67
1190 192 153 321 151 9 36
986 372 109 272 135 6 65
252 170 294 624 240 12 90
1869 488 301 804 306 27 111
298 210 251 628 240 24 79
765 85 140 373 130 6 63
296 441 232 560 235 19 94
1270 269 156 333 165 5 20
882 426 167 406 174 22 26
175 86 238 625 277 36 62
999 370 139 320 132 18 66
1784 13 245 654 285 39 75
1700 313 272 648 283 28 68
1895 293 343 832 253 43 99
1238 435 218 467 210 22 47
688 408 176 393 194 8 47
688 96 140 394 163 5 67
773 191 136 317 113 12 18
385 231 261 570 218 20 42
994 346 99 258 135 8 15
2 194 313 754 337 40 76
1508 500 256 666 265 14 44
1369 468 239 549 266 25 69
318 203 215 583 219 18 43
1035 409 168 387 157 21 21
1931 372 339 866 285 29 108
653 312 165 363 173 11 27
1241 220 176 425 167 5 75
417 267 242 594 215 15 75
276 17 300 677 278 14 49
1520 189 216 497 256 16 79
1639 478 287 672 324 34 53
1030 360 150 307 151 5 52
1962 188 267 645 276 30 120
453 418 209 446 274 14 46
1960 14 336 798 283 39 72
1586 26 269 626 262 26 41
1886 396 302 741 312 29 60
1481 66 237 506 241 28 41
610 86 160 407 216 24 70
300 249 244 521 282 17 40
301 371 257 579 307 26 57
1731 376 309 671 294 22 56
1801 383 324 789 313 23 107
219 233 311 684 256 23 75
332 355 244 621 284 28 49
235 205 239 593 262 23 48
1081 375 137 338 170 7 71
478 382 253 628 182 7 64
1513 434 240 538 268 18 76
1582 335 226 620 219 10 93
1558 442 298 710 232 32 81
252 147 271 677 274 16 87
1390 397 190 488 261 23 35
755 15 139 400 168 18 39
1120 200 151 332 110 11 51
1574 256 247 550 261 30 70
748 379 131 289 134 14 69
541 129 186 493 196 26 80
1259 382 170 465 182 26 62
1158 254 143 326 122 10 68
1428 421 264 649 239 22 45
50 345 255 590 337 22 75
1109 111 114 334 160 14 71
1640 123 268 678 280 29 80
1962 49 295 810 321 22 76
750 57 149 310 170 5 35
1640 384 257 570 243 33 53
252 29 292 746 289 36 58
491 308 202 498 250 24 28
80 407 331 838 253 26 93
731 318 183 428 167 9 17
1286 226 199 424 168 19 31
510 324 202 425 191 29 82
763 440 183 375 202 9 20
1878 328 344 746 332 33 67
1114 499 148 406 179 9 22
695 479 202 405 158 20 48
1912 4 374 969 256 26 101
65 356 325 750 357 21 82
212 426 288 718 301 37 101
325 37 227 542 261 9 75
402 273 191 429 247 23 56
35 280 272 716 299 35 67
673 449 205 452 207 5 76
556 279 161 353 159 20 79
1674 176 302 731 316 17 74
1256 452 223 455 219 27 77
38 268 359 807 353 26 71
38 69 310 729 318 22 114
886 14 130 291 158 15 17
971 331 100 269 108 5 20
84 85 244 590 252 36 60
981 25 159 363 163 5 59
1952 266 343 752 365 37 91
1005 220 86 241 84 5 29
1287 484 183 392 207 26 61
1827 386 334 754 250 29 97
170 433 244 556 242 19 76
1102 243 103 295 147 19 68
1542 299 214 594 290 8 82
380 245 242 541 193 30 51
446 354 265 594 252 14 34
1079 424 169 411 136 5 70
1957 467 272 720 275 37 85
277 5 248 583 283 12 46
1588 210 272 587 218 29 71
1040 103 105 277 110 5 35
1218 124 200 448 137 19 35
438 14 248 542 232 10 88
790 424 170 397 184 20 16
1668 124 233 616 290 33 64
1057 248 115 266 126 5 52
197 70 247 534 230 23 97
1532 434 283 712 249 27 67
1484 168 228 542 239 8 35
663 209 141 329 157 5 65
460 485 199 491 195 15 93
627 427 219 532 197 12 37
913 358 116 300 127 18 10
664 160 178 360 193 5 51
333 486 291 613 229 20 49
1208 378 161 344 194 20 69
944 216 28 121 25 13 51
1962 308 348 825 305 44 110
1224 243 135 375 164 17 51
793 320 144 363 115 20 48
1465 17 249 638 218 28 67
945 492 181 410 185 22 75
77 89 286 756 331 32 106
1495 474 270 604 262 20 84
817 221 95 258 94 8 36
1058 403 175 371 156 5 46
268 61 222 507 295 10 95
1043 318 130 269 141 5 57
1635 412 299 695 257 21 79
1820 113 242 604 263 22 100
1066 295 133 317 138 19 57
747 120 121 350 173 6 54
1112 413 163 358 192 13 44
1259 296 145 330 189 6 62
281 148 286 667 246 11 92
282 284 248 580 293 16 57
1817 414 339 746 270 28 72
985 436 140 347 172 14 62
1632 342 237 593 236 10 65
1537 10 238 608 265 33 94
252 62 275 596 223 17 68
827 480 185 422 152 17 52
1968 8 349 844 259 34 102
413 132 200 448 232 16 63
1280 189 160 415 215 5 72
484 244 234 531 194 21 79
1062 259 94 262 114 8 52
942 221 38 125 31 5 46
177 288 311 759 309 15 53
5 345 276 741 337 40 112
222 414 264 653 247 28 74
1966 343 346 837 310 29 101
166 314 335 813 240 25 75
1007 212 73 228 84 8 7
1863 362 351 841 328 23 83
472 476 242 512 235 17 74
3 11 314 811 315 29 115
872 262 90 199 102 17 36
1780 169 240 537 343 27 99
1774 125 260 680 307 38 108
21 333 357 883 285 24 95
915 377 109 282 119 14 12
1735 78 264 625 274 29 52
1522 152 223 499 283 17 75
733 139 141 339 167 8 39
931 1 122 316 162 22 42
236 76 273 714 243 18 44
1189 227 180 372 127 12 24
1646 242 245 625 313 11 59
1060 466 159 379 178 9 40
1895 257 347 755 251 21 112
1251 7 193 414 156 18 47
325 236 219 591 222 23 85
1069 449 172 363 180 13 58
189 56 290 730 246 33 48
1965 108 303 825 315 36 107
564 181 215 534 223 5 41
230 387 291 612 323 36 71
919 415 120 319 152 5 15
1100 171 121 262 135 13 30
392 385 248 636 208 22 93
1757 113 325 696 250 21 76
1024 429 165 344 157 20 61
1128 306 129 317 153 8 13
1433 122 236 487 221 9 50
1965 37 294 707 328 38 117
136 85 274 710 300 36 55
750 338 170 390 153 11 22
1657 494 281 598 256 31 48
677 255 135 370 188 5 62
1597 122 297 682 217 24 81
379 243 220 515 272 14 87
846 10 135 303 131 5 52
1980 283 339 850 357 24 105
187 182 286 602 283 21 68
1535 500 265 635 245 12 95
1761 75 297 766 249 31 51
1375 314 243 515 192 9 78
1602 457 280 582 295 13 45
855 339 141 321 144 8 58
1190 300 134 294 192 20 74
1569 472 287 611 243 17 44
983 67 141 298 116 20 52
1095 50 172 394 159 5 29
1704 293 329 795 275 25 79
1548 264 233 619 243 15 93
231 184 229 645 227 12 97
1874 85 314 740 245 26 70
496 488 264 583 231 30 57
668 261 157 338 158 17 51
673 448 208 502 201 5 59
158 410 277 739 311 22 57
742 218 114 301 146 5 71
1574 82 274 694 209 21 95
44 456 245 580 280 21 73
723 91 131 386 153 16 60
1671 208 290 681 293 33 72
257 97 267 649 234 35 83
1189 274 164 345 140 5 74
782 453 152 342 157 5 28
904 466 183 351 168 15 66
902 87 112 241 106 5 13
1964 134 300 745 308 43 92
416 329 261 546 230 23 46
1307 453 219 490 215 28 62
1972 364 282 767 261 30 85
820 289 126 258 121 7 24
1024 151 97 233 114 17 28
1914 88 307 715 307 31 106
931 441 162 402 163 5 59
512 450 236 503 252 20 51
916 163 88 234 66 10 11
1737 108 293 719 300 20 64
189 347 229 598 266 26 93
816 364 134 340 130 15 35
1470 433 263 657 208 28 52
1218 495 179 421 223 23 26
564 416 208 465 171 28 27
1534 179 251 607 223 18 81
1358 120 174 456 199 27 69
378 130 196 491 271 32 62
1834 54 303 807 295 26 62
333 484 253 605 229 20 51
1388 441 237 560 222 19 46
568 178 229 484 175 17 38
1279 230 175 436 205 22 38
860 122 94 220 125 5 21
1713 500 340 794 300 39 87
1213 108 146 313 167 21 57
592 283 153 359 154 20 46
922 275 70 180 96 15 50
901 24 151 339 128 20 47
1511 129 271 568 194 30 61
271 37 216 524 228 11 55
576 481 222 540 236 10 47
1106 184 125 263 137 5 11
1389 366 212 500 199 12 57
1362 390 255 501 170 28 87
272 381 261 672 314 22 46
95 411 321 690 324 30 61
280 120 269 656 249 19 84
1859 238 284 685 279 23 99
631 291 190 399 172 5 40
1852 160 242 635 291 17 94
194 136 285 603 244 23 72
227 153 314 742 262 33 58
714 267 157 387 156 5 59
956 185 56 198 61 5 54
1186 495 218 467 225 25 27
442 369 265 571 213 11 78
1314 19 235 530 169 12 29
967 227 60 145 58 6 35
905 462 165 370 147 17 29
1117 363 141 375 177 7 20
1435 283 196 469 189 23 80
1103 274 127 282 149 8 54
1437 87 184 479 231 24 80
146 130 269 658 233 16 107
598 457 220 517 194 9 36
907 101 103 285 106 13 28
813 424 164 423 181 18 19
954 234 58 158 58 5 6
1953 281 369 819 274 22 104
1743 142 303 735 295 37 95
15 422 326 708 284 26 80
1732 59 243 586 293 17 78
303 200 262 563 234 24 95
569 496 184 467 202 28 39
398 495 210 583 296 29 55
573 226 208 519 198 25 54
1235 459 200 424 225 6 47
1855 438 341 784 284 34 78
992 317 118 313 96 5 38
215 498 254 612 317 19 74
1350 462 218 518 215 21 30
1003 239 72 200 85 5 57
309 473 293 698 236 25 51
657 431 220 525 220 13 46
394 45 261 611 225 14 61
1540 205 287 665 288 31 48
184 146 240 634 331 32 73
1290 58 223 484 176 19 47
355 353 260 660 290 12 78
49 322 284 641 248 26 88
1954 338 369 914 310 44 102
1625 127 247 546 247 29 53
895 36 135 357 155 18 12
1608 110 261 629 230 25 98
1687 96 251 567 314 23 84
1511 226 284 609 222 7 72
1961 216 334 858 343 35 96
1245 85 167 386 181 22 75
1733 359 295 641 240 37 54
411 452 197 570 290 27 82
1969 46 259 610 331 39 67
1360 326 208 425 235 27 34
1605 209 219 486 245 34 75
1662 472 275 705 310 28 95
1695 246 267 593 300 14 68
930 166 59 157 60 7 11
1290 238 206 412 219 9 58
197 347 227 531 276 26 80
1543 160 217 549 211 20 47
1378 36 176 401 197 16 30
1277 261 215 512 182 7 65
693 298 190 422 133 9 39
178 224 273 600 302 19 102
906 250 88 189 61 17 46
1574 278 271 651 293 25 58
923 474 162 418 165 11 28
258 73 236 527 286 19 70
402 391 193 457 235 16 63
4 327 322 772 260 34 104
443 444 254 588 205 18 49
731 467 194 475 160 24 65
125 49 314 670 317 33 95
1620 452 219 513 257 13 81
1503 388 261 660 235 32 46
1361 470 241 561 248 17 61
716 275 136 318 172 18 68
1310 417 243 576 192 6 49
1735 357 329 788 271 33 63
1683 114 314 785 295 12 57
976 27 124 331 141 5 43
1445 335 249 501 181 18 78
588 367 170 447 193 5 81
1828 44 253 612 319 20 105
456 98 257 522 210 25 76
1447 436 187 458 267 24 90
518 203 215 509 225 18 72
1980 401 378 932 299 44 112
1055 268 96 246 100 5 35
163 9 248 644 228 26 104
887 157 82 257 103 18 52
371 291 255 635 201 18 65
104 432 266 687 338 24 109
1552 226 285 710 275 32 89
557 68 218 528 202 13 48
805 273 141 357 112 15 64
143 289 281 657 233 25 49
1953 276 276 779 310 40 104
676 246 157 342 133 5 44
1720 313 307 759 251 21 88
1546 82 250 637 244 30 91
565 355 214 449 168 21 39
689 167 183 425 146 15 74
694 142 132 309 173 16 16
1066 450 158 339 140 13 23
208 58 323 729 264 30 59
1016 133 111 271 99 5 21
64 150 260 732 251 35 56
1434 423 253 625 246 17 50
1862 89 256 582 346 31 94
547 422 241 550 178 5 54
1622 189 301 715 245 10 51
1589 74 220 487 220 18 78
281 222 238 583 256 19 46
580 271 203 494 200 21 31
699 122 156 408 145 8 19
1450 178 256 637 182 7 38
858 437 175 365 142 21 65
154 478 345 835 307 30 101
531 34 197 445 206 5 72
1224 198 143 360 182 13 73
372 126 247 519 252 10 94
1472 255 214 486 274 24 46
1942 200 378 939 314 31 100
1640 237 300 636 293 34 61
972 180 54 180 62 16 7
730 208 129 364 132 13 25
1745 205 297 637 229 17 66
868 259 96 238 88 5 22
1144 91 133 289 127 5 34
111 371 305 785 320 22 85
1346 168 235 468 168 18 82
1449 460 230 554 281 26 81
1345 268 229 552 198 27 41
1310 245 212 473 157 16 46
852 333 145 287 129 5 53
1644 426 218 487 318 32 51
384 83 233 552 249 7 73
1642 411 242 644 309 34 85
1755 433 255 677 234 27 104
1198 248 138 339 159 5 34
468 447 266 654 237 18 89
1627 361 294 720 228 12 67
1268 106 204 505 180 6 31
722 257 169 343 124 11 31
1738 236 319 808 266 36 67
1381 434 254 513 182 15 45
357 425 215 589 299 23 49
266 222 217 498 228 15 47
328 451 235 530 267 24 48
952 424 122 304 170 19 38
1680 68 305 703 295 15 58
1907 96 360 845 269 20 85
566 87 224 454 179 24 46
250 451 294 735 241 23 70
1228 405 176 413 174 14 73
878 107 95 284 93 15 45
872 117 128 296 101 5 23
1876 140 277 656 333 28 57
559 9 176 409 204 26 59
252 440 247 641 312 28 64
839 430 179 385 160 17 71
204 455 316 729 306 19 80
1608 444 270 608 300 35 43
1947 179 324 784 338 36 111
704 327 194 459 166 5 43
470 474 198 533 200 23 41
1736 109 292 746 242 24 107
1339 474 197 534 244 30 80
1372 371 202 435 233 24 64
1465 480 256 594 265 26 95
1464 453 278 611 258 21 76
1123 220 136 339 108 18 51
1583 137 270 560 236 27 40
1646 391 308 667 228 29 74
749 236 138 319 154 5 15
1921 339 347 880 332 24 73
741 393 180 420 175 21 58
951 285 92 257 98 14 22
1107 438 145 385 167 5 53
1648 22 265 617 295 27 69
1598 218 259 593 289 23 99
1760 66 256 605 289 32 95
1450 80 194 422 184 22 34
1451 46 240 587 253 13 73
1044 486 167 439 158 10 21
1962 293 297 691 261 37 69
1570 364 261 618 289 15 39
817 257 137 342 115 5 68
1399 455 261 560 249 8 33
1670 124 280 655 321 28 101
1005 287 111 223 95 9 20
933 219 47 162 38 5 52
508 55 187 458 200 29 82
1371 23 194 421 188 15 80
680 228 168 345 137 5 17
1068 237 124 288 106 9 60
132 66 232 560 294 39 80
1090 351 140 361 145 9 44
1914 119 268 738 268 19 96
1575 26 267 602 245 14 93
1224 99 202 432 171 9 67
1659 237 231 566 281 13 62
1121 387 160 414 128 19 30
506 36 185 406 198 7 57
1718 492 267 670 294 26 66
111 204 260 625 292 22 83
285 384 256 669 228 15 83
1550 218 229 582 289 31 78
1348 289 241 516 180 5 44
1217 270 133 375 140 22 35
230 238 296 732 315 19 88
1001 328 124 307 107 6 57
1476 343 250 560 258 19 34
246 437 237 594 217 35 98
1202 204 155 375 137 13 67
1963 215 361 937 290 31 93
854 105 129 281 124 12 67
1355 393 250 603 245 11 57
1882 409 267 606 362 38 104
1063 390 123 298 123 6 61
702 64 140 394 184 9 54
1954 270 300 823 278 32 65
656 248 200 424 151 21 76
146 417 233 640 322 15 103
968 242 66 177 63 5 7
1859 81 332 853 357 19 71
666 267 177 427 161 5 40
1016 301 124 249 106 5 23
890 160 93 218 99 5 45
1525 40 261 657 228 31 72
921 288 74 195 75 8 31
230 115 230 546 270 27 51
540 425 225 507 223 24 69
1329 104 176 413 222 26 72
645 256 192 407 164 7 69
126 122 279 632 294 16 92
764 407 195 432 153 23 33
1614 19 244 550 296 35 43
898 269 96 202 97 16 33
367 381 273 676 286 32 66
723 65 131 344 137 12 66
1591 199 293 707 299 33 70
1804 259 247 686 296 23 93
540 270 210 515 206 14 59
1659 101 239 649 306 33 51
339 71 276 584 240 8 48
775 337 157 387 157 5 54
823 177 98 227 111 5 39
681 355 184 373 188 23 65
1568 287 282 677 218 26 51
375 211 268 638 284 32 83
1052 495 171 359 158 5 63
1151 3 150 331 185 10 65
1215 250 138 391 139 18 56
136 241 231 529 269 26 55
738 249 121 307 158 6 57
644 343 186 396 194 5 23
427 42 249 614 252 31 65
750 488 169 372 176 5 30
428 245 259 587 234 14 44
942 180 52 190 66 8 53
771 334 174 354 136 5 20
117 289 250 625 339 27 93
237 420 248 549 291 24 45
420 228 188 475 220 6 41
1092 431 159 372 143 5 46
1764 11 295 668 252 21 52
1783 37 274 655 298 16 83
1813 188 239 636 253 39 77
1185 288 160 405 176 22 62
1457 71 211 479 247 13 73
524 339 250 562 242 21 41
984 204 57 175 57 5 3
837 264 114 286 111 5 37
1578 140 228 545 251 32 44
1758 111 237 599 271 34 61
616 365 229 473 194 18 69
1228 93 149 324 144 11 55
1117 76 144 300 176 8 57
1217 380 188 421 170 7 55
1321 345 223 552 221 5 59
1897 335 252 619 329 26 64
944 159 64 191 83 5 41
1658 291 272 633 280 14 86
958 403 157 334 126 5 70
1252 26 211 443 183 5 25
1387 432 206 534 212 15 82
17 352 307 704 334 24 63
1626 177 246 538 257 19 98
223 224 258 647 299 31 67
995 346 123 292 140 6 44
158 20 235 539 320 14 63
447 402 213 509 274 26 78
1992 131 384 905 342 38 77
1253 316 190 441 175 11 37
115 98 335 773 233 16 62
439 133 241 600 220 11 90
244 36 258 636 252 16 59
1472 316 270 553 260 9 59
119 122 275 649 304 22 98
128 114 255 641 275 34 107
1051 173 106 260 100 15 66
1998 271 368 941 388 38 107
389 297 259 654 234 9 56
66 143 350 843 287 20 83
1322 484 235 485 180 26 70
538 287 201 467 179 7 81
1592 343 306 741 252 33 55
969 234 55 183 65 5 28
358 482 257 557 275 33 88
1860 305 291 666 304 30 111
1437 400 241 490 250 28 40
1113 345 141 334 152 5 49
1575 44 236 502 296 12 74
916 236 55 205 69 6 19
1852 467 274 632 336 42 105
1080 484 151 369 142 13 64
139 79 289 636 299 16 74
513 190 234 528 232 10 51
1694 469 295 689 272 21 88
1301 312 198 507 160 11 53
899 239 70 204 78 5 62
1327 2 236 485 229 14 65
1897 317 332 805 359 39 98
370 260 230 613 227 18 91
899 55 119 260 144 19 36
1179 16 208 433 169 8 71
1198 216 144 316 165 5 20
570 220 186 459 185 23 60
225 350 313 674 233 36 57
449 297 207 446 209 17 47
1667 221 290 670 240 13 83
58 98 296 737 279 37 63
1713 179 291 687 232 23 101
472 438 251 604 183 12 66
933 311 109 297 106 5 54
1264 86 206 448 182 5 69
1635 7 259 685 285 22 54
1963 204 299 692 336 42 92
981 173 70 225 79 5 37
1384 112 227 566 248 16 35
276 411 258 689 285 32 60
1137 478 174 375 162 11 44
1303 60 164 380 215 10 64
880 2 136 307 130 5 68
526 434 206 429 177 24 41
1419 331 206 555 216 9 82
1223 183 144 321 178 7 60
1196 242 165 390 172 5 71
338 442 234 597 224 17 95
882 91 135 259 112 6 35
227 214 215 605 304 25 69
1910 306 364 859 355 29 101
43 415 296 783 289 34 107
1533 357 262 563 220 22 73
828 213 113 234 130 5 34
791 462 179 380 186 14 63
1346 67 227 535 211 6 31
689 407 215 520 194 23 53
32 398 323 798 313 21 102
801 112 118 275 118 15 60
1532 441 282 696 275 26 95
1386 76 226 549 227 12 83
1059 23 118 273 169 10 61
891 352 105 292 144 5 29
1931 162 328 840 319 40 113
407 324 276 640 199 19 72
832 466 138 362 188 16 28
1464 331 202 517 254 21 55
964 466 178 365 163 14 60
810 42 136 360 126 13 28
853 468 138 397 134 14 23
1155 104 127 318 143 5 49
1800 45 254 624 302 19 78
704 289 140 360 179 7 29
521 483 231 499 229 6 59
127 453 298 671 266 20 87
1443 425 275 644 190 16 75
570 312 190 487 166 13 55
1116 99 145 326 168 10 58
1286 229 153 443 182 15 31
953 136 82 233 79 14 25
1228 32 205 455 179 5 25
1068 409 157 319 180 5 61
1270 411 157 388 198 5 68
1449 47 257 542 260 28 62
104 384 285 747 247 31 94
1905 208 367 935 337 34 76
447 393 199 465 232 12 39
383 410 260 603 230 31 68
1921 319 253 694 267 43 114
1512 362 283 631 267 20 76
1490 11 224 541 288 13 81
1366 325 169 473 204 29 78
1341 28 237 493 201 25 70
15 293 303 782 264 29 76
553 158 227 538 185 9 40
1900 297 335 722 260 31 115
1937 230 345 875 303 22 80
1220 45 190 465 174 12 56
1360 155 244 487 195 27 82
977 293 77 202 98 8 22
1962 345 283 794 353 29 121
379 257 206 506 203 29 68
1048 362 122 324 122 14 50
1618 402 214 499 232 26 100
907 223 72 195 61 5 46
237 115 222 619 228 19 59
1957 240 334 806 304 32 113
1410 370 251 509 227 28 58
1329 72 177 454 240 19 59
1828 82 245 653 247 19 59
980 473 167 376 137 6 67
1127 388 168 329 145 5 19
517 335 229 532 212 21 34
1068 393 152 399 174 15 32
1663 490 235 631 280 13 81
1662 11 259 602 326 35 62
1641 200 242 610 273 35 62
229 493 227 633 318 27 101
523 42 222 532 210 28 28
1487 469 281 568 217 21 36
58 177 318 681 300 20 78
1111 247 112 283 129 5 69
747 248 133 358 158 18 33
325 296 212 480 247 13 91
613 495 238 563 188 29 39
68 333 309 819 255 40 89
54 469 244 637 281 37 60
861 485 198 451 175 5 28
512 268 193 410 169 23 64
1765 462 333 795 258 27 81
1504 214 269 637 277 8 70
1352 104 227 497 244 5 54
1498 392 247 533 209 25 86
334 296 277 574 253 18 68
1103 179 140 283 135 5 51
722 77 140 355 158 5 42
180 453 323 809 242 15 80
79 95 330 848 300 33 94
901 179 70 191 83 5 46
1311 56 198 452 209 27 70
724 113 146 326 137 23 46
563 382 233 525 194 5 29
1958 24 370 896 350 40 97
1020 86 116 272 105 5 38
1305 490 245 555 179 29 76
1323 451 233 493 232 15 33
343 82 240 571 213 10 46
774 331 133 350 160 5 61
1715 298 332 780 310 17 85
154 170 245 650 318 17 100
99 321 268 688 328 32 74
846 337 106 295 122 5 54
1518 366 264 634 228 11 62
291 164 304 721 248 32 92
1291 488 243 565 216 16 67
35 433 273 738 258 18 88
1044 487 146 389 200 5 40
1637 436 261 676 309 36 76
1130 54 167 390 182 5 63
1467 13 271 554 264 29 61
1973 252 341 869 258 35 112
1690 245 309 736 292 24 48
749 68 149 336 146 21 71
779 195 115 313 145 16 31
1137 281 127 302 134 5 30
431 249 251 561 233 8 76
155 415 284 665 292 38 94
1821 120 278 657 276 21 91
1676 176 285 640 254 11 82
1324 426 247 565 242 13 71
82 303 236 544 256 33 56
1483 179 187 429 204 12 78
1207 70 198 427 203 10 61
1492 212 274 656 203 28 79
365 251 228 496 225 14 46
1380 426 197 447 196 5 87
490 465 219 580 223 27 36
1230 304 176 436 182 15 56
1499 444 290 640 255 20 94
1309 313 199 464 180 5 67
729 123 156 325 181 5 18
835 254 131 326 116 5 60
1898 254 355 764 350 23 60
26 185 262 597 277 27 59
129 114 300 743 312 36 109
1929 275 323 797 328 27 95
597 481 172 379 239 15 82
336 419 288 659 282 11 83
775 302 122 322 144 5 52
985 248 63 207 60 10 23
3 273 322 817 246 27 72
206 234 306 664 301 28 102
1879 408 275 682 340 30 116
1182 3 208 496 142 21 62
1173 421 195 483 152 25 73
82 395 313 727 341 34 56
1093 467 176 448 182 5 38
255 304 300 679 218 34 66
1538 198 257 549 232 24 71
1633 137 214 475 239 28 57
1878 417 316 766 297 33 88
831 399 125 334 134 12 36
465 114 182 440 178 23 79
73 250 337 791 327 23 59
345 304 231 578 295 24 87
687 175 156 390 189 5 62
1531 107 223 585 291 17 37
1841 339 318 738 348 35 72
780 380 179 434 144 5 70
1759 175 339 786 330 32 93
431 498 270 552 274 17 83
1073 81 157 313 120 15 38
1938 208 264 628 372 19 103
1435 110 198 463 189 23 40
1343 6 175 461 195 18 38
845 389 146 337 138 19 64
1494 384 277 684 194 29 36
62 168 268 666 356 33 83
1180 351 180 397 174 5 51
1318 100 182 469 217 25 47
80 23 259 679 335 34 84
1695 54 286 684 316 24 53
1077 124 107 312 142 5 61
255 419 293 684 285 31 66
1341 182 216 483 185 19 82
754 95 161 397 179 13 37
1163 26 163 400 175 14 27
1360 475 219 483 199 20 55
1674 422 293 643 329 31 81
914 345 137 328 123 5 38
1675 364 256 628 276 12 98
432 425 263 655 201 15 90
1058 120 129 269 141 15 28
1160 399 184 421 137 5 65
1824 237 252 642 308 21 67
864 372 116 290 158 11 20
12 358 306 730 344 41 82
25 285 310 766 259 21 102
1556 454 238 554 282 16 47
1283 383 182 402 171 6 64
1525 432 272 578 204 25 40
1069 182 130 303 124 14 22
929 266 85 210 81 11 62
1157 174 163 381 134 15 63
1720 11 303 648 338 24 92
1235 274 173 381 189 23 72
743 344 169 408 180 6 65
51 44 290 657 351 30 82
15 394 295 709 296 25 93
210 400 322 668 258 26 92
23 96 363 904 341 23 98
1296 293 200 408 171 15 27
1614 321 267 577 246 16 80
345 422 228 489 274 19 69
1760 482 258 668 260 36 105
57 274 265 615 300 21 65
465 28 266 568 254 8 73
1640 497 266 610 259 34 76
358 346 263 568 236 30 86
1789 285 345 730 248 30 103
311 481 238 545 300 10 42
335 154 250 633 270 21 45
1268 48 183 486 158 18 65
1789 180 330 752 242 37 94
617 236 147 389 150 24 43
99 78 274 609 344 39 77
1643 6 305 764 254 28 68
1901 107 255 716 248 27 62
850 274 121 258 89 5 10
1317 89 199 486 158 14 46
903 59 116 275 107 5 13
1266 494 232 493 180 7 80
92 286 337 756 255 20 54
729 367 159 378 135 18 61
272 51 229 522 315 31 71
265 124 235 519 291 14 45
1573 117 204 512 238 12 63
1734 486 335 819 344 18 66
1725 332 300 670 315 27 65
1800 325 347 831 295 33 66
1751 147 228 642 311 37 71
976 32 129 321 144 18 16
273 186 268 636 287 10 74
347 28 300 653 252 24 91
241 335 225 495 301 20 86
63 28 275 737 252 34 96
1400 175 216 451 244 14 40
613 243 184 396 196 22 25
1282 427 223 528 207 8 66
777 293 136 275 161 17 67
1231 407 149 430 151 25 26
432 230 264 570 240 22 38
390 402 231 579 259 32 76
733 43 161 351 132 23 66
383 354 269 577 267 21 82
313 432 254 628 229 10 45
1372 104 206 508 225 22 71
779 370 166 401 182 19 41
1384 447 215 535 224 5 53
1771 474 239 625 297 39 61
248 404 233 596 307 31 48
1983 317 281 774 288 34 88
450 495 253 601 278 29 57
1607 49 246 554 237 12 45
1471 253 198 484 220 22 86
1907 340 345 785 312 36 79
1725 27 316 675 324 28 101
1234 320 179 446 149 19 61
1843 230 287 676 289 32 64
37 432 326 856 258 38 104
496 241 231 579 201 22 68
622 433 224 548 200 6 57
1048 489 188 380 177 5 26
1282 320 163 458 197 10 55
1852 244 353 804 352 36 94
1583 151 243 638 241 33 50
318 6 243 551 222 22 69
849 345 111 268 123 16 11
1043 283 126 285 116 5 12
1199 319 134 367 151 24 36
108 368 329 851 326 25 93
570 75 197 498 198 16 28
1465 127 269 535 261 18 88
768 49 151 316 170 11 50
290 220 294 726 268 11 47
246 147 303 711 305 15 75
508 278 216 458 191 16 55
1099 253 134 279 116 5 58
215 414 300 739 231 23 85
1474 132 271 598 263 22 40
1374 473 241 563 245 13 70
261 131 311 700 238 17 49
897 223 61 181 69 5 33
594 273 214 439 220 8 46
382 483 220 561 234 20 73
1918 255 320 850 346 21 101
428 162 263 628 215 19 43
412 45 245 519 254 14 80
1607 255 277 667 281 34 54
1675 454 276 678 319 31 50
1699 184 310 737 310 16 88
688 250 123456 1 1 50 1000
233 24 123457 1 1 51 1000
1468 393 123458 1 1 52 1000
1724 11 123459 1 1 53 1000
1088 460 123460 1 1 54 1000
574 411 123461 1 1 55 1000
1186 256 123462 1 1 56 1000
858 390 123463 1 1 57 1000
1692 336 123464 1 1 58 1000
761 481 123465 1 1 59 1000
663 450 123466 1 1 60 1000
1470 283 123467 1 1 61 1000
1986 478 123468 1 1 62 1000
389 430 123469 1 1 63 1000
1717 155 123470 1 1 64 1000
1516 55 123471 1 1 65 1000
1300 16 123472 1 1 66 1000
1730 413 123473 1 1 67 1000
216 248 123474 1 1 68 1000
1136 138 123475 1 1 69 1000
1670 191 123476 1 1 70 1000
1138 399 123477 1 1 71 1000
1692 164 123478 1 1 72 1000
299 281 123479 1 1 73 1000
118 181 123480 1 1 74 1000
1145 474 123481 1 1 75 1000
1434 97 123482 1 1 76 1000
