16
80
20
10
35
25
50
1073
1123
1123
500
157
283 334 636 34 153 15 9
291 314 624 34 161 17 9
288 327 581 32 160 19 9
329 136 761 27 136 13 11
337 125 696 28 124 18 10
325 146 740 26 126 17 11
340 487 634 34 164 8 9
362 507 641 34 153 7 10
343 502 647 34 160 14 10
375 276 450 18 91 28 7
372 288 479 19 90 21 7
357 280 455 19 91 15 7
364 66 467 19 86 5 7
353 81 432 20 88 5 6
354 62 432 19 87 19 6
420 359 734 27 136 21 11
427 373 706 27 124 14 11
425 353 706 26 123 26 11
435 825 715 33 157 19 11
433 807 681 34 163 15 10
446 829 708 33 152 28 11
463 1057 674 31 155 6 10
463 1066 668 33 163 30 10
445 1071 636 32 149 11 9
484 82 562 32 157 20 8
490 93 591 33 157 12 9
491 86 539 34 149 18 8
484 249 563 34 149 28 8
507 219 581 32 160 26 9
486 239 569 33 150 28 8
562 1016 636 28 126 21 9
568 1012 649 26 130 5 10
555 990 682 28 136 23 10
581 709 614 32 150 26 9
558 698 678 35 157 9 10
559 703 646 31 163 10 10
591 412 654 32 163 12 10
581 405 660 34 157 6 10
576 393 694 32 152 22 10
607 140 571 27 135 27 8
583 132 559 25 128 29 8
586 137 588 28 123 14 9
602 794 593 26 130 13 9
599 783 624 28 124 10 9
588 791 612 28 123 20 9
656 324 643 28 126 19 10
642 303 612 26 127 26 9
657 317 599 25 123 21 9
669 1057 642 33 149 13 10
674 1050 628 33 157 15 9
690 1060 688 35 157 14 10
711 86 704 32 161 7 11
708 75 725 32 158 7 11
728 86 662 32 155 27 10
731 770 718 26 127 6 11
734 760 704 26 135 23 11
740 766 725 26 136 5 11
783 645 629 31 152 28 9
800 637 593 34 150 14 9
776 646 599 32 164 29 9
791 866 463 18 90 28 7
797 867 481 18 88 20 7
790 876 472 18 92 26 7
824 1053 429 18 92 17 6
837 1039 425 20 90 27 6
816 1038 396 19 85 9 6
869 998 521 28 133 29 8
871 984 516 27 135 6 8
867 994 521 28 136 27 8
854 809 601 34 150 30 9
871 793 632 32 157 16 9
853 788 594 34 160 25 9
71 528 1248 55 304 8 19
73 507 1286 56 307 7 20
98 510 1286 52 307 9 20
266 567 1170 53 317 16 18
284 567 1170 53 314 22 18
288 580 1280 52 307 25 20
817 570 1350 54 326 24 21
827 557 1285 51 301 12 20
820 560 1233 56 307 26 19
1064 633 1199 55 317 6 18
1045 650 1096 56 323 22 17
1057 630 1176 56 329 30 18
242 881 550 38 228 10 12
238 888 550 35 228 10 10
256 887 550 39 228 10 10
258 884 300 45 276 50 15
871 237 550 34 228 10 11
862 236 550 38 228 10 12
872 257 550 34 228 10 10
882 253 300 48 276 50 8
264 918 550 36 228 10 10
276 932 550 39 228 10 12
274 932 550 36 228 10 12
281 929 300 52 276 50 8
853 189 550 37 228 10 10
850 177 550 34 228 10 11
847 204 550 35 228 10 10
843 198 300 48 276 50 10
939 261 550 36 228 10 10
946 263 550 38 228 10 10
927 284 550 39 228 10 12
931 269 300 50 276 50 14
179 848 550 39 228 10 12
189 855 550 34 228 10 11
185 861 550 35 228 10 11
188 850 300 48 276 50 8
381 751 550 39 228 10 12
375 750 550 39 228 10 10
358 738 550 34 228 10 11
379 760 300 51 276 50 12
757 381 550 35 228 10 11
762 386 550 38 228 10 10
757 365 550 39 228 10 11
747 369 300 45 276 50 9
496 936 550 35 228 10 10
510 943 550 37 228 10 10
494 927 550 38 228 10 10
485 918 300 45 276 50 8
612 182 550 35 228 10 12
621 187 550 38 228 10 10
627 179 550 35 228 10 12
613 188 300 45 276 50 13
940 497 550 39 228 10 12
926 508 550 34 228 10 11
938 495 550 35 228 10 10
920 500 300 49 276 50 10
189 620 550 38 228 10 12
192 639 550 39 228 10 12
178 626 550 37 228 10 12
189 621 300 49 276 50 8
486 622 550 37 228 10 11
508 635 550 38 228 10 11
502 614 550 34 228 10 11
480 625 300 43 276 50 11
625 505 550 36 228 10 10
638 506 550 37 228 10 12
617 505 550 36 228 10 10
615 486 300 47 276 50 11
728 945 550 34 228 10 10
705 948 550 35 228 10 12
717 933 550 36 228 10 10
725 944 300 45 276 50 15
415 202 550 34 228 10 10
394 184 550 36 228 10 10
398 196 550 36 228 10 12
413 198 300 48 276 50 14
939 720 550 35 228 10 12
925 715 550 36 228 10 12
942 710 550 37 228 10 10
942 721 300 49 276 50 8
198 417 550 37 228 10 10
192 414 550 36 228 10 12
196 410 550 36 228 10 10
187 396 300 47 276 50 13
100 100 10000 917 2000 42 42
