32
50
32
20
40
25
50
1073
1123
1123
500
157
304 336 602 33 155 24 9
303 312 658 33 163 22 10
299 316 639 33 149 16 9
337 140 501 28 126 9 7
323 146 511 27 126 27 7
334 139 471 27 136 15 7
344 511 615 34 153 24 9
350 489 586 33 149 12 9
357 509 568 32 163 18 8
369 281 462 20 90 13 7
355 291 481 18 90 27 7
356 283 457 20 92 16 7
357 71 501 19 88 30 7
353 64 477 20 90 22 7
356 65 487 19 90 5 7
425 363 613 27 131 29 9
423 362 619 27 131 15 9
433 363 607 25 130 30 9
442 831 688 32 150 25 10
459 831 668 31 160 7 10
435 828 709 33 150 17 11
437 1056 605 32 163 16 9
439 1052 605 35 163 11 9
454 1071 599 35 150 17 9
480 102 639 34 163 29 9
476 78 614 34 150 6 9
484 79 633 33 161 20 9
486 230 553 31 158 26 8
506 228 599 33 160 17 9
500 246 565 34 157 12 8
570 1001 568 25 136 11 8
547 1016 562 27 127 8 8
574 1016 568 26 132 24 8
567 701 608 34 153 9 9
574 714 627 32 150 5 9
564 704 614 34 163 28 9
588 413 539 34 164 10 8
599 412 551 33 149 20 8
571 405 545 33 152 21 8
602 125 691 28 130 16 10
604 128 727 28 123 13 11
584 122 727 27 128 13 11
586 780 511 26 131 14 7
595 792 501 25 135 15 7
597 779 482 28 124 14 7
654 326 700 28 126 13 10
641 311 722 27 133 24 11
638 302 766 26 135 16 11
665 1074 599 32 153 12 9
670 1050 577 32 150 25 9
680 1057 548 31 157 11 8
729 69 540 32 158 19 8
714 85 546 34 161 8 8
730 89 568 34 161 30 8
738 759 664 26 127 6 10
755 764 677 26 127 27 10
745 760 697 27 130 28 10
802 635 639 32 150 27 9
796 634 665 32 161 13 10
802 643 672 33 149 8 10
786 868 414 19 91 30 6
786 862 453 19 87 15 7
802 881 427 20 91 9 6
827 1045 417 20 89 7 6
817 1053 389 18 86 17 6
818 1042 389 19 92 30 6
863 991 650 28 132 10 10
858 996 631 26 127 11 9
858 990 619 28 128 11 9
850 796 627 34 163 6 9
851 810 646 33 153 29 10
870 811 603 34 161 28 9
70 532 1148 55 307 23 17
79 512 1182 52 310 27 18
84 521 1115 51 320 8 17
291 589 1183 54 323 6 18
264 572 1218 53 314 28 19
285 578 1160 56 323 20 18
837 566 1111 53 298 16 17
833 565 1145 51 301 6 17
809 550 1078 51 307 9 16
1040 649 1246 55 301 22 19
1058 633 1222 56 317 11 19
1061 652 1234 55 320 13 19
262 887 550 36 228 10 12
265 887 550 39 228 10 11
242 862 550 37 228 10 11
239 870 300 43 276 50 9
884 257 550 39 228 10 10
860 239 550 34 228 10 10
879 246 550 36 228 10 11
882 238 300 51 276 50 10
290 919 550 35 228 10 10
271 944 550 39 228 10 11
281 935 550 34 228 10 11
289 946 300 45 276 50 12
844 194 550 35 228 10 10
836 204 550 35 228 10 12
851 176 550 37 228 10 12
844 187 300 48 276 50 11
923 275 550 34 228 10 11
922 282 550 38 228 10 11
923 261 550 39 228 10 12
932 277 300 52 276 50 12
197 846 550 39 228 10 12
181 862 550 38 228 10 10
192 842 550 34 228 10 10
179 862 300 49 276 50 14
369 754 550 35 228 10 11
364 743 550 39 228 10 11
364 739 550 37 228 10 12
385 748 300 51 276 50 8
755 385 550 39 228 10 10
744 357 550 36 228 10 10
765 364 550 37 228 10 11
750 375 300 51 276 50 14
493 918 550 36 228 10 12
501 925 550 37 228 10 11
492 948 550 39 228 10 12
494 918 300 51 276 50 9
633 198 550 35 228 10 11
627 192 550 36 228 10 10
636 185 550 38 228 10 10
638 178 300 52 276 50 12
929 511 550 38 228 10 10
933 483 550 39 228 10 11
929 510 550 34 228 10 10
928 493 300 49 276 50 12
202 613 550 39 228 10 11
184 636 550 35 228 10 11
198 619 550 38 228 10 12
183 611 300 49 276 50 14
490 638 550 37 228 10 10
502 615 550 38 228 10 11
484 635 550 35 228 10 10
491 618 300 52 276 50 10
644 488 550 38 228 10 11
637 502 550 35 228 10 11
632 491 550 35 228 10 12
638 497 300 50 276 50 13
713 919 550 38 228 10 10
729 946 550 34 228 10 11
710 924 550 37 228 10 11
712 925 300 47 276 50 15
417 195 550 34 228 10 11
408 189 550 34 228 10 10
390 198 550 39 228 10 12
416 193 300 52 276 50 9
938 710 550 36 228 10 11
918 734 550 39 228 10 11
945 711 550 35 228 10 12
919 722 300 47 276 50 13
178 402 550 39 228 10 10
194 398 550 36 228 10 10
189 405 550 38 228 10 12
183 404 300 50 276 50 11
1024 1024 10000 886 2000 42 42
