16
16
22
20
20
22
631
469
1000
1000
2000
1027
14 314 270 649 300 51 57
751 638 172 398 143 26 39
505 375 113 329 149 18 33
447 958 196 421 217 18 18
717 565 119 279 135 16 5
269 588 195 415 226 47 57
816 971 192 502 266 51 24
179 241 232 537 202 57 41
170 270 257 571 217 40 53
222 246 251 526 224 27 22
385 541 158 367 186 14 23
56 989 236 653 267 60 128
587 106 180 381 162 13 64
847 420 176 343 172 24 42
395 798 237 503 217 24 23
789 429 111 309 105 21 41
72 295 194 486 255 43 21
120 258 193 449 197 34 84
255 178 184 419 179 45 48
209 930 263 645 247 20 86
154 427 186 484 194 16 86
928 196 168 413 205 7 58
445 309 170 430 156 10 22
809 748 152 436 209 39 56
402 114 184 483 164 20 16
307 461 196 405 194 6 71
994 824 233 487 199 47 56
215 210 238 482 196 19 92
531 540 100 290 124 18 24
766 137 157 434 208 40 51
880 200 194 400 204 33 29
827 324 180 423 171 26 12
55 364 282 649 254 52 62
370 185 160 385 162 39 79
636 305 126 341 135 16 15
77 353 227 539 225 66 115
497 767 175 384 192 14 12
918 501 189 460 138 15 31
62 841 278 655 288 69 139
858 728 162 353 151 10 52
212 170 219 464 189 52 19
183 983 218 590 307 69 115
322 284 186 437 205 36 58
716 750 186 457 152 8 60
458 625 135 287 123 28 54
181 790 247 575 230 20 53
263 912 278 685 262 64 32
756 336 111 287 160 11 18
716 605 118 309 126 26 5
906 633 165 428 190 38 22
788 425 134 299 152 18 34
455 638 149 348 182 15 20
839 944 245 572 237 22 93
438 864 192 490 185 32 23
938 302 212 471 151 8 23
885 204 218 450 191 37 82
494 437 113 241 120 17 12
135 152 274 594 251 54 99
975 848 250 526 253 5 65
905 83 247 592 182 17 68
539 616 132 344 127 26 18
847 853 202 474 194 40 38
621 38 243 588 179 32 76
956 741 229 504 219 42 80
32 562 231 542 243 6 117
352 681 198 471 171 44 36
650 954 177 436 230 49 68
319 817 225 470 189 48 51
493 112 221 495 172 46 85
275 705 169 370 173 13 51
676 841 182 487 156 28 64
148 572 255 613 238 39 107
901 70 259 579 252 40 29
776 24 211 512 219 52 32
615 307 126 292 151 15 20
980 440 196 398 156 38 38
484 801 181 467 165 21 23
807 517 122 277 119 25 28
21 259 225 520 293 64 40
464 6 205 529 178 17 19
836 847 229 556 200 51 22
486 361 133 342 157 17 46
532 129 223 450 186 11 71
945 504 202 415 190 39 52
863 974 226 597 252 9 73
236 147 239 548 244 22 109
362 768 160 452 222 27 66
129 50 254 539 241 40 30
756 823 157 387 213 17 31
213 974 278 690 289 64 100
659 327 105 283 140 10 13
476 257 193 383 177 29 45
821 889 209 472 186 43 13
626 268 150 367 136 8 13
590 333 111 301 120 20 29
930 582 158 415 164 37 53
152 298 181 417 182 10 43
386 354 168 338 174 30 50
597 616 100 287 116 22 31
254 493 199 439 218 37 39
165 840 290 696 250 19 77
945 962 203 531 234 18 61
279 126 201 477 180 5 55
562 519 86 266 87 15 6
829 948 258 524 224 13 48
454 415 135 345 123 14 23
52 291 237 557 213 13 28
952 181 207 468 188 34 58
731 808 185 417 162 36 31
349 332 154 345 157 15 39
238 108 226 510 207 32 112
333 875 259 630 253 51 56
236 926 272 571 214 54 125
443 871 226 504 171 46 72
957 38 206 519 241 64 109
122 738 224 572 277 46 24
58 606 217 595 229 42 16
447 368 170 362 131 8 50
464 971 254 519 255 31 94
41 194 227 582 221 54 59
89 945 235 628 299 57 39
10 543 279 632 204 54 39
973 438 148 367 165 35 23
23 376 267 586 294 17 102
278 201 191 406 189 52 63
405 962 207 522 230 23 64
270 529 214 473 190 33 22
217 61 276 662 257 36 83
642 802 165 394 161 30 34
541 171 150 358 171 17 26
384 159 161 400 196 33 33
990 35 264 629 259 63 41
504 488 105 303 102 9 19
743 15 233 471 202 16 101
368 38 216 510 196 32 34
153 803 267 564 216 58 39
714 61 171 448 189 18 91
21 351 260 537 257 38 64
611 709 141 296 142 30 30
28 841 236 528 259 46 88
689 198 144 353 183 20 17
70 513 236 507 240 52 49
739 642 164 353 162 15 23
531 623 133 270 119 14 13
474 637 181 378 162 14 28
116 383 216 521 227 18 32
118 54 295 690 292 48 43
304 206 175 449 240 51 20
801 380 159 324 146 20 25
319 138 189 485 174 21 66
121 470 260 595 228 6 98
250 945 260 600 289 6 82
286 754 177 428 233 7 90
590 140 197 430 178 19 49
591 491 60 216 62 9 16
234 971 275 633 203 11 83
276 977 281 583 236 5 104
749 900 211 434 249 35 97
964 558 196 443 214 38 38
294 833 256 588 209 35 37
618 749 138 366 159 18 22
190 203 204 468 265 18 76
360 905 269 561 250 16 27
744 180 165 412 168 23 35
502 784 183 401 172 12 66
973 40 225 575 199 38 52
793 841 235 547 174 21 33
991 438 200 470 190 46 30
865 16 268 612 194 39 104
795 806 191 400 170 13 32
670 349 94 283 130 12 4
173 842 223 523 289 32 52
399 709 184 428 184 33 35
931 856 229 560 246 52 104
248 831 253 517 226 47 72
968 311 202 518 197 43 26
414 575 156 317 167 34 41
112 277 278 596 215 54 66
21 818 214 545 278 25 33
574 949 256 591 229 49 25
36 92 239 636 295 69 78
907 799 167 416 207 34 67
171 761 247 565 239 60 59
744 851 161 371 178 46 15
168 400 233 539 209 14 27
809 738 183 458 177 22 71
310 849 223 489 219 53 25
901 882 215 513 253 13 49
456 693 189 447 196 17 32
647 198 190 389 141 12 55
685 919 236 500 195 38 16
324 890 212 558 199 11 36
509 260 128 328 177 22 47
722 859 233 503 161 35 89
648 480 46 156 43 5 5
438 75 245 536 222 53 91
592 70 172 475 205 31 72
264 50 251 573 255 56 77
271 964 209 495 260 53 92
44 543 237 583 272 29 71
136 150 239 612 228 27 54
505 378 140 315 105 6 24
290 19 284 649 237 35 18
305 302 198 497 203 10 32
300 0 210 493 193 52 94
939 85 183 448 202 48 28
18 831 291 665 238 24 105
723 340 116 275 115 18 33
947 324 150 381 150 37 27
411 12 207 462 245 35 79
568 16 236 478 215 24 83
589 776 187 411 193 10 8
798 435 110 277 129 8 35
768 28 207 504 194 9 48
833 903 229 474 236 20 50
913 533 189 404 150 21 35
602 704 149 314 175 33 41
210 977 216 521 278 34 139
212 135 275 652 204 48 28
285 420 203 433 156 27 22
534 990 220 501 234 47 90
35 767 223 610 247 55 28
611 23 228 477 195 24 34
180 386 175 449 203 52 40
576 799 204 438 214 22 19
335 390 208 436 156 16 60
114 730 269 583 274 41 64
261 293 174 409 171 34 91
864 735 188 473 167 25 56
566 849 185 403 227 41 87
559 891 202 530 214 51 22
363 474 165 395 187 27 37
673 376 81 221 113 5 18
352 792 202 524 238 31 59
858 412 135 323 125 18 15
513 921 186 399 215 6 50
790 140 225 485 221 25 12
341 767 176 396 176 12 45
33 672 230 570 223 65 122
596 431 74 225 66 10 13
252 359 214 514 189 8 82
610 854 184 436 231 16 12
146 616 251 588 260 27 107
217 592 238 584 223 8 61
414 258 165 346 187 14 25
895 658 174 458 182 28 38
22 579 251 652 284 20 17
27 625 211 551 206 11 23
199 235 216 476 239 40 36
765 137 219 479 172 39 63
669 847 213 427 159 33 82
864 181 167 436 207 28 43
868 941 235 554 252 34 26
209 664 208 499 249 36 58
333 365 142 409 160 40 47
105 697 194 427 260 47 30
209 216 215 560 180 41 90
600 586 109 300 128 13 9
957 31 251 518 218 33 93
338 442 144 411 159 8 64
402 980 255 646 254 31 112
743 144 196 435 209 28 47
47 802 224 551 295 29 139
481 835 204 490 160 9 89
937 356 155 388 153 40 71
925 682 167 389 191 16 11
383 765 194 434 171 12 69
410 487 119 352 142 22 11
6 348 300 635 278 39 79
869 630 198 437 160 15 36
249 52 280 644 283 44 103
308 214 188 478 188 45 55
305 668 232 471 200 41 72
589 505 76 183 74 5 18
149 460 220 529 187 11 75
866 339 139 390 185 22 24
869 638 141 310 154 31 27
599 124 153 399 186 33 14
141 360 246 568 189 27 77
416 468 159 312 120 27 34
819 505 145 362 161 12 13
537 661 157 325 146 23 40
270 408 200 415 210 30 41
4 128 303 642 253 21 72
113 347 248 520 267 62 80
937 400 195 419 187 26 58
108 787 229 605 253 69 104
850 526 130 335 138 32 24
618 113 206 462 187 35 76
294 700 226 556 201 7 52
942 371 146 323 162 17 72
497 613 144 327 150 8 15
862 4 206 524 257 34 89
973 299 196 495 165 30 37
262 436 226 547 178 44 81
200 102 203 549 197 15 118
402 381 163 395 158 33 43
330 238 212 528 224 40 13
163 733 201 515 215 36 16
419 912 264 580 179 35 46
92 941 232 574 254 22 130
522 410 101 286 105 11 10
257 4 199 569 255 36 107
442 198 200 421 203 37 24
870 674 199 407 178 30 28
428 258 197 418 200 36 54
930 948 260 645 223 15 37
321 439 204 407 141 24 56
509 192 208 469 174 23 57
550 114 208 489 181 46 14
484 18 248 508 196 49 103
915 129 246 595 225 46 83
183 135 240 602 267 21 86
223 190 215 544 209 26 15
414 423 119 337 177 22 17
122 559 206 496 184 49 85
716 409 111 223 122 9 21
25 922 316 727 299 49 89
751 854 180 378 168 13 42
987 817 253 585 212 25 81
762 741 175 401 142 33 50
301 171 170 458 194 19 92
203 211 199 449 183 19 66
679 747 146 356 148 32 26
989 300 177 431 232 38 79
165 737 259 609 199 58 36
516 508 122 277 127 15 33
100 606 264 600 263 11 21
178 897 244 604 297 48 91
586 447 78 218 83 12 16
661 432 58 211 70 10 7
944 662 200 491 214 40 25
771 925 211 451 230 19 29
627 231 158 408 168 19 32
814 539 114 324 138 21 45
73 745 269 604 251 41 128
227 117 250 630 189 19 109
347 107 238 592 183 51 13
980 85 192 430 236 41 27
299 129 193 433 174 29 72
473 355 127 335 164 26 40
696 176 170 417 192 18 17
533 604 134 271 131 16 27
255 767 199 493 253 20 27
418 152 161 367 212 33 50
631 922 243 502 229 50 78
743 281 137 368 167 14 39
522 54 177 450 217 20 37
963 944 260 623 238 44 28
393 515 178 347 174 30 21
263 632 166 370 232 22 78
501 602 123 351 153 19 27
949 652 171 435 170 14 59
12 86 304 718 322 5 93
409 93 244 531 220 34 51
651 563 88 213 79 13 12
879 204 212 452 176 13 67
210 436 173 423 186 11 18
23 732 244 585 307 20 120
318 888 273 659 255 59 59
955 470 204 429 159 26 42
723 193 180 420 165 10 36
52 493 195 467 227 48 88
876 981 245 624 251 57 121
481 332 140 366 142 17 17
217 192 265 651 212 36 80
538 2 251 500 243 17 41
9 606 301 650 277 47 118
526 608 142 277 110 15 42
675 914 217 450 192 25 58
259 433 202 432 180 30 32
532 722 153 409 143 5 58
399 615 145 374 173 37 64
696 654 162 337 149 6 11
151 665 248 531 210 11 18
244 214 245 519 198 36 23
185 868 240 612 196 23 62
980 612 194 434 191 13 22
330 132 205 518 209 24 15
248 658 243 590 165 31 19
686 25 181 507 175 6 14
10 278 279 595 252 34 58
215 802 245 580 242 16 82
999 378 177 452 222 44 51
818 162 165 383 226 32 16
492 906 212 554 195 48 39
254 837 230 561 250 34 18
37 711 273 698 237 59 124
565 361 109 313 115 7 5
696 557 94 209 97 16 29
453 424 152 308 124 23 16
257 558 223 512 189 32 33
670 730 161 344 187 13 59
820 980 270 644 195 25 24
224 743 195 425 244 18 100
444 146 199 482 180 26 69
511 148 209 493 210 16 29
930 622 201 444 178 35 45
97 1 235 537 253 55 73
115 436 257 517 222 5 108
915 427 149 412 159 15 25
570 197 193 372 169 6 53
276 984 216 588 209 20 75
463 925 251 530 189 50 60
625 50 224 545 233 37 72
746 311 137 330 159 19 21
957 587 199 415 179 41 39
387 443 167 377 163 22 55
975 613 164 463 215 38 69
857 221 171 395 174 8 67
45 869 286 639 308 48 87
203 488 197 426 188 42 22
856 591 155 373 133 35 18
277 405 177 401 178 5 45
523 200 192 406 190 26 46
778 186 195 478 211 28 24
824 481 144 341 135 7 34
829 741 173 364 184 19 48
622 891 215 521 230 32 50
674 587 131 307 126 8 20
49 230 240 619 279 37 79
575 964 204 480 206 6 55
984 182 197 467 242 53 84
597 596 111 286 105 22 5
549 362 135 318 117 11 22
680 477 59 181 71 12 10
750 527 136 294 107 14 28
438 83 208 453 168 31 62
769 841 164 362 164 29 40
336 518 186 424 156 36 51
688 219 162 417 143 18 52
770 760 206 453 154 23 36
51 962 268 603 265 38 54
950 958 264 555 244 5 84
719 179 196 416 205 7 38
756 942 195 434 205 33 79
636 101 204 447 181 9 52
919 765 220 555 201 38 90
642 156 158 410 185 32 45
717 9 192 434 249 49 65
584 912 208 488 209 42 15
610 363 87 247 84 10 3
733 31 169 470 181 46 76
43 432 259 643 236 59 41
585 106 176 398 198 44 10
244 939 275 644 276 42 29
547 114 184 431 206 18 78
609 760 152 330 144 22 31
878 322 145 418 147 8 46
182 763 203 464 215 19 40
672 719 177 345 158 8 48
838 633 166 406 145 5 19
721 748 189 454 174 31 49
506 279 163 393 172 12 44
850 704 191 478 203 31 21
759 863 208 454 186 11 19
963 874 270 567 220 37 79
860 176 199 472 201 29 74
506 790 221 442 180 24 54
613 702 147 380 180 15 31
937 660 179 475 186 11 13
288 720 225 488 215 8 28
206 120 250 634 209 15 25
725 873 228 455 206 40 43
977 223 187 419 219 20 93
620 1000 228 570 260 36 47
214 0 297 600 236 14 23
703 68 190 417 236 10 87
804 601 147 377 142 31 29
268 22 227 501 193 34 84
133 445 244 601 244 27 78
45 995 271 709 329 42 132
679 979 258 542 246 38 21
567 966 242 543 244 17 49
411 813 172 409 224 47 59
321 276 179 406 157 26 31
209 423 185 455 205 19 41
479 551 116 310 125 18 36
503 658 132 350 164 7 48
131 454 193 454 229 9 14
5 720 256 652 280 30 141
437 36 246 591 184 27 62
883 744 220 508 200 24 22
52 125 234 548 244 56 64
966 926 230 541 198 46 101
791 350 143 363 138 24 35
836 140 160 371 222 47 73
200 701 213 480 238 45 91
395 576 175 381 185 18 36
84 324 213 471 242 6 114
112 937 309 635 228 30 48
129 723 239 522 207 38 91
234 297 179 417 178 52 34
373 787 221 461 197 18 37
564 309 115 334 110 5 20
485 736 140 400 187 37 28
296 729 243 476 244 44 46
686 414 80 217 92 14 22
298 120 260 534 209 51 102
9 281 232 569 235 66 75
507 957 200 544 187 9 60
763 661 142 388 136 28 6
71 968 321 754 247 56 32
898 218 208 478 208 24 27
449 354 154 325 133 19 35
276 851 225 556 193 25 36
284 600 223 483 197 36 73
159 443 232 565 216 16 36
707 924 223 556 250 12 95
557 721 165 407 194 12 61
327 358 157 423 145 15 11
601 319 135 308 146 17 21
661 839 189 483 178 6 33
266 877 279 572 272 17 107
282 341 180 473 202 31 45
452 828 240 531 234 24 68
597 765 183 434 191 5 26
326 32 272 639 239 34 38
683 883 220 540 197 39 26
152 528 233 531 204 29 94
686 621 120 306 133 18 42
970 739 226 491 210 37 21
680 101 204 424 199 14 41
156 236 241 491 231 28 115
524 981 265 610 183 9 55
36 235 220 527 233 9 48
740 636 158 333 160 21 49
686 477 63 190 68 14 21
183 523 212 549 252 37 66
673 576 124 270 123 19 11
656 375 89 239 97 15 29
84 981 289 724 243 9 125
223 939 268 674 285 41 83
325 525 171 365 194 17 27
929 62 194 529 192 28 97
712 754 149 331 192 28 22
853 928 216 498 241 14 14
862 265 147 383 199 34 41
716 889 208 456 171 15 51
236 396 230 522 213 15 47
274 991 294 609 201 69 17
390 682 209 439 161 30 54
216 445 206 444 237 35 68
34 903 294 614 278 5 149
206 788 197 493 197 11 64
17 134 262 672 260 61 145
998 442 221 484 188 41 23
573 275 126 351 132 27 16
591 62 210 528 189 19 84
679 22 241 562 176 19 67
282 403 185 410 215 21 58
91 836 245 557 220 15 129
911 746 205 521 218 18 17
383 487 153 390 171 28 21
490 792 161 455 212 19 10
277 765 222 519 240 47 96
780 74 216 533 169 46 20
624 674 159 366 147 27 25
716 30 173 460 245 36 33
74 550 246 534 255 54 82
78 866 273 667 269 52 52
19 226 233 544 227 52 21
924 651 167 374 192 27 48
959 280 228 545 157 23 24
199 213 244 535 216 33 40
686 527 104 211 85 10 8
997 358 233 565 173 37 57
517 98 196 436 235 10 21
830 449 164 362 122 25 37
408 822 170 421 238 20 22
221 624 181 480 242 37 37
696 792 165 425 197 33 60
889 2 250 611 215 33 86
105 475 185 407 200 49 24
809 235 159 347 200 7 15
49 409 245 596 236 32 87
757 6 183 470 240 36 54
862 838 232 517 225 47 22
509 247 190 364 181 12 11
26 774 244 645 254 53 132
621 100 170 367 171 41 57
600 120 213 430 218 35 13
225 995 254 539 254 32 80
825 727 165 416 209 26 11
52 307 286 658 240 66 107
818 928 229 563 213 11 85
819 809 207 434 232 12 69
127 684 253 568 250 59 72
457 282 153 382 169 14 59
892 523 173 438 162 30 22
548 657 167 330 123 7 47
964 506 191 480 212 33 25
600 865 223 453 220 46 21
423 153 230 523 189 11 35
361 484 172 341 148 28 14
512 307 149 314 166 24 49
815 424 120 283 142 6 17
223 768 251 524 190 36 64
976 716 200 483 214 44 71
274 431 165 452 213 42 32
700 645 113 254 119 13 41
960 172 177 409 179 42 79
699 626 146 351 123 14 31
962 420 156 338 153 20 51
168 416 243 570 242 48 28
97 750 221 566 255 28 95
434 69 210 522 190 47 30
764 160 156 429 150 8 60
158 352 252 505 240 39 75
882 401 178 376 149 8 13
323 284 152 398 160 27 17
283 725 207 456 232 31 57
895 180 195 401 214 49 36
721 337 123 269 148 12 22
974 329 221 464 189 43 60
82 232 207 499 222 32 41
671 667 166 313 155 30 16
671 612 126 316 125 13 19
711 659 122 326 165 27 25
719 285 140 352 156 18 45
30 496 242 571 287 23 42
181 917 213 482 290 8 70
722 181 154 407 167 18 48
555 423 109 262 106 14 25
93 351 250 515 217 23 38
530 609 122 328 128 25 25
445 818 179 413 187 44 17
990 146 199 422 244 6 51
64 768 234 635 290 31 76
684 196 156 348 159 12 20
249 123 258 590 272 57 110
278 521 171 402 220 42 65
956 239 179 419 231 44 67
635 50 205 475 163 27 34
50 619 290 635 281 44 89
466 857 242 472 170 42 59
857 43 211 519 243 53 25
420 411 170 326 175 25 30
363 533 169 365 197 18 47
342 300 191 413 217 11 50
985 604 196 464 182 46 44
1 183 248 606 250 77 147
694 464 81 210 91 7 12
218 79 246 596 235 30 61
538 543 93 234 113 9 12
564 121 224 437 178 26 31
136 422 227 587 267 22 42
446 972 206 564 241 17 19
959 717 179 445 241 14 19
447 69 186 416 231 22 19
442 188 153 442 197 40 31
966 267 167 374 190 5 17
985 146 223 493 176 5 79
295 274 233 449 169 17 74
978 154 224 456 236 23 21
293 945 268 658 252 57 110
771 197 194 480 195 23 65
848 21 263 621 225 21 100
405 333 144 340 151 21 11
734 481 90 204 84 8 23
238 577 188 402 229 11 67
819 850 223 519 235 41 35
461 205 155 413 196 19 28
481 645 151 361 172 23 13
617 322 116 308 101 11 10
284 81 249 521 214 57 70
181 268 200 430 223 52 39
867 721 192 452 168 15 60
685 427 76 228 78 7 17
624 509 68 206 65 12 7
410 824 183 497 229 34 47
186 181 272 552 200 58 81
890 997 205 491 200 25 47
562 325 148 330 130 24 19
439 717 187 440 210 5 27
952 998 230 578 245 28 22
654 769 184 366 204 11 42
757 893 251 494 244 25 19
491 354 153 354 150 15 33
33 536 283 589 228 37 57
605 479 46 161 60 11 5
710 779 147 381 192 9 36
401 565 163 418 143 22 35
395 707 153 374 207 25 29
394 321 178 352 142 11 13
325 618 169 408 187 31 64
646 247 131 339 167 16 14
60 599 199 471 246 42 34
288 308 161 399 183 27 65
270 548 230 553 164 40 24
807 283 181 435 182 33 14
825 268 172 431 197 33 56
406 326 175 409 172 36 52
912 991 227 532 256 10 128
65 204 295 703 205 33 58
450 923 253 532 184 32 70
737 753 148 410 183 33 27
491 458 109 274 105 18 30
333 688 194 416 190 31 39
386 817 169 444 206 32 19
317 343 191 430 192 15 9
161 503 177 489 181 11 96
629 260 133 284 150 19 8
527 431 125 239 102 10 31
461 733 152 422 170 37 66
933 317 173 380 184 6 64
623 557 80 236 107 8 13
54 409 265 653 262 13 88
376 656 183 366 178 30 44
443 599 146 393 152 13 41
503 760 166 372 168 30 61
917 726 212 455 195 13 73
577 292 149 349 118 25 40
830 151 197 409 223 40 19
645 40 205 418 185 36 61
114 578 227 473 274 16 30
171 896 265 582 279 64 31
444 730 184 394 182 11 52
301 759 250 497 247 26 15
683 170 201 438 203 23 8
855 115 230 452 187 41 17
927 106 215 474 203 55 26
863 406 142 322 156 27 18
283 614 214 429 225 43 31
280 920 198 437 198 61 67
378 792 229 534 215 35 54
990 312 233 504 191 28 30
89 110 240 622 264 16 32
413 529 171 385 145 32 16
555 121 177 372 214 22 14
949 481 172 406 166 27 9
437 1000 246 530 274 58 18
623 742 176 393 156 28 24
690 6 188 506 178 42 71
257 296 176 408 172 31 12
731 855 202 483 173 32 59
635 725 130 355 137 23 30
575 372 86 223 114 21 29
115 312 272 582 250 61 61
790 504 133 265 128 13 38
764 24 238 556 183 31 80
635 659 128 339 135 17 7
525 420 100 217 114 19 22
490 356 143 333 131 9 12
462 882 173 484 192 28 14
672 653 125 332 123 28 19
808 529 125 276 110 16 38
42 146 268 651 307 15 25
644 543 87 251 90 8 25
438 801 173 416 163 37 33
153 58 241 642 263 64 114
908 879 197 480 202 33 57
940 839 230 494 178 20 96
618 395 83 206 88 12 23
170 987 214 509 246 40 19
383 101 234 464 226 20 81
443 672 158 351 146 23 61
753 583 139 354 133 25 39
487 775 161 440 166 33 56
319 27 249 508 231 21 40
454 762 190 435 154 16 34
841 982 249 552 251 55 52
212 549 218 516 198 17 24
12 928 304 674 223 11 135
770 368 145 367 147 10 30
805 929 236 498 232 29 30
802 652 133 341 158 5 12
511 196 176 392 147 6 23
893 189 185 454 183 9 72
830 203 184 462 153 17 68
79 458 200 518 221 33 101
142 4 264 608 240 21 123
585 255 147 330 133 19 29
183 768 193 523 264 7 84
856 20 191 415 258 32 40
452 316 131 326 125 27 10
906 125 228 544 239 27 44
755 611 114 312 129 9 29
338 287 222 461 175 17 37
912 338 205 396 155 13 32
991 976 230 601 233 8 44
686 182 195 478 189 24 66
300 156 177 406 224 47 80
242 743 258 578 228 18 92
646 198 192 378 164 33 41
425 486 164 327 144 23 36
80 790 248 611 218 73 46
910 162 218 492 239 5 11
34 19 305 670 232 64 35
240 55 225 509 202 52 22
346 533 178 398 159 23 10
655 949 246 614 242 22 23
732 3 231 488 229 13 56
305 428 210 442 176 37 70
427 671 177 367 169 12 34
354 202 161 435 190 13 84
991 317 174 370 163 49 17
551 734 165 437 177 28 41
513 842 202 517 202 48 14
314 971 238 627 265 46 46
377 211 184 457 226 44 59
799 443 148 365 104 20 15
451 329 137 314 153 17 17
169 886 231 578 282 71 56
796 396 127 356 128 23 41
785 121 184 390 208 29 28
364 397 180 402 187 6 17
313 761 195 484 182 27 12
527 941 235 540 208 48 74
896 551 162 398 177 19 40
333 907 246 531 217 57 17
143 179 204 473 269 28 65
884 5 262 558 254 33 88
416 479 162 368 166 18 7
528 198 153 383 192 10 53
870 74 240 521 239 56 73
563 996 194 537 240 62 70
993 770 184 456 200 56 52
234 921 275 598 206 18 101
617 452 42 184 41 5 12
123 516 233 509 208 48 27
191 735 196 533 207 22 65
172 110 245 613 255 11 49
76 982 302 756 319 47 34
63 779 292 625 266 15 103
652 74 214 457 232 8 89
597 228 162 324 145 23 36
899 114 244 593 247 9 96
388 758 227 440 211 31 19
960 962 248 645 239 55 35
492 600 146 299 132 21 17
908 348 141 374 184 32 26
672 960 260 592 190 14 47
104 848 205 567 258 6 133
136 455 238 506 210 49 87
647 726 137 317 179 22 59
335 742 205 501 203 41 64
676 271 137 287 139 18 11
327 168 180 396 235 35 57
316 819 203 515 239 17 87
993 113 258 610 191 38 63
926 633 171 439 178 5 58
847 922 227 579 208 29 21
881 926 264 587 216 15 75
233 294 198 489 184 33 63
972 242 169 392 204 45 66
341 269 168 391 191 23 73
711 788 170 428 178 11 41
622 478 42 133 34 7 11
574 589 101 293 119 12 36
701 297 111 319 162 22 21
219 421 212 423 241 5 46
551 205 180 455 134 13 57
874 927 221 508 197 39 48
471 357 150 294 136 23 35
131 65 228 526 285 53 60
319 104 250 568 239 48 75
697 418 95 205 83 9 9
272 335 224 446 224 24 80
112 385 268 532 257 10 28
366 437 142 386 148 36 25
216 437 244 555 195 14 62
639 120 161 414 167 41 36
773 657 166 329 168 20 24
430 460 141 332 134 22 42
452 321 161 376 141 5 14
743 637 167 348 157 26 40
853 76 243 599 248 47 70
642 37 176 492 205 15 68
258 764 216 555 247 7 13
966 460 149 437 148 33 9
79 706 248 624 212 68 48
769 978 252 520 194 6 81
526 939 217 448 217 50 101
835 75 201 449 188 34 46
520 735 181 373 153 22 63
200 690 189 443 253 46 101
526 299 167 363 135 20 34
777 306 131 290 174 24 44
828 486 119 310 134 5 43
525 401 95 241 93 20 23
339 770 231 515 220 22 18
337 916 256 587 253 34 61
771 329 155 391 143 8 12
135 989 304 696 245 6 109
912 160 166 418 203 40 78
422 876 226 512 182 41 21
846 446 171 417 143 6 49
524 246 140 313 136 18 19
908 637 214 437 168 14 72
375 391 183 444 163 19 22
341 420 163 413 187 20 53
710 792 154 371 205 8 54
647 91 225 502 211 20 57
133 878 244 623 280 59 135
688 538 88 249 78 11 19
263 862 263 599 270 19 78
419 329 182 368 164 15 43
926 192 233 471 220 22 13
787 645 171 422 158 5 47
590 289 145 347 110 21 7
990 498 180 474 169 27 52
386 258 190 457 176 14 13
531 321 128 323 150 5 18
443 814 215 533 222 45 61
849 953 243 585 197 15 26
249 771 243 524 234 48 91
136 209 210 521 255 13 101
808 36 217 498 202 14 45
647 757 138 380 171 36 19
22 595 291 680 258 56 94
84 509 192 484 209 11 38
662 257 159 374 151 13 24
67 190 290 716 300 20 78
534 258 182 394 165 8 7
572 475 76 240 82 5 11
820 275 132 374 164 25 14
513 266 142 352 153 26 50
512 673 158 387 136 6 47
951 818 208 438 216 51 85
497 225 163 415 141 20 17
299 614 207 515 226 5 58
838 201 175 380 206 41 53
626 306 119 295 131 17 8
601 859 226 536 173 20 46
709 34 183 478 249 28 96
495 508 105 243 128 13 11
571 330 118 294 147 24 15
6 562 239 617 298 5 77
449 356 129 339 152 18 44
684 655 137 291 130 25 19
289 30 255 627 206 38 70
879 937 188 486 268 39 85
164 892 267 653 231 49 81
638 201 162 382 189 21 62
747 903 233 553 201 23 35
15 585 223 589 234 30 94
928 124 199 462 203 37 88
655 239 180 345 129 17 32
144 161 266 594 269 15 124
237 525 172 475 165 32 85
131 667 207 561 200 52 28
802 683 185 387 188 33 29
327 836 214 526 237 20 98
571 404 104 236 88 13 16
541 463 85 210 96 13 12
974 199 173 413 246 40 42
561 490 74 208 69 17 20
271 882 262 599 211 34 30
260 640 233 462 187 45 12
455 41 172 430 184 39 17
973 786 224 501 249 43 30
960 814 181 424 190 33 97
274 660 216 464 169 14 28
537 568 135 335 132 7 20
593 994 256 622 247 6 45
269 490 153 359 215 42 72
65 258 217 487 244 60 41
512 184 196 466 141 27 13
915 510 191 367 157 29 67
956 337 188 383 212 22 47
836 733 203 408 192 35 38
865 716 166 363 213 21 29
658 508 77 176 67 10 14
256 184 209 490 210 37 88
790 69 207 452 231 32 49
909 447 166 359 151 7 8
962 986 284 605 255 15 122
683 505 76 183 91 14 15
792 55 223 558 170 7 98
199 770 202 549 186 5 114
656 968 198 497 200 46 41
966 308 176 480 201 32 21
962 801 245 525 210 29 36
127 512 193 437 217 31 80
972 482 157 448 196 33 69
391 350 180 359 132 10 44
635 921 249 589 250 25 75
913 38 207 532 213 50 105
912 786 241 504 240 25 26
396 866 229 486 223 5 14
917 678 205 509 218 24 54
408 911 233 584 252 39 63
619 863 192 484 185 43 39
519 229 179 420 130 24 36
609 329 105 244 98 11 24
525 891 242 558 178 20 29
646 890 173 422 223 11 68
90 191 228 572 230 10 36
632 109 170 406 193 22 68
729 245 162 416 187 10 29
607 772 147 322 173 36 19
930 520 203 461 150 6 41
431 30 217 480 178 14 17
730 360 97 282 120 22 37
786 192 200 433 158 35 22
835 614 186 387 167 25 7
972 654 204 434 184 30 58
780 93 203 480 174 37 86
678 568 85 269 122 17 30
296 267 12000 1 1 333 1
63 442 12001 2 2 334 1
13 183 12002 3 3 335 1
891 97 12003 4 4 336 2
375 286 12004 5 5 337 2
940 972 12005 6 6 338 2
162 542 12006 7 7 339 3
25 663 12007 8 8 340 3
750 475 12008 9 9 341 3
953 457 12009 10 10 342 4
469 950 12010 11 11 343 4
750 341 12011 12 12 344 4
530 202 12012 13 13 345 5
949 723 12013 14 14 346 5
555 277 12014 15 15 347 5
359 637 12015 16 16 348 6
644 296 12016 17 17 349 6
272 979 12017 18 18 350 6
27 287 12018 19 19 351 7
381 890 12019 20 20 352 7
504 730 12020 21 21 353 7
160 403 12021 22 22 354 8
868 289 12022 23 23 355 8
933 522 12023 24 24 356 8
380 576 12024 25 25 357 9
669 684 12025 26 26 358 9
508 138 12026 27 27 359 9
