40
10
10
20
50
50
197
1109
500
2000
2000
1027
229 1603 247 591 216 36 22
346 122 288 784 362 74 129
13 294 315 688 312 53 23
110 879 135 328 186 25 37
53 1925 247 648 341 57 137
174 56 301 812 362 19 156
214 13 303 728 322 74 135
8 299 273 648 344 9 62
56 1834 254 556 272 61 124
178 1406 202 440 158 28 53
279 586 266 636 270 44 47
35 563 284 592 232 41 29
99 48 377 937 338 61 40
303 867 184 417 151 26 45
221 555 242 536 251 19 34
0 911 142 395 191 10 7
179 1800 222 595 263 41 94
297 991 110 261 104 7 20
138 1494 173 374 174 38 22
306 1416 173 406 167 15 50
53 569 266 648 203 15 45
286 1071 95 213 117 16 9
153 982 123 294 135 16 17
78 305 238 673 336 53 37
314 1451 163 407 169 13 55
138 1865 253 619 261 60 67
13 225 320 728 249 25 137
441 382 322 763 257 53 47
197 1965 307 735 290 71 84
44 935 130 306 155 27 16
83 1796 235 526 315 25 47
493 685 208 467 230 41 28
467 541 278 606 234 26 53
397 1940 257 669 320 15 59
159 1431 189 414 160 13 28
497 945 148 340 219 5 15
184 332 234 654 281 23 104
412 1292 167 347 153 12 33
441 1431 228 534 170 18 37
126 747 206 483 200 29 19
436 749 236 555 189 32 21
306 1698 271 564 264 26 85
78 1959 244 543 242 28 84
311 1463 195 490 221 31 11
377 621 252 547 237 5 88
228 1119 52 142 48 10 7
399 441 273 676 307 24 99
185 1723 288 681 239 11 87
152 160 251 574 333 36 35
483 1525 252 622 209 34 51
241 535 250 608 222 26 22
437 1711 301 735 237 39 66
6 294 264 593 300 50 69
212 542 239 608 205 28 40
143 865 130 351 159 29 10
212 784 211 513 163 14 34
245 825 149 393 170 25 18
33 1290 173 339 158 6 18
135 593 259 530 260 10 72
201 1225 111 276 127 10 22
279 791 179 443 159 14 54
382 1620 197 495 222 42 21
279 1481 165 382 207 32 23
405 150 368 939 358 61 119
5 1116 150 317 160 14 22
339 1390 165 392 168 10 47
320 704 212 444 180 38 39
293 863 187 391 152 30 46
155 1294 122 287 128 21 39
357 771 210 482 159 14 24
467 1880 248 634 278 22 85
201 453 237 534 223 34 111
485 879 173 454 181 31 51
3 784 156 357 168 34 28
212 515 264 651 279 28 39
458 1142 160 420 172 20 45
11 244 281 663 272 60 88
343 989 152 341 143 14 10
126 307 325 778 259 45 134
213 1706 235 573 222 20 16
316 973 112 319 125 9 35
375 1580 192 514 233 25 32
384 794 190 440 199 29 36
417 1705 300 637 225 48 21
390 1582 196 469 235 16 81
72 566 226 517 246 54 56
410 306 257 641 328 54 141
494 340 319 761 285 40 68
197 1789 240 578 208 20 40
283 632 207 499 180 21 16
206 905 143 349 164 20 29
69 38 270 678 393 75 167
59 1688 269 625 266 19 55
487 688 201 537 238 7 31
24 1731 211 552 238 47 106
288 288 306 787 275 46 107
207 127 321 822 292 83 75
392 197 300 681 337 39 72
260 476 233 627 221 56 96
477 1536 186 502 261 31 37
216 1468 179 388 194 24 41
238 246 270 628 270 40 25
20 1058 112 301 138 11 23
0 1309 171 345 200 27 12
97 586 267 572 186 48 52
117 1454 204 428 203 11 9
27 1366 190 418 205 18 39
53 597 202 520 243 45 88
141 1363 180 400 150 30 12
403 692 206 547 194 31 63
88 1375 144 412 150 20 51
95 909 177 390 156 12 8
3 1835 275 681 325 56 36
51 139 261 693 270 50 82
258 1173 111 265 110 12 7
259 1458 195 415 206 28 10
417 444 217 579 245 33 79
407 1507 242 578 236 17 76
315 1600 207 543 239 49 22
284 440 290 647 232 59 38
115 881 170 406 181 22 32
25 646 265 643 239 30 64
29 850 147 358 150 18 15
343 1250 130 311 144 12 21
12 1798 304 757 303 14 57
292 1094 111 269 97 16 12
30 1792 251 590 215 59 22
412 786 180 490 177 25 27
190 979 133 255 115 8 15
67 527 252 574 228 34 90
243 581 238 498 268 43 50
286 1787 262 680 245 37 90
143 1550 190 428 170 11 29
56 1600 187 535 269 35 53
96 1131 81 238 83 15 13
201 1976 267 623 239 66 47
67 1782 239 641 221 22 117
281 930 133 344 122 23 30
127 1666 273 633 278 23 72
181 919 138 306 147 12 31
130 470 241 610 236 43 44
321 342 223 600 272 72 44
89 1003 131 315 126 19 4
123 1155 107 218 104 15 12
93 956 110 340 136 7 24
282 818 208 402 193 11 7
438 1158 185 447 187 22 7
251 1166 78 233 72 13 2
192 2000 353 752 312 22 101
242 322 298 677 335 72 71
470 1385 195 449 222 16 22
146 1459 184 389 224 38 51
62 1237 156 319 134 11 33
476 212 256 573 249 82 155
478 892 218 522 152 25 18
278 727 223 550 225 39 45
223 1415 152 381 149 15 36
139 417 241 632 215 63 78
185 746 172 413 153 33 14
403 711 244 577 226 39 31
496 740 185 495 252 10 83
209 455 297 660 248 14 33
150 170 339 869 272 78 152
379 857 174 403 162 25 12
384 1749 268 659 214 45 60
58 1475 226 524 184 8 47
305 1771 298 633 296 58 95
86 1549 212 454 228 37 50
222 892 155 310 146 7 36
211 1529 208 508 235 36 48
335 1420 215 426 171 15 59
280 1909 251 698 301 37 60
98 444 246 662 219 28 50
449 235 270 753 296 50 43
397 135 303 677 356 66 153
190 1266 133 319 147 12 27
106 1122 88 236 106 12 21
343 293 258 622 319 21 133
448 1492 238 501 200 32 13
313 1033 117 309 132 12 6
453 47 366 962 267 68 37
429 710 243 502 210 28 53
407 438 239 577 308 40 70
448 769 171 479 187 40 24
98 809 201 407 165 22 59
65 1534 224 546 238 25 34
436 774 197 502 182 22 24
365 962 142 324 133 6 36
450 854 191 491 178 18 17
338 273 297 726 254 7 109
393 427 230 570 243 17 66
156 1797 307 674 302 33 90
483 1296 183 403 171 29 27
34 1543 230 541 236 15 43
403 1950 345 859 326 52 120
200 74 267 654 332 10 171
263 1877 275 584 251 32 51
250 178 253 728 359 32 48
245 1433 191 376 145 28 42
234 1516 171 475 193 18 49
255 213 350 810 315 51 70
72 549 201 541 225 17 57
283 382 279 651 259 12 90
156 992 109 245 107 14 19
403 1187 144 369 152 6 21
58 460 244 521 301 43 82
2 246 321 784 356 76 68
293 1731 253 525 263 47 70
271 935 119 352 134 24 6
107 1958 300 701 241 32 39
276 1925 242 638 286 65 85
473 876 171 444 218 22 43
375 745 224 520 217 21 53
288 1871 223 533 298 60 26
297 355 326 691 318 6 98
341 1509 228 508 224 32 62
404 1762 299 731 218 40 65
188 1626 231 483 227 8 60
253 1214 120 278 111 6 26
443 1473 210 503 224 16 60
76 1525 218 495 230 39 78
15 180 293 694 354 5 28
280 223 312 728 339 16 20
257 276 258 714 255 73 100
367 1810 280 643 246 10 121
197 491 219 547 227 28 21
388 1474 182 383 240 8 43
274 490 227 572 230 11 101
189 1608 263 559 191 49 31
296 370 298 760 236 40 94
479 385 279 700 310 49 90
247 1516 184 490 193 42 73
255 883 141 301 158 5 34
192 1621 245 589 191 18 25
125 794 193 483 191 15 28
313 1313 146 318 152 13 20
372 1489 235 536 181 28 51
306 1131 93 274 125 5 14
459 1817 322 690 313 61 72
284 818 168 348 202 28 21
482 1301 218 529 207 17 40
396 16 287 752 304 64 172
154 1299 159 357 133 11 35
491 855 158 361 166 31 38
355 531 227 578 262 42 68
456 1846 310 699 318 62 126
459 747 233 460 232 8 21
246 1479 193 395 175 22 56
264 1371 158 354 135 16 38
486 807 237 482 170 40 24
373 1420 198 461 216 6 39
449 827 170 465 212 35 38
140 1907 287 684 266 55 21
415 123 264 691 324 69 67
287 863 131 295 131 8 33
245 1710 213 575 245 22 59
197 915 161 323 157 14 39
270 199 334 856 360 37 29
344 129 252 701 335 69 127
303 453 270 601 251 60 62
469 1848 233 570 311 52 84
222 606 245 584 227 16 87
468 865 191 497 169 7 39
137 239 334 849 310 65 134
58 1785 307 745 270 63 84
299 1870 293 760 236 70 61
172 1031 86 226 98 9 11
245 266 247 679 304 26 35
224 435 239 586 287 41 63
239 1568 191 501 250 27 75
419 551 236 567 204 46 63
247 605 252 554 243 50 77
58 1292 146 304 175 26 20
37 1084 130 278 142 7 11
283 1339 185 411 186 17 11
399 1268 153 331 141 23 21
438 749 213 493 247 37 13
179 1241 119 308 104 18 25
256 149 350 849 261 68 56
59 1272 167 345 118 11 26
148 774 197 492 149 17 41
294 1029 124 276 116 5 8
325 1538 204 526 175 13 17
348 94 370 907 327 86 104
160 74 376 975 307 41 131
247 209 281 714 294 54 131
171 411 227 591 281 23 35
476 575 222 560 226 48 34
130 445 303 670 256 23 74
78 1238 145 334 155 20 25
48 1113 118 281 102 6 6
229 94 257 720 292 15 154
454 1232 186 447 141 21 9
25 1335 147 352 164 24 11
15 1018 122 359 138 9 42
296 744 165 365 214 11 61
80 1932 339 742 319 17 105
111 1574 248 498 249 29 11
294 1077 118 279 101 18 4
262 1710 244 538 240 43 80
484 1170 154 333 159 7 35
391 52 277 778 346 26 158
478 521 267 658 214 14 96
378 196 308 667 350 27 96
316 1280 144 354 158 25 18
14 189 249 714 294 59 23
210 1933 236 535 298 7 66
439 1360 164 367 149 15 25
19 540 209 546 251 18 84
101 504 293 590 255 49 52
50 1622 193 463 228 48 13
218 1902 252 605 308 37 64
189 242 298 791 245 55 86
58 1221 144 336 149 19 30
258 333 265 605 325 45 89
461 828 234 517 170 33 33
27 797 154 351 172 38 30
361 418 284 714 317 25 55
281 1752 219 496 232 40 107
78 1674 248 606 273 29 57
252 83 299 687 275 79 157
202 1995 277 666 258 28 74
364 116 374 881 262 8 103
6 240 287 622 354 73 114
282 162 254 661 315 45 80
177 1162 70 196 79 9 2
77 380 312 746 316 43 47
128 1435 205 452 163 23 58
199 1398 176 410 184 30 39
191 151 307 773 346 10 36
96 795 168 394 211 19 14
231 1954 235 547 249 46 51
450 1064 180 447 180 21 29
228 1466 155 339 219 9 26
165 533 235 547 206 37 40
386 189 342 887 334 13 131
458 1335 155 400 217 7 43
357 118 269 739 363 21 45
66 338 291 632 278 18 114
333 532 219 548 204 13 88
173 1717 264 589 285 32 29
393 15 355 800 395 41 124
175 1942 259 576 279 68 99
153 801 190 374 190 9 37
455 805 202 488 204 22 63
325 1301 129 293 130 6 21
261 894 136 297 149 10 9
212 1807 295 725 257 60 46
403 731 181 478 167 23 76
373 1109 119 335 130 7 26
437 911 184 436 191 14 13
463 1190 168 351 135 20 38
454 998 199 418 137 20 26
299 625 196 451 229 44 32
164 732 195 402 210 25 49
414 447 278 720 268 35 59
320 1725 205 492 296 40 42
405 868 194 485 189 10 55
109 16 336 881 315 30 24
105 1117 93 271 96 7 23
457 380 239 541 238 16 45
2 534 237 530 257 34 28
339 1919 296 664 254 44 45
487 199 254 690 370 69 161
169 557 205 543 261 10 35
0 664 177 446 202 26 76
344 1027 133 347 142 19 13
414 1095 165 336 135 8 38
85 1187 96 301 103 19 26
259 1212 123 251 119 16 23
38 1018 140 320 122 14 28
335 808 176 410 183 19 59
374 1598 217 543 205 5 12
416 1000 138 361 176 22 31
460 784 228 505 177 15 46
52 41 348 873 329 25 27
303 1716 209 509 257 18 30
433 1726 287 705 258 30 72
67 482 258 559 291 13 16
75 657 208 521 181 10 84
238 723 171 448 161 16 17
150 1562 176 444 198 17 79
229 403 291 609 299 42 62
285 437 210 566 239 22 108
219 395 274 684 250 26 119
376 398 323 705 225 57 61
55 1089 125 299 133 12 22
60 1224 109 326 133 14 13
387 1801 273 681 296 44 43
121 935 142 316 160 5 19
273 527 258 557 207 12 60
453 1925 275 701 348 72 115
267 876 175 375 137 13 43
156 197 253 591 242 83 118
423 1874 280 635 234 44 116
106 403 308 740 279 25 114
474 1932 246 608 240 25 140
197 33 317 706 302 12 79
208 1573 206 462 179 10 29
182 810 174 400 195 7 32
102 1738 230 534 235 25 77
462 1267 146 320 140 26 46
214 1868 300 740 276 29 61
46 1990 351 826 267 22 35
245 157 291 672 317 82 30
442 949 169 422 173 15 46
181 19 315 780 292 54 174
402 1222 158 379 172 22 47
345 1598 263 611 249 10 27
376 418 267 689 232 40 69
277 1900 332 733 274 46 93
51 727 161 360 212 17 25
435 585 202 493 214 14 87
425 1506 198 478 193 44 61
31 464 225 576 228 30 103
306 1751 251 614 285 42 31
335 932 179 357 164 23 12
393 597 265 607 271 41 92
47 1733 248 598 221 40 73
3 541 257 635 262 29 81
295 1730 254 662 258 12 38
404 130 291 650 287 16 113
401 1217 151 352 130 6 25
311 649 225 493 193 46 66
213 903 142 376 162 24 27
219 476 234 551 246 46 84
341 1774 264 615 214 18 97
250 89 332 814 329 33 136
342 697 226 512 209 24 79
15 819 210 425 151 21 64
56 106 301 813 363 52 161
491 899 188 427 181 12 61
463 1143 193 376 168 12 7
347 1842 291 633 244 45 59
62 303 324 719 322 21 114
318 113 315 826 281 38 26
39 363 280 618 270 26 72
60 105 272 612 319 13 99
178 1957 319 823 321 28 110
211 671 178 392 215 44 79
150 638 203 523 180 37 67
336 1619 213 531 242 37 30
154 189 270 743 307 33 97
199 702 227 511 236 27 66
366 1603 209 459 260 27 50
267 728 173 404 179 26 10
77 355 321 800 313 64 111
121 95 341 878 274 63 140
111 1156 86 269 109 16 7
350 754 231 500 206 23 39
311 1120 104 292 121 14 26
88 276 314 720 329 13 111
163 1138 61 218 63 5 14
242 1318 146 362 141 7 17
215 1641 254 568 199 6 46
278 656 175 504 211 21 69
457 1666 259 551 261 20 73
1 523 266 665 204 36 84
439 121 370 890 329 80 147
458 743 207 516 189 8 40
400 1727 248 564 225 33 108
470 960 207 409 165 25 50
256 440 289 725 256 60 68
307 1091 90 261 117 16 20
320 1783 308 663 296 26 117
78 925 168 345 143 14 38
267 1146 92 196 82 16 19
275 773 212 449 218 5 35
296 1853 319 797 253 59 106
8 1423 185 462 203 25 33
134 1524 169 389 178 39 26
15 701 232 482 187 34 28
488 1721 268 582 225 58 112
285 251 311 745 272 72 107
436 927 182 462 197 23 18
229 1907 275 626 239 62 28
153 197 252 619 311 59 111
320 498 241 623 289 20 105
483 934 150 405 192 30 25
183 1628 248 536 234 51 19
138 1680 214 543 270 36 29
178 464 261 650 240 22 97
158 1240 110 262 106 17 3
245 46 336 876 262 7 126
92 1865 224 648 251 56 50
495 590 263 586 278 14 36
108 173 262 593 348 25 70
450 1298 176 380 185 28 53
452 300 252 639 241 56 52
491 987 180 433 211 21 13
342 505 219 591 295 17 75
445 949 191 395 150 16 46
317 975 116 275 153 19 32
209 483 251 636 256 53 31
482 1643 206 489 295 54 81
456 1466 200 458 236 6 16
245 392 256 673 235 19 28
174 14 307 841 391 66 148
489 1435 189 397 185 30 62
169 1647 196 532 188 5 38
471 1449 199 513 187 30 71
232 415 219 519 285 39 26
376 473 290 699 256 25 81
12 1647 266 578 244 53 41
1 371 297 703 318 51 127
454 214 319 728 276 74 78
69 949 143 317 128 14 19
233 1406 198 441 153 11 28
122 1575 240 555 179 37 47
94 1728 217 488 222 25 78
284 1027 127 246 89 15 15
59 1998 332 756 262 64 97
101 1451 165 419 179 23 22
435 973 145 318 177 31 47
32 585 205 531 263 15 41
190 1152 76 170 72 13 4
468 1970 329 715 354 26 93
377 686 201 533 183 29 24
411 255 323 772 312 44 93
438 1973 355 855 291 70 51
347 1115 129 268 125 22 5
419 864 204 422 199 24 10
476 218 320 717 305 74 140
250 1394 202 423 138 18 11
34 1792 251 564 302 8 58
39 299 295 764 292 21 56
69 1050 131 265 119 11 11
403 88 353 784 274 13 62
324 23 274 673 307 85 159
170 1656 275 644 224 38 17
56 1788 313 687 306 10 97
100 956 113 283 155 7 14
80 1485 177 410 208 8 14
345 1118 123 275 118 11 33
406 1443 235 564 237 30 54
383 113 334 792 336 42 46
163 1082 77 179 59 13 6
481 1161 186 379 169 16 30
439 317 315 761 305 72 31
406 1978 321 835 266 72 18
337 265 244 578 289 22 50
389 359 251 669 230 71 112
64 1847 279 595 281 50 30
231 291 298 745 233 31 114
33 800 189 483 179 10 59
22 1975 322 801 339 62 33
1 1806 233 617 270 51 114
303 908 159 377 130 6 11
64 1699 258 541 271 24 75
496 1342 207 410 198 8 23
77 108 319 706 290 14 43
305 1550 247 496 238 8 28
350 992 151 298 116 9 26
100 1134 100 238 115 14 7
184 1080 58 150 52 7 14
384 329 306 721 251 18 31
359 934 155 340 152 21 40
15 1820 308 666 268 27 59
270 303 332 774 249 21 89
483 1854 234 546 318 64 70
309 58 283 704 322 42 36
398 1152 165 335 124 14 14
169 659 225 458 248 32 25
301 1551 210 522 206 37 81
346 1226 136 349 146 22 18
414 1397 167 387 216 7 58
496 543 241 579 255 44 18
210 1396 161 401 177 27 10
489 102 291 810 329 49 103
137 1823 256 557 250 39 108
54 1428 217 494 170 13 65
84 467 237 590 306 25 59
415 1765 298 670 258 62 86
376 1021 143 333 135 6 39
1 458 257 554 290 37 95
87 1910 329 814 248 26 45
419 219 246 589 263 52 156
145 155 352 898 274 20 71
287 265 236 584 335 15 48
437 79 364 958 285 92 99
404 93 308 770 347 77 96
341 660 251 571 234 36 63
234 1704 235 544 275 24 95
288 1284 161 354 161 8 37
212 1207 98 210 109 11 4
120 367 271 696 257 47 53
383 1927 336 720 310 34 108
307 465 282 596 290 12 59
363 780 221 440 164 19 64
411 86 279 649 313 28 60
494 391 253 626 328 20 120
167 1098 65 152 62 7 2
143 1302 164 317 145 16 31
296 803 151 404 186 28 58
252 159 327 832 289 27 97
325 702 231 532 205 11 76
389 1186 128 296 124 6 27
19 339 260 592 296 32 126
329 470 275 648 220 59 18
88 1875 306 673 327 51 132
75 225 299 776 243 62 60
81 1786 227 497 210 27 41
474 980 190 419 174 28 13
74 1293 130 329 175 12 29
172 1731 293 729 200 32 102
472 1065 152 411 154 31 22
30 783 215 519 193 31 36
431 634 271 634 189 43 56
406 619 271 545 236 46 20
200 790 205 421 180 6 51
227 1917 324 820 327 57 123
274 945 108 302 132 5 6
33 791 171 408 211 31 34
308 1405 186 472 177 17 35
378 1222 160 380 170 27 42
266 1295 114 267 126 14 14
323 1946 290 647 291 74 84
212 1066 61 168 62 10 6
198 1707 207 485 280 44 98
157 1259 128 329 105 20 25
489 1438 225 468 194 35 29
194 1172 91 237 89 5 9
204 1609 212 505 215 14 33
304 92 374 892 334 47 105
487 878 172 477 230 5 33
371 1954 245 662 262 37 80
231 22 308 744 368 33 25
351 46 271 703 337 57 158
192 406 250 550 276 56 75
498 922 189 465 168 6 26
408 1887 339 762 249 6 131
91 165 284 731 305 46 159
56 1681 261 639 258 36 34
472 1951 301 729 240 41 28
346 662 184 502 230 21 38
155 1242 140 286 99 15 21
448 1062 133 369 134 28 28
49 1440 171 436 220 29 53
465 438 321 729 238 17 111
163 1839 217 516 304 10 69
495 703 195 420 209 50 23
41 1503 169 397 233 21 58
75 840 150 384 180 23 12
351 411 217 620 306 41 99
232 788 196 445 160 21 17
199 1318 144 321 155 12 32
72 803 196 488 208 12 31
69 143 341 776 343 7 69
490 1379 190 415 194 23 66
73 1700 200 485 250 19 43
167 341 262 600 322 6 89
280 974 130 301 147 6 12
126 1827 243 666 244 13 119
335 565 190 544 240 21 24
119 964 148 365 132 10 30
139 668 230 513 172 12 23
277 858 148 357 131 26 6
247 1664 264 537 226 41 28
361 652 258 577 199 28 15
408 1631 215 536 207 43 30
420 598 270 669 240 45 34
266 867 172 417 180 24 17
109 1167 92 213 95 13 24
385 1801 272 685 217 51 39
196 588 269 557 197 33 28
399 1906 315 732 278 55 95
238 1985 262 611 302 15 72
94 1165 96 262 103 18 9
47 1608 228 594 223 6 87
420 1376 190 380 164 24 9
459 706 206 540 194 26 15
217 414 303 701 314 29 86
200 1226 122 302 113 13 18
404 1565 225 474 189 8 75
399 367 323 816 243 8 121
372 524 263 594 230 51 76
164 1683 197 542 245 22 66
47 607 215 473 208 45 18
290 1313 161 348 136 6 27
176 569 263 609 270 13 62
10 124 297 759 355 81 106
452 175 260 601 301 41 39
242 462 297 683 204 55 92
196 85 304 677 321 51 23
159 1117 61 176 50 13 6
399 1192 149 322 122 8 43
359 588 231 554 189 48 76
263 1720 273 618 281 54 103
204 1319 145 348 172 15 17
320 501 223 515 202 45 47
356 1264 149 309 141 14 35
331 652 201 496 211 11 82
253 1824 269 678 295 47 18
158 446 303 624 308 15 60
45 955 165 412 155 8 42
429 1230 137 344 187 20 20
3 942 173 407 169 26 24
406 160 343 813 253 73 118
252 373 232 635 295 50 123
66 1958 326 841 293 58 121
300 463 211 543 271 17 98
183 1128 39 146 40 6 4
57 1497 181 460 180 7 64
192 761 180 384 219 10 51
342 1028 146 324 137 9 29
292 518 229 571 219 5 55
415 338 275 655 241 41 55
250 1272 138 308 142 22 25
289 299 238 549 246 75 35
361 843 210 500 145 8 19
176 1264 129 325 137 5 6
212 1531 189 393 199 5 45
387 1650 214 575 242 32 76
179 967 100 307 141 16 20
335 679 180 481 225 15 51
50 1073 111 287 115 5 29
305 1434 165 454 214 25 52
375 213 358 764 290 75 89
204 441 222 533 238 35 69
118 123 261 750 298 87 64
380 452 277 668 240 9 65
464 1853 314 719 231 50 93
366 1915 256 601 251 7 52
469 443 271 712 300 53 84
216 93 345 848 379 40 92
0 369 289 751 294 16 40
101 1450 179 367 187 21 8
432 86 330 868 322 70 118
200 1802 258 577 278 17 89
33 471 276 645 234 7 66
383 1813 221 563 309 35 101
237 1885 234 557 300 33 31
123 1748 281 654 203 55 41
343 576 221 474 201 16 84
383 769 172 444 213 12 27
186 1326 174 394 132 16 7
491 848 200 482 193 39 67
372 1606 263 644 214 36 11
263 783 165 428 163 23 58
153 1692 217 539 254 9 60
437 165 274 711 360 42 123
276 873 178 439 169 16 28
394 1448 193 478 163 23 71
323 1758 289 665 209 28 20
419 712 210 545 205 37 61
228 1575 205 478 175 26 50
310 811 151 347 198 23 49
331 1302 167 356 155 23 7
324 1737 249 634 206 10 38
431 571 285 671 232 29 80
364 1418 151 386 150 18 34
57 745 175 400 200 31 31
456 967 173 407 164 12 23
264 1431 204 501 154 11 27
495 318 267 674 301 46 141
185 1680 229 504 267 11 29
122 1731 295 606 222 47 83
397 1975 310 676 250 9 48
35 1845 291 705 297 9 130
131 1527 209 471 198 38 27
347 320 256 682 243 68 138
115 176 305 662 318 69 76
442 691 214 535 262 42 56
175 1762 279 661 254 32 46
461 1920 339 829 265 45 140
293 652 230 565 236 25 80
75 834 167 364 148 10 49
424 836 199 399 164 19 17
160 1525 235 544 236 8 38
162 1349 180 415 176 13 42
430 1675 223 530 216 25 18
364 1727 262 642 212 58 19
76 1935 327 766 270 10 100
413 582 249 526 209 50 77
250 509 261 543 257 17 17
183 839 155 405 136 29 13
465 1789 226 575 266 28 83
475 1103 176 395 149 22 44
489 367 292 683 238 6 48
345 831 171 388 145 18 57
99 1102 105 236 118 16 15
426 113 373 855 369 81 60
316 1357 146 330 167 20 24
300 34 362 861 279 28 96
13 683 212 541 221 31 50
460 1483 209 453 217 14 55
94 49 364 853 297 79 159
486 1887 276 646 315 61 51
189 652 189 479 227 18 36
341 920 181 390 144 23 41
370 1643 253 572 214 45 26
12 1262 148 351 149 11 11
351 283 317 743 278 40 18
40 1756 267 678 274 12 74
169 600 197 508 250 17 34
208 1181 80 232 92 13 17
183 101 372 917 372 77 155
439 977 165 396 171 30 27
155 745 226 459 161 9 35
21 380 306 661 300 33 17
146 2000 253 653 317 18 75
116 141 313 755 346 51 156
453 1187 176 382 178 30 49
330 295 259 628 242 57 134
408 911 193 473 158 12 35
412 1089 175 343 169 14 11
78 387 262 560 267 67 122
141 1044 89 264 106 9 14
325 56 311 721 321 87 160
454 107 291 791 349 84 146
491 1884 294 748 338 55 49
433 1587 242 547 214 39 79
346 279 290 706 325 74 35
108 1820 279 706 242 21 86
478 1203 186 449 166 12 35
347 189 290 700 306 78 58
409 838 184 467 206 9 28
186 425 250 590 235 63 57
355 1148 119 275 125 9 10
436 1540 217 537 188 44 24
293 1560 256 591 202 27 45
52 719 191 477 167 35 31
440 1893 288 686 342 7 40
80 336 296 656 277 27 74
9 189 361 888 277 45 143
387 1634 264 582 247 14 70
399 478 262 614 264 22 57
145 1486 220 512 174 23 25
31 543 289 593 245 14 72
354 1030 141 332 116 24 8
371 45 389 911 318 7 132
441 322 293 718 308 28 127
47 1595 200 503 257 40 30
476 1466 215 553 237 27 17
429 1535 176 420 192 40 80
61 1842 229 596 273 57 44
52 1244 158 310 127 6 39
103 1079 112 269 86 9 23
419 888 159 443 195 15 21
482 1728 254 611 312 43 94
158 268 248 563 286 46 63
245 1619 270 556 231 36 87
353 1242 159 362 147 13 9
168 965 97 291 129 18 20
57 825 175 393 174 7 26
110 1438 153 405 166 9 40
314 1510 195 435 225 26 38
300 1353 188 442 176 11 38
2 580 263 544 233 42 56
290 1407 211 431 202 20 35
347 1635 271 582 269 46 46
212 794 146 344 191 9 31
235 495 279 626 262 37 22
57 968 135 338 166 23 16
8 326 334 793 236 73 27
316 1914 309 720 328 61 138
317 1700 232 534 217 32 51
300 1768 269 556 291 61 85
281 1898 307 766 279 42 108
235 840 181 399 185 21 46
217 539 209 529 281 35 68
247 1981 273 623 263 70 49
296 1296 140 301 146 12 36
304 541 203 464 228 43 17
254 283 337 849 327 30 51
246 1145 86 201 85 11 9
142 256 258 574 266 30 32
11 890 181 357 165 10 33
499 946 170 371 176 21 8
380 494 219 540 224 18 107
188 408 243 597 299 53 30
152 1510 212 426 172 15 56
360 1793 278 615 266 34 104
29 140 293 694 296 78 21
237 820 193 396 194 5 14
305 655 234 580 234 27 40
470 394 327 696 253 31 18
0 1204 176 426 138 21 21
374 1227 159 333 137 22 41
187 231 267 692 328 49 19
453 79 326 821 271 36 87
311 881 150 313 144 13 16
488 1993 277 755 277 55 86
192 1493 182 423 210 34 16
57 683 238 571 225 21 14
170 1317 150 347 133 14 34
460 1576 273 546 207 24 68
150 692 235 578 187 7 22
194 1478 221 439 158 37 45
368 979 134 283 174 9 13
167 1670 210 578 218 32 43
100 1473 209 526 186 38 59
410 1016 132 304 159 16 36
221 1771 246 588 243 53 97
21 1970 302 685 284 64 29
407 218 279 695 351 59 41
385 1075 151 319 137 13 26
70 1127 133 263 93 10 6
25 1417 218 420 159 27 11
465 1709 229 590 300 49 30
22 415 306 668 215 8 92
339 66 284 720 279 57 46
458 1808 286 741 279 61 113
398 257 343 747 261 72 75
199 1069 54 167 57 5 2
357 1189 139 286 133 20 24
437 1571 204 552 269 41 61
202 1228 110 309 116 15 17
216 1021 90 247 100 7 23
461 327 276 652 238 23 45
485 625 249 568 261 29 43
297 1326 178 432 130 14 31
219 950 121 325 123 8 16
464 1719 302 699 229 48 41
139 837 157 393 158 9 51
465 1799 256 576 318 56 62
313 937 159 312 127 14 17
29 1230 168 394 156 17 18
359 644 236 556 178 32 29
18 250 320 740 310 6 99
58 209 294 694 324 31 50
94 925 119 271 162 21 42
244 266 249 595 346 33 130
426 641 184 419 220 29 49
282 557 231 523 260 17 13
241 1697 280 586 205 28 20
211 1965 292 661 302 20 68
119 862 160 412 183 20 33
424 1528 222 511 183 40 65
494 1327 189 428 177 33 33
335 385 306 682 294 42 56
386 1177 147 298 151 8 23
178 513 204 516 209 11 29
416 1333 186 409 147 34 58
384 511 278 604 221 17 87
135 271 291 739 263 49 56
365 1285 146 307 181 25 39
376 942 175 380 157 26 36
72 1846 262 629 321 30 58
60 1830 233 596 310 42 112
35 1224 143 368 151 21 11
174 219 275 611 278 58 61
445 1570 208 487 213 46 39
415 1385 162 356 189 31 29
313 1098 123 242 111 5 23
124 1176 91 251 109 12 8
17 1757 286 675 311 26 87
324 1366 173 413 184 15 45
84 212 288 721 269 80 75
69 383 252 574 267 18 83
368 1712 215 567 218 56 54
97 212 345 837 271 10 103
7 1607 195 425 220 38 18
202 957 104 312 142 18 13
79 823 174 371 156 21 22
208 1672 278 612 206 25 53
304 703 165 433 234 29 15
194 49 359 919 346 76 57
302 1614 253 573 262 8 24
88 429 288 712 263 17 66
70 1071 106 281 99 19 14
186 726 221 433 218 15 10
105 1889 286 661 225 9 107
244 1329 177 388 125 8 27
314 1011 126 289 110 17 13
141 911 142 361 132 9 24
360 173 307 792 307 33 141
410 1723 241 637 222 15 47
157 752 214 438 200 10 13
259 83 266 687 342 49 103
264 1202 108 228 125 13 26
355 669 247 586 178 27 81
74 1311 144 303 149 19 30
176 1960 340 772 276 50 57
100 488 255 615 202 40 106
398 241 352 872 278 80 135
389 595 228 563 258 27 94
148 427 224 621 286 56 101
438 1350 153 417 166 11 14
92 742 173 462 170 37 28
294 1940 238 533 255 20 138
176 549 211 522 269 47 53
86 429 247 665 220 23 105
21 1292 183 351 140 20 20
136 1450 214 492 168 21 31
442 938 156 418 139 23 50
271 79 326 740 372 74 155
420 1612 205 552 206 14 60
484 703 180 507 214 15 20
137 541 228 593 191 5 20
218 1547 249 582 221 41 9
145 1267 150 338 111 18 6
315 524 224 498 250 40 86
467 1525 178 497 247 32 24
218 378 279 692 246 61 15
335 1168 115 243 145 20 28
496 1702 257 621 206 48 100
425 698 227 548 242 45 38
370 1163 133 276 126 5 18
313 1887 271 677 305 7 132
211 342 12000 1 1 416 1
216 52 12001 2 2 417 1
281 1823 12002 3 3 418 1
179 671 12003 4 4 419 2
229 1250 12004 5 5 420 2
172 1174 12005 6 6 421 2
202 1892 12006 7 7 422 3
98 1449 12007 8 8 423 3
4 590 12008 9 9 424 3
174 1334 12009 10 10 425 4
263 1420 12010 11 11 426 4
369 340 12011 12 12 427 4
185 1988 12012 13 13 428 5
166 97 12013 14 14 429 5
75 1344 12014 15 15 430 5
245 1674 12015 16 16 431 6
168 610 12016 17 17 432 6
391 863 12017 18 18 433 6
224 684 12018 19 19 434 7
113 1086 12019 20 20 435 7
166 635 12020 21 21 436 7
441 1509 12021 22 22 437 8
85 1018 12022 23 23 438 8
221 820 12023 24 24 439 8
316 38 12024 25 25 440 9
482 1411 12025 26 26 441 9
446 968 12026 27 27 442 9
