40
15
30
25
30
25
776
198
2000
500
2000
1027
328 60 195 412 186 26 45
1272 269 207 521 227 37 43
865 71 138 346 133 13 4
1519 267 275 583 264 12 69
221 256 216 514 236 33 67
90 294 257 620 213 15 72
617 293 142 374 113 16 17
1730 464 255 617 264 55 80
1733 268 347 780 279 18 94
1886 37 344 870 335 35 153
711 435 135 382 126 27 36
578 24 140 376 158 8 46
303 169 193 524 180 45 27
277 26 255 544 199 52 15
695 158 85 227 92 15 21
693 444 189 391 155 10 11
1631 329 333 837 279 35 88
169 153 280 672 218 25 43
574 500 225 448 163 9 10
1933 389 402 1025 289 42 127
665 298 104 249 122 18 31
1306 191 207 515 263 15 56
1359 267 245 605 217 21 48
74 256 280 622 242 6 95
440 172 190 436 179 22 37
1192 287 202 425 172 11 36
1355 186 263 566 248 27 68
522 291 178 399 145 29 53
958 223 122 351 131 16 7
1077 352 151 365 183 8 16
1253 271 206 545 217 18 20
925 84 136 348 116 14 38
849 277 110 279 123 9 16
1600 82 236 583 260 33 97
216 59 234 615 247 20 36
1536 474 259 708 313 45 39
769 450 185 379 139 19 36
1574 188 331 731 331 18 78
1351 20 203 495 227 9 48
1119 102 166 431 170 5 49
185 248 254 626 210 55 47
159 140 232 540 234 47 47
1900 474 278 660 362 24 135
929 204 121 287 148 9 7
1638 481 260 735 317 30 129
1504 134 286 651 276 25 106
1756 497 374 905 273 47 32
118 353 212 527 278 33 107
1551 92 251 646 239 60 23
46 472 239 594 330 16 41
549 287 160 325 146 6 20
152 203 263 655 201 38 40
969 342 155 337 161 17 25
1629 226 262 605 252 35 109
57 245 254 544 301 6 36
1378 486 275 680 278 54 51
1955 324 368 847 361 51 24
1852 64 339 802 275 33 165
459 327 187 462 214 25 14
1256 307 235 525 264 13 53
1474 197 246 617 260 8 45
374 46 165 426 245 37 68
309 210 188 517 205 19 72
323 224 176 473 213 19 36
43 342 232 609 276 53 96
993 39 166 346 145 13 39
77 394 265 702 253 57 120
1115 220 210 494 214 10 9
1953 21 356 920 293 5 51
859 296 96 222 91 16 13
974 435 205 410 175 31 34
147 182 217 574 272 46 104
157 491 290 728 265 28 63
635 314 155 322 161 24 9
1983 27 309 759 407 6 41
431 188 185 382 202 22 26
585 239 151 387 133 11 13
249 280 212 574 261 6 64
727 403 170 388 151 19 28
160 436 224 542 241 51 75
1962 305 315 823 355 47 117
1685 385 252 630 259 32 23
628 257 147 304 124 6 32
1284 148 254 560 213 36 82
1464 281 262 622 258 37 75
557 189 124 287 170 6 5
674 55 112 281 141 13 12
47 390 264 674 232 30 106
1849 305 328 789 328 47 146
224 348 209 553 192 31 69
1793 378 354 795 299 65 129
950 494 190 412 182 36 10
1595 392 268 735 281 19 120
1138 25 183 405 204 15 57
1151 128 222 522 167 37 53
683 189 86 248 101 5 17
266 189 240 604 259 16 70
1466 365 267 585 317 52 56
38 190 309 716 296 31 121
970 275 140 331 139 12 22
381 436 206 533 243 28 49
744 424 140 374 143 5 29
1676 295 296 788 249 75 27
591 147 155 374 111 7 27
1552 30 332 801 270 24 24
658 172 101 233 111 19 29
1157 177 232 468 207 20 29
894 8 122 293 171 8 39
1754 3 377 918 321 37 32
1457 33 307 721 250 12 110
1369 199 199 533 223 52 94
1592 284 240 677 307 18 119
1290 419 255 608 222 34 39
1751 245 344 800 301 40 137
358 139 233 563 230 15 26
453 158 152 343 191 6 53
1899 70 332 875 289 39 180
897 7 139 378 153 14 34
1682 135 342 870 319 41 33
1065 453 184 414 231 21 55
1865 65 283 758 378 64 175
36 146 228 649 273 37 37
1957 295 324 834 332 47 199
991 305 185 418 136 18 28
745 59 136 344 139 10 26
1749 455 258 626 361 49 153
146 383 250 587 264 33 74
443 239 156 446 205 10 29
1381 159 280 583 242 49 106
1081 188 198 464 168 25 13
1489 383 277 620 238 26 19
1767 488 287 773 372 37 150
415 102 192 487 159 9 38
571 408 161 429 175 28 7
16 197 266 613 290 8 74
1424 0 280 644 235 18 50
1025 249 130 339 184 18 42
148 163 270 631 211 57 86
70 399 236 532 323 17 125
1777 22 326 830 361 33 71
452 300 202 462 161 22 29
687 200 104 233 76 13 10
1110 169 177 450 157 27 50
1266 269 194 528 209 12 80
1440 153 238 549 303 20 63
399 72 201 524 203 8 72
1068 277 145 417 141 24 52
1744 219 294 788 295 46 74
1622 499 308 772 298 11 85
591 401 164 416 133 22 6
750 300 116 307 89 15 19
1828 165 264 614 333 70 66
1328 398 224 500 285 30 19
1167 254 212 456 221 28 39
135 259 291 688 203 15 78
557 48 134 297 138 15 51
300 308 208 501 196 8 61
1764 52 332 734 339 5 41
1645 128 327 774 348 7 86
105 461 219 568 242 34 96
1431 426 306 651 229 64 108
1706 423 303 714 292 36 115
1407 85 279 662 222 28 77
1102 134 184 404 189 30 39
1995 99 330 757 334 101 136
753 100 113 282 99 15 9
171 187 205 482 238 7 96
436 154 202 480 152 24 22
910 180 118 275 101 17 27
884 265 134 292 95 6 12
1109 70 169 466 190 33 22
907 28 148 310 159 10 10
495 310 184 371 180 26 9
365 476 222 567 184 39 43
1830 389 288 793 269 78 80
331 130 170 387 204 30 36
1603 163 280 730 326 26 112
444 163 172 464 214 5 49
1486 470 269 695 323 10 85
1901 44 286 791 367 5 41
1988 6 314 814 415 92 178
1868 158 395 988 280 75 101
1061 27 166 445 177 32 57
1802 37 271 692 297 42 150
1199 49 211 517 226 23 30
1903 478 393 1021 408 5 57
765 130 89 187 95 13 14
1447 331 278 657 309 62 75
1021 86 187 410 144 16 29
1589 346 290 735 341 75 94
924 191 119 289 110 7 20
217 205 220 543 209 32 60
287 296 197 499 214 24 66
41 201 245 632 324 54 97
520 350 194 479 148 6 16
1108 387 232 541 186 35 27
935 22 180 341 183 20 25
165 357 240 507 201 25 101
947 321 162 392 151 14 14
500 302 185 413 176 6 34
438 104 197 430 169 26 38
165 397 238 561 291 59 61
817 218 75 170 54 9 3
409 178 170 474 196 30 61
1090 282 163 399 150 10 56
579 430 149 428 193 20 36
1579 304 288 638 292 39 131
1702 181 288 682 275 70 54
431 310 215 420 193 32 14
281 448 200 472 225 29 15
178 258 234 507 273 35 54
445 102 149 413 170 10 61
254 304 195 423 255 24 37
1610 63 342 791 274 27 143
1619 229 306 754 325 16 31
1931 470 359 804 315 91 70
1673 27 278 707 259 5 137
849 450 156 400 161 14 46
936 60 136 306 140 12 34
1809 130 339 761 368 74 64
603 103 148 313 129 25 41
1408 473 294 652 238 52 73
1107 392 213 441 190 23 23
1696 470 316 733 252 43 124
236 331 266 603 266 11 78
150 308 244 519 276 14 97
865 240 94 255 86 12 5
1674 481 250 711 313 35 149
826 304 113 278 94 17 3
583 477 198 418 156 29 26
1141 417 224 470 167 8 37
1488 60 303 658 292 28 63
1411 169 297 713 216 17 72
365 70 248 514 193 24 34
355 310 210 530 176 22 17
1535 275 299 645 245 65 81
255 165 198 509 187 22 54
497 154 170 388 144 20 33
1987 424 373 938 375 26 180
1760 130 275 769 288 5 114
1981 358 347 938 385 64 126
168 441 300 704 251 29 100
477 45 204 418 200 12 39
1239 304 213 486 244 27 67
421 332 205 458 217 24 59
122 83 233 589 293 33 84
50 185 323 731 220 44 76
1601 89 309 753 312 75 77
1069 286 170 361 206 9 35
1936 318 391 880 352 88 32
835 78 135 335 130 7 18
1623 198 318 822 278 6 30
1666 110 274 647 325 49 152
204 433 232 624 214 21 54
1772 181 356 896 356 55 105
1822 206 270 734 307 25 149
17 184 267 705 246 50 49
1304 98 206 538 205 6 71
546 258 130 326 147 5 22
1559 253 315 713 251 59 39
116 369 246 590 259 25 113
602 344 172 413 125 16 22
68 313 258 564 224 14 60
1869 468 350 876 272 53 43
1033 208 174 384 162 5 42
810 270 84 207 96 14 13
1922 377 374 840 304 91 133
60 213 230 558 309 16 93
285 33 262 611 227 19 92
1269 327 233 492 253 29 66
487 303 153 360 190 25 19
1115 10 178 444 217 10 60
1025 294 142 354 190 19 11
562 289 146 369 167 6 6
528 239 163 367 133 19 24
404 192 222 488 177 11 53
1254 109 218 562 195 27 36
786 373 149 345 130 6 31
1701 151 328 828 270 35 126
223 488 273 689 289 17 109
1243 417 238 504 211 25 23
1192 14 188 418 175 38 78
553 209 173 372 131 10 12
1408 361 287 709 243 30 41
1162 372 177 401 217 7 31
1742 379 291 666 321 59 147
1396 293 300 703 206 15 50
11 463 313 673 244 49 80
934 406 155 406 179 7 31
1590 463 260 642 303 57 22
760 453 139 380 147 17 36
1826 436 352 866 296 60 154
1681 229 312 695 288 62 19
111 162 236 593 247 47 34
1216 452 236 585 204 19 28
943 128 123 292 146 17 29
1530 113 328 816 258 12 129
1959 168 358 971 373 36 178
866 321 103 297 112 9 28
977 365 183 408 159 16 10
1668 297 330 826 268 38 100
833 59 123 262 110 17 32
1115 186 173 398 201 20 37
1534 488 267 635 314 59 69
1206 157 242 546 167 22 60
78 128 277 634 274 64 26
56 184 297 747 275 22 77
74 292 284 664 301 43 93
1457 174 232 638 291 47 60
819 140 86 223 84 9 4
1002 190 138 328 139 28 22
1998 331 376 845 300 58 148
273 247 259 522 260 12 28
1672 453 292 642 326 81 137
1933 435 299 698 319 61 163
1678 213 341 846 332 62 44
489 314 146 418 209 28 11
1721 129 260 600 309 52 26
1205 71 232 472 208 33 46
504 309 204 408 147 33 7
1863 3 346 830 289 64 87
381 405 241 494 175 38 45
1553 285 268 703 254 26 104
796 263 92 231 98 13 3
1773 234 310 735 279 42 112
89 500 223 534 246 37 128
1338 467 224 522 249 14 69
1211 33 206 478 236 25 50
1107 98 201 412 149 29 54
547 200 178 389 155 12 30
1051 6 217 514 206 15 17
538 226 132 299 142 14 17
673 120 113 257 132 10 13
1907 420 305 717 335 16 81
1861 286 285 691 311 91 102
1101 223 182 409 176 16 39
997 52 133 348 187 31 9
479 16 206 432 214 36 13
199 45 199 502 215 8 99
1060 143 145 350 186 21 40
250 434 266 664 225 16 99
36 482 230 528 236 12 43
519 184 160 371 137 27 29
1082 244 152 394 191 16 59
1868 467 283 705 337 35 158
245 196 223 493 272 14 91
1223 401 233 581 224 22 81
852 279 91 288 111 13 13
1067 192 140 310 190 20 50
917 419 155 329 156 28 51
766 153 66 159 59 11 10
353 217 246 514 167 34 14
1281 144 242 545 248 40 26
1548 375 290 734 319 32 82
182 253 234 587 263 6 68
1477 55 224 493 276 55 29
987 285 165 343 158 21 40
1383 122 272 683 240 37 62
766 458 192 436 161 7 24
334 397 239 527 234 27 64
1315 78 231 564 232 28 81
166 16 286 653 287 27 21
1488 416 308 718 312 33 126
1676 497 343 739 262 49 132
290 378 197 438 254 8 18
1084 142 153 418 195 14 44
616 77 121 283 137 11 34
1866 163 276 683 352 18 137
401 297 206 511 176 14 13
1967 88 371 870 381 31 69
1111 207 177 415 190 35 8
1020 191 183 377 132 12 19
475 411 176 371 188 25 21
872 378 133 337 158 23 10
1182 124 184 421 214 20 67
172 456 304 682 222 52 27
1180 383 238 496 217 23 16
1038 67 149 342 155 11 51
1841 493 325 725 299 59 143
1714 21 301 787 266 75 93
1253 443 231 524 261 48 42
213 281 198 447 217 30 48
35 289 305 742 250 65 67
1376 271 273 654 213 53 57
1434 339 292 623 269 26 89
960 410 178 431 159 16 35
1070 469 195 466 211 38 31
802 358 111 323 102 10 4
817 233 71 225 73 7 8
70 89 262 568 267 41 15
819 311 99 283 89 9 19
881 251 111 240 118 6 28
996 190 127 314 165 7 34
1841 74 363 941 301 52 86
742 491 164 394 149 23 56
211 493 208 468 235 16 60
766 435 167 412 126 17 46
297 249 187 455 216 38 57
279 425 269 592 225 21 26
1507 223 252 612 219 13 115
1633 459 307 686 278 60 139
369 11 171 380 171 23 24
1535 218 246 589 294 62 66
1206 318 181 457 182 22 24
1032 409 157 361 184 15 43
1600 215 309 714 326 41 59
1164 20 189 498 195 27 69
1959 373 361 938 295 89 155
135 396 223 596 214 10 89
1280 230 217 464 217 41 60
1043 128 192 446 165 10 33
637 35 168 338 146 21 9
90 167 265 643 277 20 78
303 416 238 569 264 44 88
1608 381 291 727 300 27 131
234 211 196 462 264 26 22
1551 319 263 604 304 23 38
1226 481 268 625 214 34 37
1051 39 173 380 193 23 50
1212 66 188 418 180 26 56
222 296 194 478 280 17 99
566 93 141 321 139 27 15
1205 364 235 475 201 31 80
522 369 208 436 141 15 35
434 424 212 451 207 42 10
405 12 232 526 180 38 46
657 84 106 270 151 5 36
890 85 141 348 122 10 20
149 289 296 705 250 16 70
847 240 73 257 108 8 11
1896 431 272 797 327 54 166
1286 177 198 515 238 38 76
42 134 250 598 304 51 125
1509 25 292 625 297 36 89
300 254 200 497 257 25 20
483 307 196 470 178 9 47
1920 119 333 819 372 32 126
291 428 193 420 235 9 85
1795 52 314 737 305 56 42
257 168 266 549 272 26 56
1908 402 349 923 325 90 182
1699 451 367 875 325 37 57
1303 264 275 624 210 34 43
691 182 91 273 88 13 8
1697 101 298 721 277 53 92
1476 431 291 678 230 11 116
278 123 193 428 217 17 65
1656 474 314 830 252 36 147
574 326 144 320 141 20 36
199 118 194 560 214 46 15
1195 251 188 424 211 21 59
594 465 194 443 171 33 11
168 115 290 706 252 30 101
1810 162 338 842 353 86 161
162 57 265 633 205 53 32
1812 222 303 681 322 86 172
1135 487 204 433 248 18 50
356 97 247 571 208 20 13
1074 307 180 386 163 22 32
1914 89 374 963 312 66 111
1399 306 256 564 222 12 103
1799 26 282 666 316 59 39
1793 164 360 784 276 45 58
1489 42 287 637 226 5 15
1716 248 282 700 256 82 77
1842 4 359 807 370 82 171
1574 272 326 826 229 19 99
754 262 78 215 82 11 7
738 372 153 348 135 24 29
105 94 272 583 273 60 76
1142 235 167 469 227 36 49
821 80 126 320 129 10 9
1673 337 323 723 306 23 29
394 248 192 425 171 8 65
1801 255 339 766 286 20 127
345 152 170 420 173 43 59
581 212 134 347 122 23 33
718 491 192 479 141 30 50
1086 7 184 415 187 6 8
56 134 224 553 236 67 17
2000 368 282 760 372 44 178
183 185 265 598 239 38 75
1039 356 162 353 148 5 50
501 255 151 329 140 12 29
1392 6 283 634 285 20 31
1497 242 252 644 233 6 26
35 72 233 637 296 19 56
1359 134 251 628 261 10 74
11 408 327 763 258 12 119
574 169 141 303 170 8 5
1373 366 216 507 217 22 33
439 65 190 426 169 16 21
490 198 199 473 183 23 26
1729 196 315 724 353 32 69
1027 288 138 384 192 18 19
794 116 80 233 109 6 18
1028 397 174 453 206 25 17
1496 187 253 642 214 63 123
520 15 168 361 146 9 37
1279 98 203 489 249 16 71
1870 413 275 728 327 35 145
851 203 77 203 98 5 2
750 305 123 280 106 9 21
459 354 167 389 190 28 51
1325 454 222 477 253 52 73
171 10 284 685 276 13 55
37 194 270 626 258 50 52
1332 387 229 537 285 51 75
106 333 253 547 249 53 116
1658 208 252 687 305 16 65
811 37 144 286 105 12 10
1391 60 205 454 260 8 63
894 243 96 298 100 7 21
43 415 317 780 270 65 105
1632 88 336 739 283 42 36
597 129 138 309 144 11 5
1888 261 365 965 292 46 67
8 330 253 613 257 35 91
1723 127 268 734 253 58 118
1193 311 192 510 198 11 19
1369 55 250 538 206 29 20
1653 396 286 658 333 44 32
216 401 208 476 229 7 86
185 350 218 596 207 45 54
1712 80 309 671 259 9 154
336 397 210 441 207 18 47
1855 433 370 936 348 7 85
594 436 162 355 200 8 36
727 108 101 252 85 10 20
322 417 196 474 235 48 41
1489 19 246 611 241 29 96
114 193 212 600 251 8 22
197 488 226 585 285 43 37
1809 291 369 907 265 54 107
611 365 141 320 181 5 41
1005 338 147 324 151 20 8
896 211 99 225 95 9 14
24 380 328 796 289 26 132
439 374 173 370 177 40 36
1627 331 303 796 335 40 78
1150 339 194 497 189 13 67
1703 114 282 641 329 11 35
784 344 139 333 121 17 25
1959 256 396 968 287 33 44
368 377 216 442 193 30 60
1994 127 340 780 414 96 71
384 43 227 548 226 28 41
554 90 179 386 182 29 13
188 420 235 574 294 34 102
324 29 249 618 247 43 58
992 28 159 368 185 10 27
1225 338 220 476 182 42 46
1285 423 214 515 198 9 26
897 258 128 260 92 6 21
1307 154 264 548 257 49 13
197 136 211 579 274 54 46
1500 352 233 535 324 43 26
1418 103 287 722 303 23 15
782 116 106 262 76 10 12
1248 457 239 590 194 25 69
485 248 195 462 202 15 50
1214 371 178 399 181 28 58
530 294 185 386 145 13 41
1416 426 310 736 219 41 53
842 396 115 306 171 9 32
1426 352 290 668 245 7 77
1972 47 339 782 401 13 85
1007 255 179 388 184 9 18
253 327 186 457 231 27 13
1654 366 324 825 271 13 81
999 402 179 449 205 16 9
788 401 120 303 148 15 22
597 127 120 330 141 13 30
268 45 204 514 275 25 22
692 163 84 258 82 9 7
1478 495 308 789 225 68 96
1456 355 275 598 229 27 56
666 61 113 274 114 13 13
1904 263 321 739 283 34 93
80 85 227 562 291 42 122
773 216 35 168 40 6 12
1087 263 202 452 158 12 29
125 50 207 492 247 46 109
1662 82 337 745 239 49 77
1459 229 211 583 255 6 87
882 140 122 317 117 7 10
1679 384 265 667 262 75 93
745 213 52 168 59 9 6
821 136 94 239 78 5 10
1608 285 309 687 264 34 139
316 387 235 545 232 29 48
1126 337 190 495 203 5 19
824 23 114 288 126 22 20
747 466 153 405 165 15 6
466 116 206 426 150 25 35
253 151 212 514 261 19 64
690 207 80 247 100 16 4
843 255 90 235 93 17 23
491 57 197 477 198 18 58
217 423 246 544 199 54 88
949 139 161 327 134 17 4
1931 176 278 763 287 50 180
1923 196 275 678 388 38 104
1882 262 293 806 281 69 34
1061 230 147 340 180 6 12
1680 106 257 578 340 58 150
327 134 198 494 185 7 67
1981 364 324 764 293 65 27
1292 214 269 572 214 26 89
512 292 190 416 144 25 31
1936 10 360 834 373 54 198
647 324 155 322 120 21 7
784 190 29 148 39 5 5
1065 102 154 428 208 19 41
1169 57 228 520 189 6 65
1420 500 251 667 273 57 95
1036 39 185 451 152 14 27
215 428 199 532 274 37 41
1420 361 252 571 267 28 65
1473 286 253 639 299 34 60
161 499 300 638 275 36 97
167 260 248 575 278 9 93
863 296 134 274 102 9 26
593 90 160 323 157 22 23
1805 477 299 670 381 56 39
565 255 119 283 142 25 24
1461 265 210 598 218 5 19
1541 342 278 607 290 53 128
36 272 258 615 256 52 69
1982 277 411 970 352 72 120
1928 87 358 837 357 76 85
141 170 283 717 291 54 40
656 446 154 345 132 18 23
1034 327 154 384 160 19 52
1809 455 358 845 343 14 139
1610 92 327 761 275 20 39
994 41 157 330 139 15 12
15 467 276 643 231 29 53
78 81 228 532 227 35 51
1734 327 293 740 355 48 125
789 274 98 253 75 8 7
807 178 59 187 65 5 11
399 102 201 491 212 15 24
601 234 120 261 128 17 20
877 231 87 210 88 14 8
1101 497 177 417 231 16 55
1885 57 354 944 277 12 104
1866 109 282 755 265 62 97
1708 394 361 889 304 46 34
387 84 234 571 210 40 71
1009 493 185 483 155 5 66
337 213 235 540 216 21 53
635 84 143 353 129 23 6
740 360 125 273 121 15 33
1608 186 315 728 285 5 140
1306 223 274 586 239 42 77
205 298 256 577 287 9 36
753 370 147 303 122 9 19
1553 421 282 752 245 71 49
1435 377 239 625 226 64 97
276 86 229 482 268 43 76
1156 212 187 475 188 6 61
1172 34 193 494 196 5 49
1630 0 315 815 297 41 134
1593 443 298 734 313 55 19
205 393 259 538 209 40 14
664 330 139 320 114 7 24
714 350 115 252 119 10 34
843 339 100 251 119 11 25
1442 269 260 660 276 62 47
171 97 206 491 246 57 34
614 424 142 356 142 24 26
503 150 168 366 168 11 20
44 4 249 686 275 5 69
917 224 101 230 110 8 16
1258 193 201 487 254 39 21
1819 331 338 744 367 38 71
802 470 137 349 194 14 48
1205 360 208 461 232 8 78
1738 271 319 817 272 15 68
215 129 279 670 241 48 70
1811 117 382 896 298 38 135
1409 342 260 566 279 13 89
972 202 143 303 114 16 19
1433 24 276 643 236 45 110
209 208 192 535 199 37 66
1615 146 318 706 321 5 107
1543 184 222 627 299 17 86
1354 378 203 456 236 46 51
1921 233 393 1030 383 78 29
809 446 173 390 130 28 44
1119 484 253 506 176 21 32
1012 212 148 305 159 21 16
1986 114 328 802 362 52 25
1854 341 288 703 330 90 109
1807 150 361 813 314 59 47
657 130 102 289 108 5 14
521 326 194 393 201 27 9
17 370 250 561 266 10 58
409 242 219 490 196 9 21
1984 41 308 792 357 7 119
1864 273 385 959 349 36 118
1237 392 254 556 185 28 77
1168 227 214 487 189 24 25
860 404 168 321 128 5 7
644 495 163 404 173 31 50
110 169 249 593 228 13 104
357 419 231 586 218 15 37
1476 23 234 574 253 33 55
1765 440 319 809 309 17 92
1940 318 353 838 343 54 100
262 154 193 511 228 48 87
623 46 123 345 163 15 17
464 68 215 511 160 9 8
1094 166 174 434 158 33 25
1750 448 289 748 279 37 91
218 225 198 467 249 33 34
1912 486 377 979 287 83 49
895 102 105 276 133 14 33
366 318 167 433 190 11 12
1302 124 276 579 230 43 65
642 212 138 277 125 10 15
525 426 159 395 192 15 63
880 254 97 274 103 12 28
1657 462 289 773 350 37 78
1936 423 351 827 278 19 129
1592 133 311 661 276 52 20
663 426 172 361 189 20 19
1999 115 284 794 314 93 192
1092 405 156 376 206 18 32
864 48 147 305 147 12 11
300 281 206 461 228 16 61
1284 476 265 606 272 29 59
1656 247 273 700 333 10 115
1423 137 226 492 220 40 83
1188 253 219 508 230 32 67
1205 146 181 504 220 41 39
1303 252 275 633 205 20 79
1804 448 361 881 364 54 85
1954 321 355 811 337 68 67
870 184 116 272 109 7 8
153 216 240 565 221 9 98
663 327 133 267 148 10 25
42 496 276 661 292 38 59
1733 485 304 741 272 46 160
561 335 170 334 183 8 33
1125 59 231 481 171 39 27
1734 86 351 769 362 76 131
1298 20 259 570 280 12 46
264 306 216 457 233 31 87
405 314 201 471 181 24 55
654 363 156 358 122 22 28
1962 406 296 682 335 94 92
1988 113 354 898 334 52 54
9 452 257 706 282 71 122
190 162 219 522 269 27 17
1613 42 240 654 249 75 44
1561 343 292 722 295 60 116
752 239 78 218 66 7 9
530 120 133 363 181 24 48
1501 76 325 728 304 62 106
1335 111 245 516 247 37 28
500 289 180 461 180 29 27
955 113 154 370 162 10 37
268 358 249 570 243 31 19
1546 497 243 628 245 40 113
1302 143 262 640 192 23 12
764 85 98 259 104 12 16
691 285 101 272 115 12 19
1401 334 243 642 206 12 75
68 294 216 511 240 23 18
596 132 114 312 121 23 6
568 284 133 381 132 28 20
870 371 144 378 125 17 29
1857 196 272 673 368 37 126
515 140 184 444 196 16 42
646 340 164 321 114 12 25
117 62 305 638 289 57 54
337 158 175 491 184 30 73
1310 300 220 527 188 52 84
401 308 179 376 174 34 34
1570 120 227 515 249 43 128
1883 462 377 880 355 81 80
595 491 205 483 162 11 65
395 35 234 468 217 22 22
410 149 202 469 185 39 26
1328 496 258 622 208 6 45
661 111 118 318 109 9 14
152 321 244 631 230 46 38
1059 370 195 403 150 8 58
1426 329 248 596 208 42 107
334 4 223 530 252 33 27
145 320 292 669 246 14 70
531 165 169 419 187 28 16
789 451 167 416 137 28 13
1734 206 359 825 283 49 53
741 462 168 344 183 18 15
1489 143 236 610 247 42 43
1494 418 306 713 322 9 64
820 195 59 213 53 7 17
663 167 108 268 123 17 11
1357 371 290 590 247 10 66
412 424 168 483 232 17 43
1768 421 381 935 271 74 58
575 420 189 451 173 33 51
1928 210 349 907 397 8 68
500 35 149 404 209 8 19
1206 484 182 419 188 17 11
258 287 222 489 236 11 48
33 421 282 699 302 57 18
1974 94 414 1061 383 22 99
745 348 100 317 125 6 20
1821 280 359 865 270 84 110
1595 458 332 829 335 23 55
45 231 267 685 284 48 70
35 272 322 781 227 16 51
1841 180 311 751 338 10 158
92 19 289 713 219 10 46
17 227 263 680 231 16 89
1885 310 343 913 364 42 109
178 145 281 664 282 34 97
1880 190 337 764 378 42 143
1768 462 357 816 319 18 74
340 166 220 528 210 27 63
65 29 222 566 286 55 96
1423 458 292 686 217 58 108
1330 300 202 503 246 50 64
948 86 161 357 128 6 39
1978 326 379 960 416 22 104
1758 415 305 832 280 11 157
219 200 283 573 241 50 96
1093 209 143 395 187 9 57
776 114 99 247 93 14 22
514 485 171 427 193 24 56
1284 115 201 457 197 29 41
1365 156 247 579 229 27 39
1744 373 335 841 268 61 26
991 0 159 359 202 9 22
539 9 178 410 195 24 45
279 408 217 574 257 8 91
393 209 170 409 169 38 40
1549 282 318 746 323 24 131
935 378 135 358 132 9 46
1721 267 286 750 267 70 113
1403 114 237 505 225 54 61
342 46 228 529 231 12 51
1332 151 266 584 195 5 85
1712 359 277 765 304 77 127
747 459 183 372 164 5 44
865 226 81 238 79 8 21
1944 321 346 880 345 86 155
460 148 178 415 200 5 16
1787 265 274 749 263 14 106
1344 338 277 620 230 30 84
400 61 213 518 208 28 42
607 320 155 350 140 14 28
320 7 177 477 213 17 23
938 193 149 344 139 20 23
1730 275 301 811 287 75 142
992 74 127 331 157 13 20
1570 243 246 673 305 13 20
1804 185 309 837 346 37 147
1718 196 285 647 344 71 138
699 185 105 261 83 14 14
1477 346 317 724 306 51 90
1270 453 203 467 208 10 38
398 466 249 560 236 35 12
984 106 121 275 124 22 25
1393 72 276 578 215 59 20
279 37 224 516 202 17 77
1737 165 357 848 254 45 138
270 200 256 563 195 13 45
652 467 169 342 201 9 25
1984 431 366 932 404 89 160
1596 53 259 644 319 8 44
418 212 186 482 194 33 16
868 473 153 404 180 28 25
1666 334 244 645 296 12 27
761 475 179 356 140 15 35
783 14 113 289 133 5 21
1117 195 168 386 218 13 29
789 114 84 248 79 8 20
1288 54 209 515 252 46 15
1651 427 336 740 314 31 85
270 254 199 456 231 50 15
444 222 187 451 178 18 40
501 6 154 341 198 22 53
786 307 87 226 101 10 24
750 188 52 140 43 7 2
828 288 81 204 114 8 13
1045 422 164 435 184 27 21
1350 344 212 560 234 16 78
151 492 230 640 298 53 61
1807 27 280 731 351 13 131
1815 280 302 685 350 56 87
616 355 171 325 158 20 13
107 25 233 618 243 58 66
1586 268 269 637 260 11 81
1327 270 259 606 215 11 72
445 448 216 488 227 20 52
835 124 92 243 111 11 13
1650 448 262 623 329 20 64
85 329 214 492 276 31 17
879 58 122 327 142 23 9
1782 152 350 858 343 80 84
1891 173 300 695 397 50 95
228 471 262 632 244 44 67
1606 93 309 785 283 20 125
1331 272 190 512 275 16 19
666 356 139 360 135 25 16
1164 254 196 450 190 17 26
108 204 276 639 251 52 58
1171 452 175 409 215 19 18
958 267 164 313 141 24 8
1035 5 167 433 163 15 8
715 100 107 284 111 9 13
1155 53 205 415 170 16 69
1433 20 305 676 234 51 61
441 445 225 491 212 33 51
788 491 145 373 141 12 20
146 155 218 573 229 5 55
296 139 206 524 209 5 11
676 232 85 221 98 7 24
439 213 209 426 177 23 26
584 196 113 302 153 22 10
134 108 245 622 263 47 55
1725 305 305 785 358 77 117
1411 240 239 626 252 51 22
1128 497 205 538 222 21 79
1041 387 166 362 157 28 28
24 272 230 513 255 28 33
172 13 256 616 292 60 75
67 298 317 768 288 38 22
1486 435 310 732 326 9 78
1315 199 232 601 190 29 94
1471 36 277 598 259 50 46
188 184 256 557 210 22 89
1654 446 304 746 324 75 133
654 11 122 281 157 21 25
1874 495 377 997 399 34 37
303 406 223 500 251 12 55
1247 278 254 608 222 15 39
1127 107 185 471 163 32 47
1714 157 290 768 278 85 111
1128 129 225 537 224 9 24
1821 194 334 850 283 60 41
579 290 168 411 173 17 24
1636 422 321 696 298 35 105
1896 453 398 976 297 93 190
1283 425 194 523 217 5 69
270 255 182 406 184 38 62
1467 267 225 541 266 8 58
1782 97 355 832 379 32 171
199 458 226 585 276 8 86
1047 308 188 445 181 29 23
203 425 225 502 234 23 31
621 96 116 304 154 23 31
1718 61 287 766 365 49 94
1995 341 318 775 314 22 97
1945 215 298 770 291 65 136
1595 100 328 776 280 75 105
1543 9 276 696 234 26 107
1077 288 146 372 207 34 51
252 199 193 523 187 45 13
1226 17 253 505 215 23 86
1983 474 324 825 411 70 122
1040 45 191 423 207 9 49
385 457 248 585 235 11 26
1535 176 271 659 232 62 99
1370 201 267 586 230 53 45
589 134 112 311 149 23 13
887 284 100 279 114 16 12
1085 28 163 401 219 13 9
1825 140 278 639 285 55 46
1687 111 336 808 256 15 59
275 248 225 586 225 6 13
226 224 202 483 280 35 14
563 388 158 405 177 20 24
202 174 204 561 261 38 85
1008 215 157 346 167 25 11
1187 480 187 440 200 42 61
1352 287 247 511 218 49 103
872 241 96 239 93 12 18
135 424 282 636 209 57 78
487 400 197 432 209 20 64
1623 105 316 774 258 75 49
1631 269 245 611 334 61 105
1247 265 199 472 201 14 28
1040 438 205 458 151 30 23
11 174 289 615 330 7 128
640 280 122 327 133 12 20
1907 205 310 788 310 24 80
386 477 251 548 232 18 65
1567 2 271 731 312 75 95
354 440 202 542 253 24 84
1496 211 283 630 316 21 48
792 132 67 235 86 12 5
485 88 167 447 153 22 57
1422 53 215 593 222 49 106
857 211 105 263 79 12 3
1843 200 12000 1 1 416 1
1968 319 12001 2 2 417 1
68 77 12002 3 3 418 1
297 405 12003 4 4 419 2
1036 255 12004 5 5 420 2
21 420 12005 6 6 421 2
95 182 12006 7 7 422 3
1581 325 12007 8 8 423 3
1918 311 12008 9 9 424 3
300 398 12009 10 10 425 4
262 274 12010 11 11 426 4
938 192 12011 12 12 427 4
104 185 12012 13 13 428 5
1505 196 12013 14 14 429 5
1316 317 12014 15 15 430 5
1235 236 12015 16 16 431 6
1801 155 12016 17 17 432 6
1926 82 12017 18 18 433 6
599 404 12018 19 19 434 7
434 395 12019 20 20 435 7
417 222 12020 21 21 436 7
166 92 12021 22 22 437 8
453 98 12022 23 23 438 8
1223 297 12023 24 24 439 8
1962 52 12024 25 25 440 9
1566 79 12025 26 26 441 9
1849 435 12026 27 27 442 9
