3200
150
32
1
8
3
605
405
1000
1000
249
321
130 445 110 124 167 24 38
123 465 110 124 148 22 72
103 474 128 117 178 22 10
84 469 116 119 197 28 60
72 453 125 123 191 24 18
73 433 135 121 165 24 12
86 418 141 117 133 21 58
107 415 139 122 167 30 19
124 426 138 122 174 31 41
598 32 153 120 169 21 41
575 60 120 129 122 26 78
543 46 117 127 120 27 71
545 12 165 127 147 31 76
580 3 106 121 181 27 20
739 107 104 123 122 28 15
732 126 102 121 161 27 29
716 136 133 119 141 23 26
697 134 133 116 191 27 50
682 122 126 123 126 25 54
678 104 125 121 145 22 55
683 87 124 121 131 24 72
699 76 119 123 156 25 5
719 76 118 118 113 32 3
734 89 121 119 112 30 14
707 45 101 123 137 26 30
699 66 119 122 142 31 54
681 76 138 118 199 26 25
658 71 133 117 120 25 20
645 54 123 121 153 31 46
646 32 115 121 191 31 53
660 17 133 121 157 23 42
683 13 134 117 168 24 21
701 25 127 122 129 22 44
429 767 185 128 195 29 54
394 797 129 122 133 35 56
364 763 153 129 115 24 17
399 732 107 128 103 31 73
320 305 135 124 197 29 59
310 328 114 121 105 25 20
287 336 123 119 152 32 32
264 327 136 121 154 33 78
255 301 105 119 118 25 1
266 279 126 124 146 31 68
290 271 130 121 145 35 17
311 280 108 123 118 26 72
451 601 139 124 145 34 10
416 631 144 129 138 30 65
386 598 175 130 163 32 46
419 566 192 131 131 24 23
537 770 116 119 174 26 77
523 795 125 124 108 34 23
494 800 128 124 161 33 48
472 780 124 119 167 32 35
474 751 142 124 196 29 60
497 734 153 123 113 26 5
525 741 116 118 184 30 80
657 909 123 120 172 34 5
650 929 110 116 112 34 25
634 940 122 120 141 32 59
613 940 130 117 196 36 77
595 926 100 120 134 27 15
590 907 111 122 190 26 80
597 886 123 122 161 34 79
614 875 139 119 166 33 29
634 875 108 120 154 31 75
652 889 100 120 160 36 8
786 55 156 120 104 33 55
771 81 134 121 149 37 45
741 86 111 124 120 37 37
719 65 118 125 116 31 39
721 36 123 123 103 26 21
746 18 109 122 144 32 54
774 26 108 126 142 34 26
601 354 104 121 108 27 52
583 382 108 126 124 30 39
546 379 109 126 176 35 38
532 347 106 123 104 32 6
550 320 140 128 195 35 65
585 321 140 125 111 31 32
260 331 145 127 114 29 27
224 365 183 127 147 32 56
191 327 180 124 129 34 42
229 296 178 132 180 25 58
890 745 113 131 143 30 46
855 777 135 123 133 33 70
821 742 105 121 104 33 32
858 708 153 130 130 37 36
764 466 105 122 116 27 48
757 484 123 123 141 31 6
737 497 131 121 141 26 62
714 496 116 117 165 36 51
699 482 126 122 179 32 3
693 459 107 123 169 30 55
701 439 105 119 194 31 6
720 428 116 120 119 28 8
742 429 101 116 109 30 53
759 444 139 118 190 38 67
213 110 115 123 141 32 35
205 133 138 121 147 29 64
188 144 110 123 167 30 58
165 143 117 122 137 30 64
148 129 131 119 176 28 7
142 108 124 123 176 26 1
149 88 138 122 189 27 62
169 75 103 117 137 27 51
191 76 113 122 128 37 44
207 89 127 122 140 27 64
987 775 136 125 103 29 79
976 801 116 120 119 28 46
951 810 108 122 180 28 73
925 799 142 121 141 36 55
916 772 130 118 177 38 56
928 747 125 124 198 32 27
952 739 111 120 137 32 79
978 751 112 125 161 26 25
848 786 174 122 170 34 11
808 822 146 125 170 39 77
775 783 178 126 125 34 32
814 749 120 127 120 33 55
111 537 120 119 154 28 42
92 568 156 123 114 38 9
53 566 163 127 142 31 37
38 535 148 127 186 27 64
58 502 112 127 114 32 66
94 504 150 126 183 28 26
437 932 118 122 178 27 73
411 967 138 120 194 29 18
370 953 125 127 116 36 80
373 907 157 120 122 35 27
415 898 164 127 115 39 6
150 53 194 130 137 38 62
113 89 137 125 152 38 65
77 52 168 122 199 38 46
117 16 124 122 183 27 6
1000 544 111 124 189 30 55
1000 571 151 126 178 38 33
970 577 134 119 103 28 16
946 556 103 122 196 39 30
947 525 135 119 140 27 29
974 505 116 123 148 34 23
1000 513 141 120 160 29 33
518 380 173 128 170 28 60
492 414 130 120 115 40 75
448 398 150 120 157 32 73
452 353 107 128 115 31 18
494 342 100 122 162 39 62
422 254 145 126 168 32 15
401 285 158 119 157 37 15
365 283 140 120 157 39 76
347 248 160 123 121 29 75
368 216 111 123 160 29 77
405 218 139 126 177 30 9
553 898 120 117 148 29 54
546 919 122 118 130 40 41
525 932 101 122 185 40 1
502 931 136 123 180 28 59
483 916 112 121 166 35 62
478 894 116 117 138 40 24
486 872 113 116 189 36 58
505 859 126 118 136 28 23
529 860 104 116 134 34 80
547 874 127 123 189 30 76
850 237 145 126 169 30 1
834 267 126 123 117 39 40
801 272 138 120 189 33 3
778 251 114 121 166 31 59
779 218 145 120 192 39 37
808 198 104 122 167 40 72
839 208 139 122 131 31 35
827 746 137 120 124 35 39
814 775 103 122 127 28 31
788 783 121 118 137 33 58
760 770 133 117 198 30 66
752 742 120 122 160 32 33
765 717 112 124 142 32 34
792 708 126 123 107 30 73
818 721 135 119 139 28 38
320 509 162 121 121 36 11
300 543 113 121 108 35 69
260 541 145 125 116 30 28
243 507 127 126 168 30 78
263 474 143 127 139 38 58
302 475 142 126 136 38 21
337 437 166 126 131 40 70
309 473 149 124 107 38 25
267 458 152 120 156 30 33
267 412 161 121 145 32 24
311 399 102 126 142 38 62
369 969 146 128 187 29 1
348 1000 106 120 172 30 60
309 1000 125 123 153 36 45
292 966 133 126 148 37 37
311 935 111 122 132 38 54
353 937 163 120 145 39 14
321 214 144 118 149 34 66
311 239 133 118 101 35 79
288 250 114 122 132 37 20
260 244 118 121 171 38 46
245 221 109 118 197 34 61
246 198 100 124 165 39 17
264 177 127 123 127 30 44
292 174 131 121 166 32 56
314 189 135 123 123 32 14
647 674 138 120 143 41 15
639 697 115 121 179 40 66
620 710 110 120 179 30 22
595 709 126 116 163 31 46
576 693 133 121 182 35 67
570 672 130 118 135 37 25
579 647 109 117 148 35 46
597 635 127 119 190 33 70
621 636 138 117 123 37 25
640 650 103 116 141 40 47
199 228 130 122 119 35 7
186 255 118 120 110 39 80
157 264 149 121 170 29 74
131 251 127 122 112 34 40
122 222 124 120 116 32 10
135 196 121 118 128 31 41
162 187 138 123 150 34 64
189 199 143 117 137 32 27
794 528 111 122 116 40 3
766 564 130 128 156 33 36
721 548 145 123 191 39 39
722 502 134 128 173 31 52
770 489 170 129 156 41 57
859 913 127 124 111 35 3
830 951 143 121 165 33 8
787 936 178 124 124 34 64
789 886 108 129 135 37 50
835 875 119 123 136 30 50
96 63 193 121 124 41 72
54 101 173 126 136 34 41
17 60 186 126 111 32 80
57 22 160 125 171 42 63
78 898 108 126 132 42 35
60 928 144 125 173 36 22
27 933 108 122 185 33 60
2 911 142 124 199 30 39
4 875 138 120 147 38 30
31 855 120 122 113 30 30
64 864 130 121 124 41 59
832 598 138 120 192 38 66
817 627 108 124 181 38 65
782 634 127 125 141 31 16
756 612 142 124 102 31 45
758 576 133 119 172 35 46
785 556 143 124 134 37 17
818 565 145 125 115 42 22
180 509 146 126 116 38 59
163 540 153 124 136 31 25
130 546 109 118 154 32 35
104 523 150 125 120 37 37
105 489 118 125 175 42 39
133 468 122 125 164 36 44
166 477 139 118 137 33 31
617 861 109 119 188 37 77
596 896 121 126 130 42 64
556 894 146 121 164 42 4
538 859 123 121 163 41 4
558 826 128 121 163 42 33
599 827 137 124 139 40 4
665 726 134 122 195 35 35
649 758 136 126 190 33 76
613 763 129 124 191 34 36
589 743 155 122 186 36 48
590 707 155 118 144 37 44
619 686 106 123 154 35 32
651 695 143 120 192 39 24
370 299 133 121 162 35 37
358 327 134 121 177 30 16
328 338 127 118 140 36 74
300 325 128 120 153 32 37
291 297 106 124 192 38 70
303 270 107 119 138 32 77
334 259 102 124 161 42 70
359 271 107 117 194 40 69
704 215 132 116 132 43 3
695 241 139 121 120 40 21
675 254 121 123 192 35 10
648 252 134 123 176 35 37
630 238 122 121 128 39 30
623 213 108 120 194 34 15
631 190 110 118 194 41 22
652 175 119 116 196 41 63
677 176 110 117 127 31 23
698 193 128 119 190 43 53
708 307 131 126 164 33 6
693 339 142 124 125 43 30
655 346 117 125 119 42 56
630 324 101 125 111 37 8
632 286 111 123 124 43 17
659 266 136 119 108 36 27
695 276 117 120 160 37 77
775 948 103 124 120 34 40
733 986 163 125 189 42 33
694 945 190 124 157 37 26
735 905 138 121 185 42 56
168 172 131 122 167 32 48
127 209 135 124 157 39 28
87 165 181 132 114 33 2
128 128 113 121 116 43 74
843 333 106 121 140 36 46
832 360 100 122 197 33 13
806 372 138 118 110 33 75
779 365 141 118 180 35 60
763 344 109 119 160 37 10
764 317 106 123 192 40 45
784 295 115 119 150 41 79
814 292 112 117 165 41 39
836 308 119 118 153 33 27
432 680 135 122 149 31 27
424 701 107 119 184 31 60
403 716 119 119 101 40 27
377 715 136 123 142 32 58
358 700 138 121 112 41 73
351 676 120 118 124 41 32
359 652 105 117 182 31 38
382 637 127 120 123 41 17
405 638 118 120 143 36 64
426 655 133 117 158 39 45
