3200
150
24
1
8
2
353
796
555
2222
442
570
332 1366 126 117 175 19 67
329 1377 121 117 170 24 63
320 1384 103 115 169 22 73
309 1386 108 115 160 22 73
298 1383 117 119 117 16 47
291 1374 121 122 178 13 5
289 1363 126 121 183 13 40
292 1352 132 120 140 16 17
300 1345 123 117 169 18 5
312 1343 110 117 101 24 76
323 1346 114 116 186 23 32
330 1354 103 115 161 21 16
105 49 145 123 173 18 1
98 64 147 121 103 21 14
81 69 145 120 164 16 62
67 62 119 117 180 13 43
62 47 105 120 151 21 9
69 31 144 123 108 17 46
86 26 107 121 170 23 46
100 33 103 120 185 14 63
403 1527 122 115 120 18 68
400 1538 116 121 157 19 52
392 1545 114 122 134 12 48
381 1547 123 117 198 17 55
369 1544 124 121 138 15 43
362 1536 112 119 159 23 3
360 1523 125 122 194 12 17
363 1514 130 117 102 16 56
371 1506 130 120 102 17 2
384 1504 122 116 150 17 33
393 1506 111 122 157 19 54
401 1515 124 118 105 14 64
171 961 110 124 125 16 19
166 975 136 123 123 15 68
152 982 118 123 174 24 48
135 978 143 120 169 21 41
127 967 106 121 164 17 79
127 951 129 119 186 24 9
137 939 136 122 193 13 25
155 937 120 120 110 25 4
167 945 139 120 135 20 15
42 894 104 123 149 22 61
37 907 103 123 149 19 79
25 915 103 123 198 18 42
12 914 128 117 166 15 23
1 906 118 116 179 22 47
0 891 103 119 124 13 75
2 878 103 121 163 17 24
14 870 123 123 198 21 22
28 871 139 123 192 13 69
38 879 110 117 172 18 33
451 1931 125 125 163 26 62
441 1949 128 118 161 25 12
422 1953 104 120 106 25 1
405 1938 127 124 107 15 54
406 1919 138 119 172 17 14
423 1906 118 125 110 20 37
444 1912 123 125 161 21 76
143 402 109 120 172 20 57
135 419 101 120 141 16 77
117 425 130 123 171 25 31
102 418 123 124 151 16 7
96 400 119 119 183 20 63
103 384 149 117 158 15 72
121 378 115 123 170 15 4
137 385 123 118 151 16 10
447 54 155 121 159 17 78
437 72 143 120 171 15 56
418 76 111 124 156 19 50
401 62 112 126 172 24 23
402 41 140 125 157 18 9
419 29 129 121 154 20 35
439 34 132 120 129 24 71
110 1632 103 122 117 26 21
105 1646 124 117 158 18 63
90 1654 143 118 170 14 35
74 1651 120 119 152 22 59
63 1637 114 117 178 22 59
64 1621 102 118 133 14 30
76 1609 117 119 131 15 61
91 1607 110 119 106 14 66
106 1616 139 121 172 26 79
135 1969 103 116 122 24 12
131 1981 122 118 173 22 42
121 1990 107 120 187 18 74
106 1992 110 116 191 17 23
92 1985 130 122 101 20 42
86 1973 131 118 154 16 17
87 1959 133 116 108 19 40
96 1947 117 116 104 21 64
109 1943 101 121 180 21 59
122 1945 117 116 140 15 29
132 1956 131 119 126 22 76
419 1171 124 123 166 15 11
408 1191 149 123 134 25 50
389 1195 109 122 174 23 70
371 1180 119 124 155 18 20
372 1160 152 122 145 26 28
389 1146 107 121 149 24 73
411 1152 154 120 126 26 50
410 1271 104 121 126 22 69
406 1285 119 120 158 15 24
398 1292 116 122 167 19 29
385 1295 105 116 123 20 80
372 1291 111 119 177 25 17
364 1283 114 121 199 24 63
361 1269 131 119 128 16 49
364 1258 130 120 114 17 73
374 1248 125 119 127 23 2
386 1246 110 118 167 21 74
398 1249 110 121 198 20 55
408 1259 100 118 177 18 44
545 981 115 117 179 26 6
540 994 126 122 187 16 53
530 1001 134 118 107 19 33
516 1003 115 120 153 26 76
503 996 115 119 144 15 51
496 984 111 116 149 15 79
497 971 117 122 168 23 51
505 959 132 119 188 20 38
517 954 115 120 174 22 26
531 956 135 123 148 21 16
542 966 114 121 140 23 41
345 50 133 117 184 15 58
340 64 133 121 195 22 74
328 71 135 123 112 20 9
313 71 137 120 190 17 43
299 60 121 122 160 20 59
296 46 131 122 194 18 5
300 33 111 123 136 20 18
314 23 124 123 113 26 9
330 24 107 123 185 20 50
341 33 137 121 181 26 53
205 624 125 124 164 16 59
192 644 124 125 114 21 26
167 643 139 123 199 18 52
156 620 155 126 191 24 27
170 599 134 119 107 16 2
194 601 148 123 140 25 8
194 1142 116 123 171 16 65
188 1158 109 119 124 23 63
170 1166 133 118 149 17 4
155 1162 105 117 130 18 19
143 1148 129 116 111 17 33
145 1130 113 116 148 27 39
158 1117 135 117 122 27 16
173 1115 100 119 170 20 63
190 1125 125 121 138 26 13
273 1203 115 123 113 27 2
268 1218 129 121 106 26 25
255 1226 125 121 193 26 4
239 1226 105 121 157 21 27
226 1216 134 121 151 20 7
222 1199 116 122 123 18 28
228 1185 137 117 132 18 31
241 1176 111 123 137 16 29
257 1177 139 121 100 26 50
269 1187 118 119 125 23 71
84 1842 145 124 167 28 12
77 1858 109 123 171 23 24
56 1865 134 120 106 17 42
40 1857 144 123 109 28 61
33 1838 114 117 106 19 30
42 1820 111 123 153 25 11
61 1814 122 123 118 21 74
78 1823 109 120 188 26 10
279 967 124 125 144 22 21
266 987 125 123 171 23 39
240 987 160 123 194 24 56
228 964 117 124 168 16 73
241 942 113 122 137 24 78
269 943 101 128 192 18 30
235 2190 136 125 168 16 44
225 2209 125 120 119 21 28
203 2214 109 126 109 26 15
185 2198 122 118 147 18 11
186 2177 143 119 197 26 30
206 2163 138 122 119 16 68
226 2169 156 125 193 21 60
66 666 112 122 185 21 12
62 679 135 119 110 25 43
50 688 133 118 199 21 71
36 689 104 116 128 24 16
22 682 129 118 178 21 13
15 670 115 121 120 17 7
16 654 127 120 150 25 72
24 644 135 121 148 24 77
39 638 126 122 150 16 25
53 641 106 122 131 26 3
63 651 126 121 102 16 18
309 1888 128 121 144 21 49
300 1908 119 125 183 24 62
276 1912 150 119 182 24 42
260 1899 138 120 180 24 73
260 1876 113 124 199 25 35
278 1862 144 123 177 23 68
300 1868 120 124 104 26 19
532 936 106 123 101 19 53
528 948 115 118 155 16 20
516 958 121 119 186 24 30
501 959 111 116 158 27 73
489 953 126 121 106 24 6
481 940 121 120 171 26 1
482 924 101 119 128 22 23
491 912 103 122 145 20 30
505 908 115 118 123 26 24
518 910 125 121 107 25 49
529 921 128 120 146 18 8
84 993 120 118 151 21 5
80 1006 130 120 122 16 37
69 1015 107 116 117 22 19
54 1017 104 120 145 28 41
41 1010 118 121 181 20 71
33 997 109 117 105 16 3
34 982 126 121 110 16 16
42 971 121 117 189 28 37
55 966 128 117 101 16 43
70 968 136 120 168 20 66
81 979 118 122 179 28 75
500 556 116 119 109 22 70
493 575 125 121 190 20 5
477 582 132 119 172 28 78
458 578 140 118 107 28 79
447 563 131 122 170 19 72
449 544 137 118 157 21 42
461 531 128 122 132 29 11
481 529 101 123 180 22 38
494 538 100 124 101 28 5
482 889 107 125 197 21 10
467 911 147 119 113 28 44
440 908 124 126 199 19 45
429 886 146 127 108 28 57
444 862 137 126 160 18 46
470 864 131 119 168 27 27
500 1046 121 120 119 24 19
491 1065 107 124 199 29 62
473 1071 131 124 197 23 52
453 1062 134 125 188 21 39
447 1043 110 122 108 20 78
456 1024 141 117 172 17 12
474 1018 126 118 102 25 44
494 1026 114 121 190 21 7
201 1241 108 115 101 27 22
198 1254 117 117 184 22 41
186 1265 113 120 145 17 72
174 1267 100 117 131 18 59
159 1263 108 118 148 26 74
151 1254 117 120 140 17 37
148 1239 108 119 106 23 13
152 1225 117 116 109 23 34
162 1216 113 120 178 24 63
175 1214 123 116 183 28 2
189 1218 125 117 146 22 73
199 1228 101 117 134 20 45
277 280 131 122 121 20 44
271 296 142 117 126 19 16
253 305 114 122 104 27 21
237 302 131 116 147 20 61
225 286 109 117 130 29 72
226 268 140 117 108 20 5
238 255 108 118 187 17 5
256 252 119 124 193 19 22
272 262 111 122 157 21 40
447 1108 163 121 154 19 37
434 1131 103 120 105 18 2
407 1131 157 127 173 24 52
394 1107 117 121 164 19 59
408 1084 117 119 121 21 17
434 1084 147 127 139 17 65
119 194 121 118 127 20 44
113 211 135 122 160 29 11
99 220 112 122 174 27 18
82 218 109 122 173 18 29
70 209 107 117 198 17 19
66 192 112 117 175 29 59
71 177 122 122 129 18 41
86 167 130 116 173 22 38
101 168 108 121 129 24 19
115 178 128 116 146 29 39
53 774 119 119 170 24 28
45 791 110 118 133 27 43
26 798 139 118 138 27 16
7 790 103 123 152 23 14
0 769 102 122 150 18 27
8 752 108 121 198 27 64
28 745 114 124 150 22 67
47 754 104 123 193 20 3
552 889 143 118 162 27 65
538 912 123 126 116 26 74
511 910 149 125 114 26 73
499 886 108 127 132 26 58
514 863 135 126 153 29 1
541 865 100 120 135 22 32
404 2121 124 117 192 29 60
400 2134 130 119 162 22 14
388 2144 115 121 102 24 10
373 2146 131 118 143 23 37
359 2139 127 119 145 28 55
351 2125 116 115 161 21 21
352 2111 107 116 156 28 17
360 2099 116 116 132 26 71
376 2093 111 117 142 23 37
390 2095 136 117 182 27 22
401 2107 103 119 130 25 38
331 165 110 116 111 22 4
327 177 119 117 116 21 1
315 187 125 123 110 26 3
298 189 132 120 118 17 34
285 181 124 120 186 21 59
278 169 102 115 114 19 77
279 154 129 118 142 24 34
289 141 127 119 119 17 66
301 136 100 116 129 23 77
317 138 125 119 139 23 44
329 150 125 117 182 18 36
115 2206 104 122 112 27 48
110 2222 129 119 121 22 13
95 2222 118 116 188 24 41
78 2222 101 123 132 18 5
67 2221 121 117 132 20 30
62 2204 103 118 129 22 41
67 2189 100 119 173 29 29
82 2179 137 120 138 23 6
97 2180 128 119 118 25 39
112 2192 129 120 139 29 44
165 320 101 126 101 23 19
150 342 115 121 185 24 34
124 340 125 119 186 21 77
112 317 158 123 173 26 41
127 293 109 127 101 25 20
153 294 126 122 178 28 16
496 1861 127 125 158 23 31
482 1884 105 122 152 27 21
453 1883 160 127 110 18 17
441 1857 155 122 138 27 41
455 1835 139 122 192 28 25
484 1836 137 124 186 22 11
377 1649 119 122 198 23 20
374 1663 130 116 101 30 31
361 1674 109 119 162 27 53
349 1676 111 118 161 22 1
334 1672 111 119 125 26 62
324 1660 126 117 186 21 4
322 1648 106 120 115 18 43
326 1633 116 116 191 23 53
336 1624 119 119 145 28 73
352 1621 102 117 198 23 9
364 1624 131 119 160 26 75
375 1637 109 115 115 28 12
324 1756 115 122 151 22 31
319 1772 108 121 135 23 63
303 1783 130 123 158 27 75
287 1782 112 120 123 24 72
274 1772 110 123 149 19 21
269 1755 133 118 199 30 77
274 1739 100 122 132 29 76
290 1728 124 117 159 30 74
307 1729 108 120 170 25 77
320 1741 137 120 118 28 10
75 328 112 117 166 26 28
70 344 115 119 196 22 13
59 353 128 121 115 26 71
43 355 112 123 124 30 18
27 347 120 116 179 20 47
20 334 114 116 167 22 62
22 317 107 115 173 18 35
30 305 104 121 106 29 58
45 300 102 121 171 21 51
61 303 135 119 135 25 37
71 312 111 118 146 18 60
451 1534 127 122 124 25 35
446 1550 115 115 144 26 1
433 1560 111 119 175 24 6
417 1561 120 122 140 22 24
404 1553 134 123 107 23 33
397 1541 127 122 137 25 46
397 1525 131 116 141 20 13
405 1512 123 121 186 23 38
422 1506 119 122 184 30 52
436 1508 104 117 139 22 64
448 1521 132 121 144 27 15
534 615 102 124 151 29 73
519 639 121 124 162 18 12
490 636 129 120 111 27 64
479 612 125 120 112 21 32
493 589 103 119 123 21 35
521 589 154 127 194 30 31
542 354 142 121 170 26 67
532 376 149 125 125 26 5
506 380 149 125 172 19 5
489 365 135 126 132 25 34
490 339 145 123 183 26 50
510 326 136 126 138 23 12
533 332 136 124 107 30 58
152 1253 123 116 174 30 27
148 1268 123 116 190 26 62
138 1277 111 119 127 20 6
123 1280 102 118 141 25 60
110 1277 112 117 199 18 80
100 1265 108 122 147 29 29
97 1251 115 115 133 22 74
101 1237 122 119 181 28 57
112 1227 124 117 145 23 23
127 1225 103 120 188 26 36
141 1230 114 115 114 23 31
149 1239 100 121 193 18 46
207 1463 125 120 138 18 67
203 1477 101 117 160 24 53
193 1486 111 118 131 29 36
178 1489 110 117 142 21 78
164 1485 116 121 123 26 29
154 1473 101 122 197 22 44
152 1461 100 116 140 28 4
156 1446 131 119 121 30 41
167 1436 100 116 101 18 25
180 1434 124 118 109 25 4
194 1438 106 122 170 19 47
205 1450 100 118 128 28 51
188 1697 139 121 164 19 32
182 1713 114 122 142 22 2
169 1722 103 119 189 19 38
151 1722 118 116 180 28 66
137 1710 133 117 169 21 15
133 1693 114 123 192 19 17
140 1677 129 123 183 20 60
153 1669 120 119 181 29 10
170 1669 129 122 146 27 15
184 1680 103 120 191 26 71
515 2027 119 120 134 30 11
507 2046 144 123 127 27 9
487 2053 133 125 161 21 46
468 2045 140 119 164 25 34
460 2024 144 117 160 27 20
468 2005 117 120 137 24 52
490 1998 107 120 119 21 40
507 2006 101 122 118 24 64
59 863 118 119 191 20 15
55 876 106 117 174 18 7
44 885 128 120 191 21 2
29 888 117 122 113 28 59
15 883 115 122 118 19 30
6 872 101 116 186 18 41
4 860 100 115 156 19 48
8 846 119 117 121 19 20
18 836 125 118 130 23 80
32 833 119 120 114 19 70
47 837 129 121 157 22 10
56 848 121 121 131 30 72
224 496 113 119 148 24 16
218 511 134 120 118 30 49
207 519 121 117 149 25 28
192 521 107 120 153 26 23
177 514 135 116 195 22 64
170 501 123 123 169 29 57
171 483 131 116 184 21 46
179 472 135 115 149 30 31
194 466 128 120 156 20 6
210 469 111 122 169 25 21
220 478 104 118 151 28 36
324 1583 131 122 195 21 29
316 1601 134 122 186 19 44
295 1608 124 120 157 24 11
276 1599 142 124 182 29 8
269 1579 136 125 195 26 10
278 1560 121 122 147 20 6
297 1553 127 120 197 24 2
317 1561 115 119 168 25 58
426 1905 160 121 116 21 13
410 1928 142 120 193 30 17
383 1926 138 120 193 21 10
371 1901 107 127 139 28 32
387 1877 138 126 108 30 77
413 1879 109 119 152 20 38
514 855 120 123 120 26 14
499 879 130 127 122 27 20
469 877 109 125 132 28 47
457 851 145 123 191 29 19
471 828 145 120 164 24 41
502 830 163 119 141 27 37
174 1758 109 118 183 19 18
162 1781 102 125 133 24 63
138 1784 144 120 147 28 22
119 1768 105 123 136 20 56
120 1744 113 126 187 29 45
140 1728 124 126 107 30 48
164 1734 155 124 165 19 65
555 399 139 116 118 22 25
549 415 130 119 109 29 76
534 424 131 116 193 22 72
516 424 111 122 197 22 8
503 413 115 121 134 31 20
498 395 125 122 188 20 59
505 377 133 118 187 29 25
520 368 133 123 134 31 20
536 369 132 117 193 19 5
551 381 115 117 149 29 19
174 1333 100 118 192 22 23
164 1355 100 121 158 28 26
145 1361 147 119 158 20 58
125 1353 132 119 149 31 44
117 1332 142 117 133 19 38
126 1311 144 125 112 21 9
146 1304 149 120 192 30 15
166 1312 133 117 176 20 47
555 811 111 119 169 23 53
551 834 104 119 194 30 16
520 833 103 126 183 31 21
508 808 140 128 104 23 70
523 783 130 120 120 20 12
553 785 125 120 138 26 64
366 1883 129 120 118 29 27
362 1897 107 120 129 29 13
350 1908 105 115 126 30 76
337 1910 106 117 193 28 31
322 1906 130 117 137 30 1
312 1894 110 117 111 27 15
309 1879 132 115 115 26 55
313 1865 109 119 189 27 74
325 1855 127 120 198 25 8
340 1853 117 122 177 20 49
352 1857 131 121 149 25 50
364 1869 117 115 175 26 77
520 457 119 123 112 27 52
514 474 100 119 163 19 32
501 484 108 117 185 23 25
486 485 108 120 150 27 75
471 477 109 120 198 20 31
463 463 113 119 134 21 3
464 448 103 117 129 25 57
475 433 115 119 178 19 27
489 428 111 121 147 19 32
506 431 102 120 140 20 36
517 443 121 121 109 31 23
139 1846 128 119 149 19 39
123 1871 153 119 165 21 12
96 1870 132 124 193 29 15
82 1844 106 119 152 20 17
97 1819 119 121 105 25 31
125 1819 106 127 174 21 36
107 1472 140 123 181 31 79
98 1492 138 122 154 28 79
78 1499 103 125 156 23 40
57 1489 118 121 124 21 10
50 1469 138 123 137 20 1
60 1448 112 125 162 31 50
80 1442 136 120 158 31 14
100 1451 121 125 186 24 68
478 1832 108 120 113 26 71
462 1855 149 122 122 30 12
433 1853 141 125 164 20 65
421 1829 123 125 113 25 8
437 1803 108 122 127 26 49
465 1805 164 120 167 26 32
242 1205 133 116 116 20 16
236 1222 113 116 141 28 19
221 1232 114 122 114 20 43
204 1232 113 122 147 30 36
189 1220 132 123 126 21 21
185 1202 103 122 169 24 43
191 1186 131 117 142 19 53
207 1176 132 118 198 22 75
224 1177 110 121 121 29 29
238 1188 123 120 164 30 20
407 756 154 122 198 30 36
395 780 129 125 195 27 47
370 783 148 118 167 26 33
352 766 137 121 156 27 52
353 743 103 118 172 20 69
375 727 141 118 187 29 38
398 734 120 120 123 31 2
