3200
150
35
1
8
3
1148
274
2222
777
217
280
862 326 146 125 192 26 3
844 355 125 126 195 27 85
810 352 105 121 193 24 84
797 322 119 124 161 35 91
813 297 150 120 192 30 6
846 297 158 118 184 24 75
507 490 173 129 142 32 68
483 521 122 127 136 24 48
446 508 170 127 185 31 13
448 466 174 126 187 25 21
486 457 108 121 129 35 5
1828 559 120 123 180 27 65
1809 588 120 122 108 36 18
1777 587 165 120 118 30 26
1761 554 129 122 149 24 33
1780 527 138 122 189 34 19
1812 529 113 127 111 34 69
395 745 110 130 188 31 42
357 777 184 122 104 34 56
326 742 193 129 145 31 37
361 708 112 126 199 29 94
601 172 162 129 182 26 16
574 205 109 120 197 30 97
537 190 144 124 100 29 26
539 149 101 123 142 30 9
578 137 118 124 103 25 30
2222 524 177 124 148 32 93
2197 558 107 125 122 28 49
2157 544 142 129 126 33 92
2160 500 134 123 149 28 75
2200 490 144 120 164 34 78
1185 432 149 122 179 38 70
1166 463 119 121 150 36 75
1131 462 162 121 128 33 84
1114 428 127 127 141 34 100
1135 398 166 121 154 31 50
1170 401 157 126 155 30 94
1387 188 159 127 136 27 48
1362 222 105 126 139 38 42
1320 208 108 125 171 39 17
1321 164 105 125 190 37 42
1365 152 157 129 191 39 56
2049 476 144 126 153 27 45
2022 510 114 128 179 32 75
1981 493 130 123 191 37 98
1983 452 177 121 114 38 69
2025 440 167 126 197 32 9
2203 299 114 123 196 29 39
2174 333 165 120 135 34 13
2133 316 166 122 178 34 7
2135 273 152 122 138 37 67
2179 260 150 126 117 38 8
960 247 174 120 106 39 59
931 280 153 129 190 29 29
891 264 155 123 122 37 36
894 219 152 121 108 33 37
936 208 171 122 164 34 81
191 385 101 129 158 40 81
152 419 184 127 172 38 85
116 380 103 125 126 32 10
156 344 130 130 118 32 94
1867 41 153 124 154 32 36
1840 77 157 126 115 35 60
1797 60 107 127 162 28 26
1799 18 158 129 133 31 96
1844 5 171 121 159 29 72
463 370 125 121 133 40 61
442 403 106 125 125 29 25
405 402 146 121 121 34 8
386 368 113 127 107 40 74
406 334 160 125 167 36 64
447 336 148 126 164 37 13
611 410 194 125 179 29 48
569 446 141 126 100 39 61
534 407 198 122 185 31 55
573 369 115 132 170 33 36
1656 51 128 121 166 38 63
1617 87 196 125 166 37 6
1579 45 117 125 134 34 47
1618 10 137 124 199 41 25
651 626 158 126 114 30 28
629 658 109 124 146 37 95
592 656 145 126 155 37 43
574 622 155 121 179 29 27
594 588 155 121 117 41 49
633 589 130 128 160 36 69
1241 271 143 126 195 35 73
1213 309 124 123 102 41 62
1167 291 176 123 149 37 36
1170 245 136 127 170 41 20
1214 232 128 123 176 31 58
910 437 139 126 116 30 24
889 470 139 125 146 40 42
849 468 120 120 101 34 30
831 433 153 125 136 42 46
853 399 147 124 154 35 73
893 401 109 123 100 40 17
959 146 149 120 111 37 17
938 178 134 122 148 41 17
896 175 140 126 147 35 33
880 139 159 128 166 42 59
902 107 128 127 150 39 7
940 108 142 123 184 30 65
800 448 118 122 164 32 98
758 487 123 132 150 34 15
721 447 139 125 164 40 28
762 408 193 123 195 34 23
1722 322 195 122 162 31 11
1679 359 146 131 185 33 13
1643 319 125 125 158 36 43
1683 280 158 128 139 38 32
2107 176 161 124 117 31 98
2084 211 127 124 129 41 49
2045 208 111 119 190 36 90
2026 170 141 123 144 31 58
2047 137 151 127 199 32 30
2088 139 163 122 134 40 20
2119 617 176 126 191 32 30
2089 656 101 126 151 33 74
2044 639 148 128 100 35 27
2046 592 152 127 103 42 5
2092 578 111 129 180 38 85
1146 262 187 128 126 43 13
1105 302 187 128 157 33 55
1065 260 121 127 108 42 2
1108 221 142 121 129 35 13
1396 700 194 127 124 34 84
1353 737 154 123 110 41 2
1315 693 188 121 150 39 78
1356 656 112 129 194 43 72
281 565 151 128 122 39 46
253 602 155 128 122 33 25
207 587 127 121 144 35 5
207 538 111 126 188 40 50
256 524 146 128 157 32 77
1739 199 196 124 114 35 53
1698 236 111 125 122 42 22
1658 193 178 125 178 42 26
1700 155 137 122 132 36 92
666 197 140 126 179 41 52
643 233 163 127 162 41 50
604 230 115 123 138 41 37
585 195 135 120 143 33 16
607 159 138 119 156 39 26
648 161 120 125 183 37 51
348 285 110 119 141 35 6
327 318 151 121 112 41 54
282 316 123 126 101 34 93
265 280 128 120 140 35 53
286 245 148 121 111 33 38
330 247 163 119 194 35 13
2034 123 164 125 123 36 70
2003 161 164 129 137 36 31
1957 142 144 126 185 38 34
1961 93 110 128 174 36 49
2006 81 155 127 196 44 53
539 339 136 121 197 43 75
508 378 104 123 106 33 23
463 361 152 127 142 33 45
466 310 117 123 172 37 53
512 298 154 120 105 37 36
2222 644 115 129 180 38 41
2202 684 104 126 152 43 66
2157 668 136 127 158 41 44
2159 617 150 120 114 39 62
2205 604 174 127 144 32 60
732 409 118 125 164 33 23
710 446 133 121 101 40 25
668 444 139 124 107 35 35
649 405 122 124 106 36 33
671 372 139 127 168 36 20
713 373 165 125 102 40 33
1654 382 132 127 156 43 88
1632 418 127 126 137 35 70
1588 415 158 119 104 42 16
1571 379 145 121 100 37 75
1594 343 105 122 115 39 57
1635 345 157 127 195 32 51
2012 44 151 119 138 36 5
1989 78 129 126 152 38 98
1947 76 137 121 194 40 97
1927 38 129 123 125 36 7
1952 0 137 127 104 33 86
1994 4 140 125 110 44 41
1411 636 134 125 184 43 74
1389 670 138 127 171 34 71
1346 669 114 120 196 40 95
1326 630 146 127 174 37 39
1350 594 161 127 116 35 86
1391 596 139 125 182 35 9
650 105 127 125 153 35 6
628 141 141 122 182 42 97
584 140 106 121 107 42 28
565 103 135 127 199 40 40
586 66 156 119 127 41 39
632 68 131 123 144 33 6
1813 52 124 121 139 45 87
1783 93 155 126 108 39 100
1733 73 169 128 140 34 81
1738 24 176 123 174 45 81
1784 11 119 127 184 34 90
104 396 146 124 177 45 88
71 435 178 124 136 34 98
26 417 148 123 164 37 44
29 364 124 128 101 35 69
78 353 116 125 164 34 69
1168 185 159 124 123 41 88
1138 224 176 127 171 39 56
1089 204 119 129 152 38 47
1092 155 145 123 114 43 75
1139 142 170 124 195 33 81
163 722 121 123 112 34 73
131 762 165 128 164 42 65
83 742 172 123 144 41 23
87 694 104 126 189 42 7
134 680 170 129 101 34 53
86 519 161 121 136 45 70
62 557 102 122 166 39 50
20 555 144 119 185 41 23
1 515 152 121 179 39 21
24 480 141 127 130 37 85
65 481 129 119 169 34 7
2121 687 164 122 156 45 96
2091 729 124 128 143 40 11
2040 709 141 123 109 44 78
2045 657 151 129 130 39 18
2092 645 116 129 163 44 74
1825 621 135 128 121 41 35
1793 661 118 124 104 35 40
1744 641 104 123 198 43 44
1747 591 176 121 185 43 36
1797 577 130 127 111 37 15
355 217 127 120 138 43 86
332 255 119 119 170 38 24
286 252 158 118 110 37 15
268 215 153 120 151 39 34
293 176 115 126 143 41 66
334 179 125 128 178 41 90
1539 23 139 131 149 43 57
1491 66 117 124 127 40 18
1452 20 190 131 187 39 21
1497 0 111 129 158 36 56
1946 464 117 123 192 36 81
1924 502 154 124 156 39 52
1880 501 109 124 100 40 12
1859 462 103 126 155 39 92
1884 423 107 127 106 41 74
1927 427 149 121 156 40 91
1737 555 174 124 198 43 2
1693 596 192 131 124 39 42
1650 549 121 124 158 38 39
1698 509 109 132 153 42 33
557 88 149 122 175 35 95
524 130 118 122 135 36 77
476 110 102 126 161 39 26
478 61 179 121 163 35 28
528 46 104 123 199 44 62
1515 719 155 122 184 43 93
1492 754 116 124 172 36 73
1448 751 116 119 112 35 93
1428 714 162 123 168 42 6
1450 676 135 123 137 34 28
1494 676 161 119 169 46 8
1872 657 198 122 181 39 88
1825 698 160 126 162 39 68
1785 654 194 123 135 34 33
1831 611 123 123 193 41 69
881 206 176 120 144 41 61
850 244 113 126 188 42 51
801 227 147 126 115 37 92
802 175 114 123 104 34 88
853 160 179 124 138 45 63
1281 178 130 128 147 40 61
1236 221 170 122 186 36 19
1192 172 105 125 166 43 23
1241 132 112 127 171 38 93
1987 742 188 127 115 44 45
1942 777 134 124 115 35 37
1898 738 155 124 116 43 71
1944 696 139 124 159 39 80
