3200
150
17
1
8
2
485
434
777
777
181
234
645 709 125 126 131 15 44
637 722 140 128 103 12 2
622 721 137 119 158 14 36
616 708 158 126 176 15 16
624 695 146 125 142 8 20
638 696 155 120 142 12 3
641 269 115 129 124 6 49
630 282 138 125 177 9 40
614 276 145 130 123 11 22
614 259 110 121 105 12 43
631 253 101 122 179 6 26
162 493 159 124 193 7 17
152 507 175 123 129 7 41
135 501 148 123 197 15 20
136 483 141 126 103 17 49
152 478 160 128 136 10 24
291 235 145 118 131 6 36
284 248 163 128 199 15 10
269 247 163 124 124 15 33
262 234 160 121 151 12 12
270 221 162 127 140 15 48
284 222 128 124 117 11 38
88 462 144 126 196 15 43
80 474 150 120 183 5 21
66 473 146 122 112 6 7
59 460 114 123 107 15 42
67 447 164 124 104 6 16
82 448 138 123 179 9 50
38 352 127 122 166 16 45
32 364 148 120 152 8 8
18 367 121 118 100 17 21
8 358 150 119 129 17 27
9 344 123 126 162 11 47
20 336 153 118 178 7 38
33 339 130 120 197 14 13
295 366 157 126 121 14 9
287 380 143 125 133 11 5
271 379 134 120 164 9 12
264 365 135 121 194 12 41
272 351 146 126 100 8 34
288 352 152 119 106 10 29
558 361 118 124 148 15 1
549 375 111 124 157 9 18
533 374 125 119 193 7 45
527 360 106 118 152 10 16
536 346 105 125 163 8 5
552 347 121 126 144 18 8
732 436 126 123 180 18 39
720 450 116 124 189 7 46
704 444 167 128 132 13 10
704 425 155 121 185 18 2
722 419 100 122 157 11 44
89 71 106 123 127 16 16
83 83 112 120 162 9 22
70 85 100 121 134 15 50
59 76 102 123 197 10 42
60 61 149 123 155 16 25
70 54 134 125 175 9 44
84 57 111 126 182 15 44
691 439 101 125 127 10 30
674 454 135 122 154 16 46
660 438 105 122 148 7 13
677 423 185 125 146 6 2
470 187 167 124 149 8 20
459 203 173 127 193 14 28
440 196 110 120 133 12 12
440 176 165 126 140 9 44
460 171 109 125 182 17 23
273 401 129 128 158 13 38
255 416 114 122 185 9 27
240 399 187 126 135 17 5
257 383 126 130 169 19 29
383 436 113 130 184 13 43
365 451 166 126 132 12 44
350 434 155 125 112 18 3
367 418 160 125 195 7 33
644 496 147 122 152 16 30
632 512 112 123 188 15 31
613 504 144 125 196 16 43
614 485 141 123 189 15 50
633 479 129 123 104 12 31
560 392 191 122 196 19 9
543 408 132 123 192 15 9
527 391 195 127 156 17 48
544 375 159 124 120 8 29
266 100 197 124 123 15 49
249 115 110 128 132 7 13
233 98 124 125 185 19 33
250 82 104 127 143 10 6
477 281 141 124 119 8 13
470 294 141 123 115 13 44
455 297 156 125 116 9 32
445 288 146 121 149 19 15
445 273 112 126 175 10 17
458 264 153 122 122 7 17
472 268 130 121 125 19 27
355 499 150 123 114 19 20
349 512 119 121 171 16 28
334 515 132 118 183 8 28
323 505 110 124 122 15 24
323 491 138 124 194 15 19
336 482 144 126 180 15 23
350 486 154 120 160 12 44
412 544 169 127 197 15 30
401 560 148 125 149 9 2
382 553 124 124 183 14 24
383 532 168 124 116 8 18
401 527 160 124 171 11 31
220 51 149 122 156 10 7
212 65 100 125 175 13 42
194 65 127 124 146 18 24
187 50 120 120 169 17 8
196 35 164 119 156 9 9
212 36 146 124 148 13 28
327 767 114 123 189 9 46
316 777 137 122 153 12 48
297 775 105 121 133 8 40
297 755 117 125 147 17 12
316 750 125 128 135 12 35
190 538 119 123 111 8 16
183 552 135 120 144 10 23
169 554 132 119 123 10 4
158 544 105 119 118 16 48
158 530 131 122 196 13 47
170 521 116 126 156 15 32
185 525 117 122 158 13 26
561 670 141 125 197 12 50
549 685 172 125 136 15 41
531 678 164 122 101 14 5
531 658 124 122 162 15 29
550 652 140 128 155 15 41
777 302 132 121 185 17 19
776 315 131 125 193 14 41
762 318 114 123 188 18 41
750 308 145 126 199 16 44
750 294 149 126 198 12 29
762 285 151 121 139 10 3
777 289 118 118 183 9 50
125 373 117 120 140 19 1
116 388 166 122 140 9 42
98 387 128 128 131 19 48
90 370 125 127 104 11 48
100 355 110 119 131 10 4
117 356 150 120 154 20 14
390 161 152 126 190 14 2
382 176 126 125 192 19 5
368 178 131 120 141 8 24
356 168 154 125 184 19 16
357 152 126 124 143 11 36
370 143 108 122 150 12 24
384 147 148 126 168 19 32
170 527 135 119 114 15 11
161 542 145 127 127 19 20
143 541 147 121 113 15 34
135 524 139 125 196 8 5
145 509 104 119 174 16 7
163 511 102 126 167 10 42
718 137 155 132 150 10 35
700 154 109 122 127 12 23
683 135 153 125 126 20 3
701 119 118 130 165 16 43
329 301 116 124 186 8 50
322 314 133 124 164 13 2
306 317 141 120 148 8 5
295 306 156 118 191 9 34
296 290 152 123 153 14 44
308 282 155 124 101 20 25
323 286 151 121 158 15 41
364 682 150 119 113 14 48
358 696 154 126 149 15 41
342 699 122 120 198 16 45
330 689 113 120 134 15 2
330 673 152 126 160 18 35
344 664 151 121 165 14 1
358 668 126 118 199 20 8
138 328 104 125 105 20 26
130 343 140 119 135 8 21
116 345 150 126 115 17 30
104 335 119 121 194 18 31
104 320 134 125 128 13 34
118 310 123 120 182 12 15
132 314 126 119 176 12 20
682 91 122 122 194 8 2
673 107 106 124 129 14 28
655 106 125 126 194 20 14
647 89 136 120 108 11 22
657 74 144 123 167 12 44
674 75 134 120 158 16 23
466 167 163 127 166 16 28
457 181 129 122 185 13 43
439 181 108 125 146 14 42
431 164 118 119 111 9 9
441 149 164 125 190 10 42
458 150 128 120 160 8 33
259 225 103 127 164 12 45
245 241 123 125 165 20 18
226 233 118 125 114 8 49
228 212 112 127 136 13 39
248 207 171 130 162 10 50
731 240 110 131 118 18 3
712 257 151 127 159 12 21
696 239 195 128 181 15 9
715 222 108 127 165 10 28
352 586 116 120 172 15 19
345 599 112 118 137 9 40
330 602 156 124 111 18 50
318 592 105 120 170 18 14
318 577 149 124 187 17 25
332 567 138 124 175 11 26
347 571 105 126 191 8 22
282 625 153 126 197 19 21
268 642 129 126 101 19 30
249 634 152 125 123 9 31
251 613 150 125 155 18 21
270 607 130 124 197 17 1
91 149 119 131 148 10 4
73 165 125 123 163 18 17
56 146 160 130 199 8 43
74 130 146 124 193 12 34
742 575 102 122 170 14 22
729 591 171 128 114 20 48
709 583 162 124 103 15 42
711 562 161 122 118 9 38
731 557 124 121 192 18 9
693 249 132 123 171 14 22
680 266 162 129 165 9 19
661 259 139 126 119 18 9
661 238 145 127 190 9 15
682 232 166 121 145 17 40
460 636 143 128 190 9 14
448 653 151 123 175 8 7
428 646 103 121 153 19 7
428 624 145 129 186 19 41
449 619 161 122 175 14 50
