50
101
11
1
100
100
0
250
3000
500
420
245
62 62 100 100 30 10 10
124 62 100 101 30 10 10
186 62 100 102 30 10 10
248 62 100 103 30 10 10
310 62 100 104 30 10 10
372 62 100 105 30 10 10
434 62 100 106 30 10 10
62 124 100 110 30 10 10
124 124 100 111 30 10 10
186 124 100 112 30 10 10
248 124 100 113 30 10 10
310 124 100 114 30 10 10
372 124 100 115 30 10 10
434 124 100 116 30 10 10
62 186 100 120 30 10 10
124 186 100 121 30 10 10
186 186 100 122 30 10 10
248 186 100 123 30 10 10
310 186 100 124 30 10 10
372 186 100 125 30 10 10
434 186 100 126 30 10 10
62 248 100 130 30 10 10
124 248 100 131 30 10 10
186 248 100 132 30 10 10
248 248 100 133 30 10 10
310 248 100 134 30 10 10
372 248 100 135 30 10 10
434 248 100 136 30 10 10
62 310 100 140 30 10 10
124 310 100 141 30 10 10
186 310 100 142 30 10 10
248 310 100 143 30 10 10
310 310 100 144 30 10 10
372 310 100 145 30 10 10
434 310 100 146 30 10 10
62 372 100 150 30 10 10
124 372 100 151 30 10 10
186 372 100 152 30 10 10
248 372 100 153 30 10 10
310 372 100 154 30 10 10
372 372 100 155 30 10 10
434 372 100 156 30 10 10
62 434 100 160 30 10 10
124 434 100 161 30 10 10
186 434 100 162 30 10 10
248 434 100 163 30 10 10
310 434 100 164 30 10 10
372 434 100 165 30 10 10
434 434 100 166 30 10 10
662 62 200 282 30 20 20
724 62 200 283 30 20 20
786 62 200 284 30 20 20
848 62 200 285 30 20 20
910 62 200 286 30 20 20
972 62 200 287 30 20 20
1034 62 200 288 30 20 20
662 124 200 292 30 20 20
724 124 200 293 30 20 20
786 124 200 294 30 20 20
848 124 200 295 30 20 20
910 124 200 296 30 20 20
972 124 200 297 30 20 20
1034 124 200 298 30 20 20
662 186 200 302 30 20 20
724 186 200 303 30 20 20
786 186 200 304 30 20 20
848 186 200 305 30 20 20
910 186 200 306 30 20 20
972 186 200 307 30 20 20
1034 186 200 308 30 20 20
662 248 200 312 30 20 20
724 248 200 313 30 20 20
786 248 200 314 30 20 20
848 248 200 315 30 20 20
910 248 200 316 30 20 20
972 248 200 317 30 20 20
1034 248 200 318 30 20 20
662 310 200 322 30 20 20
724 310 200 323 30 20 20
786 310 200 324 30 20 20
848 310 200 325 30 20 20
910 310 200 326 30 20 20
972 310 200 327 30 20 20
1034 310 200 328 30 20 20
662 372 200 332 30 20 20
724 372 200 333 30 20 20
786 372 200 334 30 20 20
848 372 200 335 30 20 20
910 372 200 336 30 20 20
972 372 200 337 30 20 20
1034 372 200 338 30 20 20
662 434 200 342 30 20 20
724 434 200 343 30 20 20
786 434 200 344 30 20 20
848 434 200 345 30 20 20
910 434 200 346 30 20 20
972 434 200 347 30 20 20
1034 434 200 348 30 20 20
1262 62 300 519 30 30 30
1324 62 300 520 30 30 30
1386 62 300 521 30 30 30
1448 62 300 522 30 30 30
1510 62 300 523 30 30 30
1572 62 300 524 30 30 30
1634 62 300 525 30 30 30
1262 124 300 529 30 30 30
1324 124 300 530 30 30 30
1386 124 300 531 30 30 30
1448 124 300 532 30 30 30
1510 124 300 533 30 30 30
1572 124 300 534 30 30 30
1634 124 300 535 30 30 30
1262 186 300 539 30 30 30
1324 186 300 540 30 30 30
1386 186 300 541 30 30 30
1448 186 300 542 30 30 30
1510 186 300 543 30 30 30
1572 186 300 544 30 30 30
1634 186 300 545 30 30 30
1262 248 300 549 30 30 30
1324 248 300 550 30 30 30
1386 248 300 551 30 30 30
1448 248 300 552 30 30 30
1510 248 300 553 30 30 30
1572 248 300 554 30 30 30
1634 248 300 555 30 30 30
1262 310 300 559 30 30 30
1324 310 300 560 30 30 30
1386 310 300 561 30 30 30
1448 310 300 562 30 30 30
1510 310 300 563 30 30 30
1572 310 300 564 30 30 30
1634 310 300 565 30 30 30
1262 372 300 569 30 30 30
1324 372 300 570 30 30 30
1386 372 300 571 30 30 30
1448 372 300 572 30 30 30
1510 372 300 573 30 30 30
1572 372 300 574 30 30 30
1634 372 300 575 30 30 30
1262 434 300 579 30 30 30
1324 434 300 580 30 30 30
1386 434 300 581 30 30 30
1448 434 300 582 30 30 30
1510 434 300 583 30 30 30
1572 434 300 584 30 30 30
1634 434 300 585 30 30 30
1862 62 400 800 30 40 40
1924 62 400 801 30 40 40
1986 62 400 802 30 40 40
2048 62 400 803 30 40 40
2110 62 400 804 30 40 40
2172 62 400 805 30 40 40
2234 62 400 806 30 40 40
1862 124 400 810 30 40 40
1924 124 400 811 30 40 40
1986 124 400 812 30 40 40
2048 124 400 813 30 40 40
2110 124 400 814 30 40 40
2172 124 400 815 30 40 40
2234 124 400 816 30 40 40
1862 186 400 820 30 40 40
1924 186 400 821 30 40 40
1986 186 400 822 30 40 40
2048 186 400 823 30 40 40
2110 186 400 824 30 40 40
2172 186 400 825 30 40 40
2234 186 400 826 30 40 40
1862 248 400 830 30 40 40
1924 248 400 831 30 40 40
1986 248 400 832 30 40 40
2048 248 400 833 30 40 40
2110 248 400 834 30 40 40
2172 248 400 835 30 40 40
2234 248 400 836 30 40 40
1862 310 400 840 30 40 40
1924 310 400 841 30 40 40
1986 310 400 842 30 40 40
2048 310 400 843 30 40 40
2110 310 400 844 30 40 40
2172 310 400 845 30 40 40
2234 310 400 846 30 40 40
1862 372 400 850 30 40 40
1924 372 400 851 30 40 40
1986 372 400 852 30 40 40
2048 372 400 853 30 40 40
2110 372 400 854 30 40 40
2172 372 400 855 30 40 40
2234 372 400 856 30 40 40
1862 434 400 860 30 40 40
1924 434 400 861 30 40 40
1986 434 400 862 30 40 40
2048 434 400 863 30 40 40
2110 434 400 864 30 40 40
2172 434 400 865 30 40 40
2234 434 400 866 30 40 40
2462 62 500 1118 30 50 50
2524 62 500 1119 30 50 50
2586 62 500 1120 30 50 50
2648 62 500 1121 30 50 50
2710 62 500 1122 30 50 50
2772 62 500 1123 30 50 50
2834 62 500 1124 30 50 50
2462 124 500 1128 30 50 50
2524 124 500 1129 30 50 50
2586 124 500 1130 30 50 50
2648 124 500 1131 30 50 50
2710 124 500 1132 30 50 50
2772 124 500 1133 30 50 50
2834 124 500 1134 30 50 50
2462 186 500 1138 30 50 50
2524 186 500 1139 30 50 50
2586 186 500 1140 30 50 50
2648 186 500 1141 30 50 50
2710 186 500 1142 30 50 50
2772 186 500 1143 30 50 50
2834 186 500 1144 30 50 50
2462 248 500 1148 30 50 50
2524 248 500 1149 30 50 50
2586 248 500 1150 30 50 50
2648 248 500 1151 30 50 50
2710 248 500 1152 30 50 50
2772 248 500 1153 30 50 50
2834 248 500 1154 30 50 50
2462 310 500 1158 30 50 50
2524 310 500 1159 30 50 50
2586 310 500 1160 30 50 50
2648 310 500 1161 30 50 50
2710 310 500 1162 30 50 50
2772 310 500 1163 30 50 50
2834 310 500 1164 30 50 50
2462 372 500 1168 30 50 50
2524 372 500 1169 30 50 50
2586 372 500 1170 30 50 50
2648 372 500 1171 30 50 50
2710 372 500 1172 30 50 50
2772 372 500 1173 30 50 50
2834 372 500 1174 30 50 50
2462 434 500 1178 30 50 50
2524 434 500 1179 30 50 50
2586 434 500 1180 30 50 50
2648 434 500 1181 30 50 50
2710 434 500 1182 30 50 50
2772 434 500 1183 30 50 50
2834 434 500 1184 30 50 50
