25
50
15
15
15
5
1
81
2000
200
420
420
285 106 290 7393 185
1008 123 536 41868 330
581 3 478 18650 275
1664 157 784 69690 406
439 170 301 15988 235
1419 154 606 71427 403
404 164 280 12157 183
1744 151 826 86316 440
1839 73 892 94406 434
758 177 542 26441 220
323 105 298 11260 182
1189 175 658 53573 355
460 54 374 13720 188
1789 40 768 77699 427
701 193 513 25209 281
971 189 508 31725 271
67 197 97 1563 79
841 149 534 34309 249
1478 98 766 60073 453
1054 16 568 36195 266
1318 156 570 59909 340
275 102 214 9137 144
1866 27 758 67484 396
743 79 428 26581 224
1881 159 887 98719 387
393 148 296 11623 216
991 89 626 40187 358
255 150 240 7210 143
983 199 638 38287 319
175 184 202 4766 155
1832 98 881 82331 430
1104 133 525 50569 378
528 32 382 15827 270
1138 55 695 54811 365
1020 190 480 44633 363
570 136 419 23103 249
5 69 20 189 18
1753 60 667 70446 352
1075 109 512 37886 330
1909 1 729 81597 512
1295 61 766 62091 305
478 99 326 16953 222
1935 119 1006 85846 394
1130 32 587 39619 301
1407 170 755 53471 369
1969 72 780 103536 471
1602 160 731 62648 458
429 3 364 15948 190
341 129 289 12857 221
316 18 305 11755 155
460 101 319 15925 253
478 169 314 17270 217
512 65 376 19212 206
1063 63 556 47961 283
1478 99 866 57169 406
780 184 578 25366 294
1993 50 788 79680 363
400 178 368 11218 236
402 119 301 13342 234
1390 179 682 60273 386
270 52 287 7361 154
795 193 455 30883 230
806 154 445 28088 265
1181 156 642 43399 317
170 14 211 4718 116
897 71 497 39015 313
1694 137 934 63076 493
1077 118 499 42702 333
498 130 349 15454 257
1508 35 699 77747 345
1183 72 709 51006 379
692 113 531 22856 308
1035 109 501 44151 284
749 123 394 25294 249
1028 50 630 34764 292
1769 161 705 64262 452
45 78 80 858 65
482 169 369 19980 195
1707 169 659 75289 361
476 13 303 17782 259
1660 14 786 74919 379
645 74 476 19960 278
980 124 496 32697 352
211 55 223 5553 172
1603 194 799 82412 477
1160 43 625 46040 351
857 32 628 33716 289
1045 64 693 40448 382
331 149 291 10496 149
965 131 603 39891 281
919 2 649 42826 302
1756 43 863 84996 483
557 87 434 20102 231
678 33 520 30035 242
1681 39 654 78220 360
972 121 665 37680 304
73 121 122 1497 71
581 108 368 24697 250
846 18 480 33363 265
1905 82 764 89166 496
1189 66 671 53444 337
1407 88 788 71914 302
497 119 383 20078 259
1643 6 802 62431 443
1549 75 913 65334 466
1112 97 693 52723 390
385 73 367 15245 202
1429 130 768 58715 448
767 140 558 23905 289
1859 160 718 92114 405
923 141 552 41343 277
1055 142 643 35326 292
1847 128 829 76032 434
743 124 417 24957 240
797 7 570 28592 300
261 84 229 9635 176
1670 90 969 60317 436
1104 109 641 44838 354
1208 73 572 41655 377
47 70 75 1258 61
1296 128 581 45807 402
1986 161 837 83060 525
403 33 298 10814 202
1763 84 958 85564 399
166 196 190 4487 145
386 128 278 13701 169
182 74 196 4666 118
975 25 647 38484 262
1577 26 842 58814 351
1220 196 686 51993 319
1265 37 791 58473 417
352 71 262 10773 197
1184 95 543 45387 320
1101 192 521 45370 369
1899 14 1024 75302 461
421 27 289 16103 231
517 66 373 21526 218
535 118 404 21916 186
359 132 268 10760 202
1037 30 594 49247 294
1333 146 761 46885 373
757 42 521 29798 282
122 159 136 3567 102
712 182 423 23801 312
1571 185 639 60724 354
1463 73 639 52123 324
836 167 434 32478 297
1235 29 701 48853 408
653 35 362 28592 302
1330 88 576 58597 428
1075 17 663 48590 333
1394 10 753 66398 302
933 143 454 32770 278
1205 20 755 50873 357
1049 39 698 34573 275
1817 148 943 81924 346
1195 168 634 48791 281
1599 41 674 67555 362
737 137 467 26120 312
524 119 358 16140 274
122 47 161 3533 116
1219 61 661 45530 368
183 123 204 6036 147
1825 167 774 86474 456
1132 38 555 40959 306
770 118 456 30924 304
1760 162 948 73962 359
54 86 82 1446 86
1550 19 640 75696 456
30 134 61 614 58
1749 24 711 73247 339
333 152 339 9491 205
1088 75 612 50250 350
270 127 294 9923 158
1257 141 584 58917 416
1514 60 771 62754 377
701 68 457 26341 260
1501 55 663 55300 319
1792 166 736 67933 444
303 97 305 10608 168
1833 110 925 72028 397
1302 53 570 45622 381
1529 148 910 69168 431
689 121 405 22266 265
278 32 230 8484 199
341 165 244 10597 192
1286 85 585 52777 300
1115 146 681 37391 322
1987 168 881 80344 475
223 7 230 7394 120
313 148 265 11314 156
496 135 359 17363 189
325 121 319 10776 155
1977 59 804 105971 363
1560 59 847 65821 356
1601 129 894 81012 331
1013 106 598 39039 269
1128 119 659 54917 337
851 200 495 35928 336
83 2 117 1923 92
751 13 472 27408 281
1505 70 874 67412 423
244 165 258 8767 139
308 31 260 9395 183
1286 156 781 63147 371
1940 73 730 98811 444
1121 27 514 46394 308
119 149 162 3136 122
500 78 343 15029 200
192 37 209 5126 148
237 110 210 8197 151
1693 159 848 89631 426
443 136 411 12660 180
811 114 550 24979 271
1767 32 971 63929 366
1429 46 856 70988 428
1588 31 649 72201 338
298 115 262 9118 142
1313 180 647 49194 393
246 169 234 7254 152
1358 36 707 61373 390
78 159 114 1913 92
1042 6 693 37174 352
627 173 364 25464 241
131 169 132 3854 125
1571 81 628 61724 324
634 195 392 22408 238
202 151 196 6587 164
671 31 456 24581 217
1386 33 603 65125 416
683 95 448 28825 213
26 9 60 656 46
1089 82 667 46181 296
425 80 304 13215 169
552 141 369 20832 246
1033 157 524 38818 265
827 170 420 32807 250
1273 25 555 60824 296
772 3 497 32028 283
1608 162 711 63297 320
262 21 254 9016 135
1390 84 843 70734 338
85 18 96 2216 87
795 111 488 34145 300
740 150 503 29327 261
256 40 291 6879 135
993 200 486 32273 258
289 28 278 8697 138
461 186 354 16466 226
178 178 208 6084 139
331 82 259 11932 183
1050 114 625 35571 320
1315 17 643 52732 412
296 99 285 9393 174
1380 65 652 53285 431
613 132 357 17804 264
1590 13 752 58029 412
1712 55 841 73640 410
1873 10 1005 72216 512
1040 74 681 34112 259
362 53 292 13636 204
1874 29 763 99515 507
1069 88 558 39173 348
216 29 235 5149 134
1742 41 817 72454 434
158 48 179 4001 143
1380 9 736 50326 413
1705 132 681 60686 463
1190 90 668 53601 331
179 34 185 6132 134
671 108 371 23385 220
889 65 542 36918 256
851 146 546 32280 236
1208 110 754 54290 383
584 137 435 24797 210
1305 5 648 51595 373
829 77 463 37862 281
1764 71 967 89924 407
412 179 387 14222 187
221 18 248 6048 119
380 21 354 14320 158
676 156 447 24956 231
54 59 89 1217 70
58 76 97 1241 73
1794 137 957 93519 383
753 5 519 25820 239
915 3 633 30224 242
14 159 33 329 37
1745 111 868 75010 354
1129 79 600 44471 268
734 66 442 26377 311
227 127 240 6363 137
818 53 612 26835 252
263 161 248 7660 177
189 84 170 6203 132
1013 159 702 44827 293
1590 183 725 70214 462
310 75 307 10435 168
1812 164 747 82268 381
243 125 253 8687 161
1872 129 1022 82519 359
1731 164 959 90787 458
619 132 473 19567 249
1874 132 746 93439 445
1395 116 790 54534 330
443 39 309 17874 218
231 102 244 6699 177
463 129 391 16403 200
1930 116 790 86930 359
662 83 499 22969 305
855 57 537 32400 327
1841 29 856 68498 352
1730 162 703 86896 498
1170 64 742 42001 366
521 112 396 15981 197
771 181 484 29737 327
1252 120 702 42623 364
804 67 526 26640 253
72 19 101 1553 87
628 10 465 26117 269
1476 162 633 56908 446
1645 131 948 76089 342
1402 124 783 64699 419
978 157 663 34882 317
1678 109 846 87378 462
1404 49 579 64779 318
175 65 220 4907 124
1580 54 784 63907 452
469 100 325 14604 247
526 146 444 17035 267
996 16 526 32445 362
742 118 533 28507 278
130 68 139 4240 92
134 49 158 3409 121
1643 173 908 65704 372
840 156 498 26796 319
711 139 559 29521 227
330 14 326 11508 165
178 10 205 5251 121
850 52 595 33575 325
1045 111 715 47053 309
494 16 404 20552 215
1638 20 928 64658 380
976 17 512 38453 265
1724 17 722 72367 437
338 57 241 10102 167
1500 73 613 66112 325
1166 3 627 51768 350
1029 60 692 45413 353
862 17 532 34706 270
453 114 300 18420 223
901 15 500 42250 302
494 124 345 18951 227
431 72 290 15261 167
526 199 339 15047 207
1597 187 763 69965 410
864 130 431 36112 307
822 173 518 37050 277
927 61 627 34931 256
896 86 462 39533 303
1260 67 574 59561 402
196 122 191 5717 150
806 176 508 35593 263
459 86 357 13608 256
1331 88 588 65398 361
1417 108 586 63763 353
753 26 507 24417 288
1477 2 680 53064 409
304 172 321 10285 140
1994 31 975 86265 420
557 106 326 19308 242
240 154 252 6848 172
227 92 261 6675 180
649 41 490 20681 292
1055 25 559 45001 316
1777 39 904 80487 355
1735 7 803 85292 378
1968 42 1060 96659 470
688 171 477 30427 308
968 60 623 42187 328
1613 188 694 59203 477
805 65 487 24744 260
1194 52 588 43758 384
1437 73 665 52526 318
1028 193 696 41216 364
1975 141 938 82414 368
1382 192 660 58625 400
1480 90 752 55438 417
1992 135 1006 96145 376
1096 175 730 38336 391
1085 106 588 42541 305
456 66 338 15466 191
1269 30 708 54534 313
562 123 465 21622 201
1758 22 993 72045 354
1688 32 767 87502 389
1653 6 724 62518 395
1412 180 607 66833 304
493 117 378 20140 260
1732 125 943 69301 412
238 100 228 7870 149
1086 103 679 50188 274
1045 108 667 33853 288
1958 123 840 101817 502
431 175 388 16622 192
590 84 426 23640 234
225 11 268 6293 166
1795 66 687 89870 420
842 113 588 38920 249
303 12 287 9990 142
846 121 454 33472 280
1728 105 737 75117 406
650 15 511 24253 238
339 189 253 10637 213
739 178 572 31208 287
1102 155 580 53414 358
741 194 453 26555 243
1320 137 660 53780 337
1598 169 938 57185 424
238 30 222 6814 154
