77
77
77
3
3
3
462
611
1000
1000
1234
746
1000 923 786 5945 34
1000 903 268 500 39
982 920 156 351 16
986 903 110 93 45
979 916 149 380 37
1000 916 493 1704 109
1000 914 214 822 90
1000 933 379 489 25
995 915 325 278 135
1000 897 123 311 42
257 168 738 2766 259
244 140 440 911 44
270 138 179 216 32
251 168 455 537 203
270 147 389 1384 34
265 157 163 217 51
567 262 844 2942 318
597 256 108 329 55
581 282 166 110 19
580 270 229 191 29
579 262 112 278 51
578 272 349 1807 31
571 285 142 127 21
582 280 382 1098 72
54 747 704 4749 49
58 728 127 459 39
49 722 172 192 79
83 741 290 567 57
84 732 390 696 54
46 734 452 2041 40
819 64 668 1048 90
829 59 454 498 210
841 69 380 1751 90
843 87 235 367 32
850 92 369 2748 158
817 84 115 150 17
847 79 265 230 97
838 69 153 138 92
837 62 326 1403 29
823 61 450 1274 349
835 61 278 1121 158
631 658 887 5548 47
627 633 167 280 70
608 624 151 348 19
612 659 429 1831 64
617 624 419 435 231
629 629 355 755 141
770 769 664 1569 66
768 760 443 379 181
760 741 344 374 146
763 745 124 490 38
761 770 374 658 23
750 754 222 457 35
756 754 253 1210 27
760 758 407 277 96
500 503 608 764 288
514 528 177 238 35
526 492 100 192 43
537 497 172 155 27
516 506 277 822 88
516 496 177 680 19
521 501 317 1372 123
533 503 102 390 27
510 499 220 238 49
518 525 186 462 35
498 522 450 578 71
528 512 307 1795 33
431 705 664 1505 93
431 709 291 638 167
459 709 163 135 21
444 736 408 315 39
427 721 205 1056 86
435 734 361 955 212
447 701 179 559 76
433 727 274 689 38
429 731 373 440 137
426 718 469 3012 34
443 728 169 776 88
920 786 574 2776 233
913 788 244 334 27
904 778 255 490 49
903 806 330 515 47
906 776 277 578 24
915 771 450 2496 74
916 774 135 429 12
922 795 204 733 73
915 782 197 757 92
919 772 275 353 71
940 174 560 3815 232
961 155 279 362 147
958 147 452 313 57
958 157 285 611 28
941 182 218 495 25
931 176 139 240 15
936 148 331 687 115
954 157 340 783 99
947 181 270 229 89
941 172 282 1597 100
562 430 640 803 124
567 397 266 298 25
577 406 320 377 104
563 421 337 414 92
553 431 180 881 105
579 425 459 645 228
411 485 762 6768 165
429 494 359 277 75
410 495 268 1199 55
413 480 357 1450 222
415 498 226 754 38
407 493 265 799 29
409 494 364 1977 39
0 142 655 2920 113
14 153 489 688 39
0 151 152 576 20
9 153 290 909 25
0 150 409 2242 219
0 153 312 252 134
14 145 370 1447 85
0 151 499 2879 113
0 162 403 1251 103
0 154 234 298 22
0 129 386 998 31
0 148 138 433 17
189 480 582 910 41
189 498 432 1873 31
214 483 149 148 92
187 483 329 1437 76
210 491 408 1427 313
193 492 133 616 59
203 470 347 1121 134
830 633 630 879 34
853 657 412 448 175
861 654 387 364 142
825 655 200 188 54
850 645 383 836 58
832 634 290 588 64
841 655 463 2959 157
822 645 153 324 65
828 645 155 160 20
349 81 734 3210 41
333 82 398 2460 96
353 82 228 217 34
341 87 207 462 67
333 74 273 523 105
364 86 339 436 27
37 408 782 2873 400
73 388 280 904 104
67 386 184 755 132
73 394 367 356 94
59 379 206 312 57
36 393 439 2477 282
49 374 249 434 37
73 381 125 162 31
66 374 358 1293 32
382 606 912 4157 418
398 587 485 1581 26
368 600 395 2209 22
390 594 422 951 69
377 613 183 464 55
381 586 203 913 40
373 616 441 1443 80
368 605 411 942 188
379 581 413 434 227
401 601 336 1515 81
723 831 752 5646 36
746 825 413 1437 106
755 827 300 1467 28
759 844 201 351 85
721 831 329 876 179
728 846 157 693 99
750 857 122 379 56
721 840 325 1994 159
743 830 231 253 145
735 848 237 266 83
735 849 198 172 126
734 847 262 634 122
757 933 692 1858 505
768 934 478 774 157
755 913 425 375 48
760 941 325 909 54
744 919 174 1162 56
764 939 362 1079 31
745 944 377 341 245
770 949 245 703 32
764 940 109 589 24
741 913 404 540 31
772 915 191 225 115
374 836 877 4337 230
381 874 290 288 168
363 875 254 641 50
384 863 200 873 160
369 864 341 2662 65
354 854 149 952 35
391 863 312 498 140
359 858 324 651 92
369 838 275 252 60
361 838 376 2324 38
551 221 587 895 185
531 187 296 1223 48
525 218 317 1634 142
519 195 460 558 41
534 188 181 214 24
550 218 207 476 104
530 218 210 632 61
531 192 149 139 33
513 192 307 334 38
298 517 864 683 85
300 530 327 342 52
318 537 144 477 89
315 517 368 338 29
298 508 121 498 55
307 526 206 278 23
291 515 110 145 30
698 381 643 3581 157
703 395 293 361 213
699 402 295 527 170
683 384 361 1383 269
677 392 339 777 167
696 388 314 1020 115
671 380 161 957 22
699 398 209 437 59
664 394 116 176 75
698 408 427 1336 117
688 400 403 323 214
168 82 873 4424 152
172 78 215 191 73
157 75 188 765 46
187 58 370 389 113
165 71 364 978 142
171 69 381 321 129
194 75 193 132 44
584 1000 732 2793 328
608 983 267 976 130
596 990 376 2754 69
580 994 146 387 57
594 981 446 778 29
583 1000 155 301 18
95 33 573 570 71
107 26 380 1871 155
88 21 359 903 30
122 18 184 144 78
91 44 153 356 48
97 45 182 711 78
116 45 215 271 80
94 33 251 678 32
101 29 127 89 24
117 15 212 213 66
27 67 878 7487 144
30 83 400 2750 151
35 84 368 971 57
11 87 344 1444 194
38 83 446 366 103
27 78 100 126 35
13 59 418 679 120
12 84 244 570 30
932 408 803 792 279
951 372 357 979 58
937 403 409 943 122
954 378 196 173 17
960 385 220 465 43
935 383 418 1123 52
945 373 450 2083 125
952 392 433 376 56
959 409 453 652 164
487 777 883 2956 270
497 753 395 382 182
508 786 123 418 55
491 788 424 1674 29
491 765 435 1149 76
503 761 360 937 96
499 780 307 1116 71
239 858 587 1973 68
224 865 491 310 54
237 869 435 307 57
245 861 444 290 25
226 846 234 410 42
216 836 300 808 21
960 81 929 2823 295
955 103 254 743 27
958 102 110 220 42
951 107 132 209 18
978 92 318 1524 38
951 94 249 230 32
967 85 182 760 67
976 84 292 1150 35
964 80 194 1113 21
954 94 444 2190 55
108 683 590 1350 144
118 676 231 385 92
111 689 431 1047 63
115 650 222 188 70
121 657 238 405 92
133 676 256 647 95
114 663 332 373 44
128 650 297 1381 150
123 658 323 1441 40
278 441 907 5517 205
275 441 288 351 88
258 446 266 407 51
280 443 127 300 29
290 446 366 1040 36
258 438 293 275 157
280 439 162 218 39
269 411 165 163 91
284 430 252 327 44
784 474 605 2955 101
800 471 221 638 96
808 465 461 845 53
782 492 248 426 24
810 473 455 826 177
799 478 334 1040 83
795 500 422 424 78
787 490 239 668 46
106 528 720 2971 131
121 516 233 194 134
97 527 219 533 22
113 514 405 3028 58
105 542 187 368 58
110 530 162 188 94
93 506 215 1322 35
185 293 701 510 198
205 293 121 528 15
197 271 301 500 90
205 268 317 1096 39
195 268 163 370 64
189 290 126 370 48
190 298 364 354 29
218 267 191 473 93
201 274 302 396 152
504 335 550 2509 114
471 315 236 192 42
475 316 398 682 78
479 329 288 1156 24
494 345 487 576 111
476 337 385 469 249
473 324 353 2213 52
492 339 249 368 188
477 342 185 786 26
503 350 109 210 59
493 331 215 213 45
474 631 850 3438 119
454 614 416 1973 38
444 644 458 1204 31
457 641 293 540 20
453 622 423 382 29
470 611 489 322 54
464 625 277 329 31
470 622 128 212 69
480 625 497 569 99
976 577 617 792 46
1000 560 482 666 227
994 580 325 1308 114
996 570 487 2665 47
986 564 412 1114 30
1000 551 148 455 16
980 567 254 251 75
974 552 306 1150 56
1000 577 193 508 58
992 583 133 188 64
977 570 276 1131 47
975 551 359 1389 21
726 39 801 1619 313
701 75 262 476 120
720 72 412 437 29
733 63 473 1435 130
703 48 268 1286 148
733 42 402 1431 44
723 53 383 257 29
722 53 312 1020 38
732 57 314 189 123
702 45 238 265 17
709 49 203 958 36
727 64 341 877 31
341 934 605 1454 123
338 915 423 562 175
344 930 416 980 70
336 908 425 283 220
334 925 160 106 25
332 919 374 588 135
347 927 405 618 35
341 937 272 915 63
933 925 560 2119 81
923 948 343 594 196
932 951 480 1636 31
939 936 159 346 109
939 926 288 379 181
920 915 195 596 64
785 193 935 3953 289
767 195 351 1816 29
776 209 210 303 22
782 188 260 188 143
767 185 174 668 39
772 213 207 193 22
759 202 160 383 32
769 204 443 1691 285
761 220 284 671 29
752 200 412 1806 138
773 209 176 896 29
3 256 939 825 130
20 269 220 942 42
9 262 435 370 135
24 257 487 394 123
18 266 260 358 47
20 277 316 727 173
0 275 371 733 73
30 285 479 3009 155
29 273 109 149 24
0 264 324 816 119
404 959 658 485 89
431 965 415 410 160
411 960 301 908 34
421 975 243 1475 36
424 972 406 1375 120
396 967 366 459 67
430 980 190 285 92
409 984 189 967 45
420 987 210 433 66
413 979 142 465 32
422 973 281 776 59
406 976 431 730 54
312 579 752 943 91
314 586 384 1873 30
306 593 340 269 34
295 591 444 1573 47
300 587 249 648 78
298 606 216 780 55
293 573 314 2365 31
299 585 494 1085 218
315 598 279 523 42
326 581 167 389 112
330 583 174 1061 25
326 588 183 386 19
538 715 787 925 61
528 693 485 2868 224
555 695 465 1465 55
519 697 484 632 50
539 719 337 580 33
555 685 171 1079 25
541 706 192 281 44
552 700 255 1169 186
552 707 125 167 49
325 360 941 8695 221
335 392 170 174 103
327 395 248 1583 38
310 363 287 1463 113
333 390 471 3507 300
337 392 470 1886 46
321 360 267 663 113
313 358 343 320 28
329 373 270 1452 30
339 388 236 223 187
325 394 404 2455 39
316 697 800 2633 190
311 706 328 360 68
305 677 359 1249 84
317 697 395 331 64
311 681 383 1654 44
315 704 437 1961 50
292 700 459 3219 149
294 700 357 984 32
290 688 447 550 44
290 679 188 598 118
300 690 356 478 272
313 671 256 271 140
346 742 785 2104 108
337 742 290 295 79
344 745 136 214 48
343 761 378 560 112
341 763 130 397 92
372 729 392 382 26
365 758 311 239 21
342 743 256 580 27
112 191 923 7483 99
128 199 276 285 43
150 186 323 196 76
116 177 318 1426 75
121 190 114 463 31
142 168 126 88 14
138 189 212 956 84
130 182 461 463 140
116 198 179 357 30
951 862 640 5112 315
988 858 153 553 123
977 867 302 1555 46
976 838 117 520 47
966 836 287 387 26
971 849 390 904 35
973 858 247 397 171
983 851 191 967 118
982 874 215 233 49
974 863 365 1706 85
951 849 268 823 46
961 872 102 123 20
698 240 578 1564 347
687 229 246 707 22
698 259 445 318 50
692 260 175 366 74
688 262 493 993 178
682 241 498 2740 31
670 256 179 203 51
675 258 333 1957 132
700 243 289 1611 43
697 258 464 1069 199
692 244 446 355 121
700 238 149 294 102
809 811 827 1373 542
823 798 476 616 153
824 827 255 810 59
819 808 323 1362 212
818 792 104 127 15
817 807 318 429 48
808 800 293 572 55
793 800 248 348 42
816 790 483 880 247
809 817 228 768 143
469 209 663 4816 80
449 244 165 552 42
481 246 488 1442 69
467 245 285 721 52
479 216 286 341 156
466 221 323 305 74
642 130 725 4725 69
615 106 352 543 30
638 115 319 1449 30
631 125 366 1476 59
617 118 172 731 75
622 114 305 683 171
640 111 302 541 152
866 435 605 490 325
890 466 276 610 77
863 440 290 1655 26
866 439 200 291 36
866 442 464 468 66
860 444 240 217 51
854 455 381 1739 279
869 448 246 539 119
581 538 905 1005 172
595 529 287 276 126
599 537 388 1611 50
576 561 232 591 44
565 561 112 199 13
602 534 263 1221 76
567 549 245 634 80
573 556 255 850 133
572 535 265 447 66
596 565 125 166 40
581 553 191 328 42
595 560 358 1754 91
230 364 707 1414 120
239 347 227 524 154
241 340 355 780 155
257 348 376 597 31
230 360 237 320 100
243 366 373 979 56
513 40 860 5104 71
527 29 304 1759 172
500 24 328 989 85
502 15 172 212 134
536 47 338 1188 25
501 49 185 695 25
757 326 779 2957 257
742 299 485 403 77
768 298 448 1329 111
762 303 389 1276 85
781 321 108 114 44
744 301 248 270 26
744 306 291 1880 102
781 296 437 1569 217
771 324 100 445 21
781 305 486 468 72
966 318 730 2515 152
967 340 401 782 230
971 325 404 1056 164
935 324 248 1565 43
939 303 411 712 58
933 326 204 966 149
950 336 177 387 20
966 318 170 385 70
935 311 365 322 105
940 309 339 731 49
969 342 487 3157 123
956 307 226 210 145
974 999 919 3073 71
975 986 221 260 25
962 1000 343 1659 174
972 976 250 581 59
946 988 155 209 54
966 993 213 160 48
975 1000 478 1085 41
940 999 437 1614 252
940 1000 469 795 80
950 976 355 770 23
835 226 619 2316 39
866 233 401 584 118
845 228 487 3361 42
845 249 207 449 58
841 251 447 565 36
860 235 333 726 42
850 236 374 1061 180
856 246 386 363 84
862 237 175 419 90
899 538 937 1967 131
900 543 477 1191 62
900 532 358 1917 42
895 562 386 572 39
928 558 316 1116 30
933 568 135 401 17
912 557 111 207 24
899 569 277 282 103
900 543 474 1262 98
901 562 394 2186 58
933 567 138 461 17
902 563 381 537 40
542 861 592 976 65
554 871 280 288 45
543 865 259 1076 153
555 862 120 506 33
529 891 129 483 64
531 883 245 1343 42
540 885 417 683 251
534 869 458 540 95
555 884 415 1667 82
525 880 123 495 46
562 879 411 393 64
88 993 674 813 338
94 984 466 779 196
66 1000 398 1256 209
94 996 219 525 62
63 984 365 595 67
89 979 326 1970 146
117 764 851 3682 57
119 797 414 703 46
111 788 307 2210 121
135 785 226 469 23
106 776 374 379 103
119 792 416 388 44
108 799 411 614 98
110 786 155 558 79
113 778 205 1127 84
141 764 316 1241 65
133 768 445 1072 200
45 841 744 2350 182
44 828 445 990 75
71 816 233 838 30
37 830 165 203 59
68 810 387 1351 35
65 838 303 1480 93
47 822 172 429 49
42 815 162 280 25
73 834 426 405 206
284 12 579 3122 110
277 34 452 845 23
291 13 300 394 85
291 37 276 202 67
278 31 196 282 57
270 33 301 364 129
270 21 117 152 13
267 41 414 325 189
258 5 411 418 88
295 27 377 1166 30
603 914 694 6195 358
637 923 219 720 165
630 916 103 205 72
625 912 495 2621 36
600 947 269 921 41
601 920 405 651 33
607 932 146 170 116
634 943 281 1562 135
636 945 487 1278 81
621 928 160 582 67
625 949 307 947 64
607 940 487 1932 125
389 304 780 1979 229
355 309 183 213 24
378 301 136 506 29
388 304 382 1507 61
375 318 329 465 23
355 296 351 1016 199
372 286 459 1989 95
375 298 379 1948 147
362 287 458 348 134
377 283 177 548 52
368 280 426 298 62
261 730 834 3512 38
257 752 319 677 58
243 719 211 552 22
247 724 410 552 25
226 716 489 1271 59
255 716 212 867 24
189 357 592 2038 41
192 387 296 950 50
204 388 390 836 139
187 369 124 201 39
166 393 490 2321 181
191 383 250 667 28
180 377 177 313 98
171 373 161 218 107
188 391 245 442 91
203 356 483 1020 47
195 365 142 238 115
155 243 789 746 183
151 254 291 488 47
119 270 392 1636 40
154 245 479 4116 68
132 270 218 262 27
148 251 475 3229 35
131 237 309 881 146
133 263 128 155 74
135 259 374 1270 66
174 156 668 562 155
170 141 174 189 94
177 134 108 151 32
185 126 455 914 44
185 136 169 267 122
192 121 295 2010 109
194 128 457 1338 219
218 681 773 613 70
201 680 454 550 95
237 669 335 456 33
229 646 218 1132 74
215 657 170 565 56
199 670 487 1489 102
216 671 472 1213 79
201 650 405 459 64
202 660 273 415 190
470 100 575 703 41
479 121 428 624 147
497 116 346 248 103
469 106 140 375 24
494 109 251 276 165
497 101 247 351 83
469 99 316 710 106
501 88 158 813 73
489 114 375 497 42
170 891 632 2331 148
167 893 435 1234 229
161 885 328 491 20
168 892 427 298 240
182 904 210 1153 68
180 907 133 522 19
183 890 299 1300 28
186 913 195 483 22
170 892 422 1893 190
169 904 125 161 74
181 918 468 496 137
192 889 266 316 27
