32
25
25
5
10
15
270
300
1000
1000
2101
900
688 290 383 5269 306
79 123 236 3797 238
134 719 310 6726 209
95 97 214 2636 162
714 825 409 8337 349
239 102 214 2846 135
113 74 274 2601 190
435 225 171 2074 133
241 285 69 402 52
815 870 462 7030 267
725 638 409 8198 254
266 314 39 203 48
692 413 275 5556 286
565 68 266 5477 249
232 253 85 779 91
996 795 632 12362 368
398 791 451 4907 285
612 118 335 3485 177
306 262 104 566 61
485 866 447 8428 282
852 618 489 9581 212
252 209 103 884 134
108 80 270 3144 210
71 327 180 1978 114
511 851 434 6090 203
693 324 349 5229 167
587 311 324 4826 172
442 233 166 1816 144
548 208 254 4548 170
637 583 397 4847 287
843 836 507 6498 230
279 301 32 184 32
340 178 153 1563 120
486 402 245 2960 206
127 823 381 7679 198
902 326 349 6937 292
228 108 195 2896 130
569 675 361 5507 180
961 853 618 12098 319
120 503 206 2951 143
224 337 86 555 86
53 198 200 2157 151
179 317 129 1135 127
386 190 173 2388 157
206 519 222 2988 223
202 332 100 918 117
334 266 103 944 91
59 588 252 4811 268
391 354 155 1872 126
643 166 279 4899 278
256 826 396 6452 304
182 828 379 5089 205
866 155 424 7685 367
1000 263 477 10450 262
898 288 507 9301 235
90 359 217 2176 134
473 282 211 3152 135
591 344 325 4356 161
135 614 244 4120 276
157 286 135 1290 91
284 187 127 1770 130
678 250 341 6190 191
920 717 413 11041 361
769 542 429 4602 262
625 602 399 4022 252
130 613 251 3365 215
66 149 259 2787 166
301 713 277 5529 293
288 305 53 320 61
191 420 181 1588 155
292 384 102 1092 82
541 702 390 4713 241
272 300 12 160 20
771 536 331 7114 338
275 401 115 960 124
1 553 355 4227 277
585 427 257 4452 220
357 581 295 2505 181
345 465 203 2055 149
124 504 221 2558 206
822 60 390 6000 233
988 990 620 9521 469
666 213 331 3359 194
694 385 367 5540 236
789 467 401 7025 286
242 221 126 1291 102
253 329 73 622 82
161 412 200 1686 101
348 179 142 2067 130
523 844 375 8488 244
634 151 346 5585 246
559 63 252 3802 269
248 292 50 272 47
479 617 341 4472 189
488 390 205 2395 171
447 239 197 2856 138
796 422 380 6056 200
58 176 258 2341 213
52 270 242 1947 197
303 364 100 1002 114
287 269 78 485 56
667 23 403 5896 187
261 930 426 7739 250
680 254 355 5178 244
373 298 153 973 107
249 331 61 399 60
888 773 497 9140 393
154 279 130 1728 152
468 756 426 4247 326
286 304 45 306 34
237 336 71 860 103
764 557 341 5440 326
87 109 217 2524 219
394 194 191 1928 148
61 164 198 3214 165
633 590 400 4958 272
244 334 84 497 67
278 277 43 378 63
337 267 111 777 118
321 485 170 1948 149
832 661 425 8213 208
545 952 447 10145 306
262 299 22 203 32
552 691 353 5892 182
452 490 278 3207 155
76 595 296 4739 280
491 978 475 9194 306
310 81 245 3159 119
263 319 46 389 38
207 421 136 1787 144
50 229 269 2811 214
948 78 544 6848 373
720 819 396 6214 349
641 750 383 6764 303
369 435 201 2195 111
717 87 329 7507 298
546 52 299 5076 217
335 592 231 3613 154
489 356 180 1938 152
175 157 185 1695 128
298 315 53 486 54
574 76 372 3167 194
550 210 221 3287 209
231 724 366 5797 189
424 215 175 2372 160
281 302 31 249 41
991 522 475 6224 262
513 725 317 5803 217
382 313 117 1126 86
390 559 213 2670 163
623 605 320 7015 215
652 183 377 6128 180
49 460 291 3138 197
118 69 220 3968 162
106 82 295 2543 194
172 416 187 2410 126
807 704 518 6878 367
584 297 267 2937 214
245 333 86 522 57
731 110 328 6573 183
746 599 423 7001 244
17 428 307 4346 164
867 578 483 8842 300
112 75 228 2407 156
482 12 352 3846 210
735 117 304 6358 279
62 810 370 8088 224
80 120 204 2643 161
533 554 269 3042 157
67 811 389 7807 343
255 206 115 1476 98
204 933 370 8135 324
465 466 252 3629 137
269 307 24 158 21
41 912 511 9131 207
371 184 166 2230 102
304 361 95 669 91
568 246 298 2644 165
280 718 293 5523 207
133 398 216 2627 152
81 119 295 2511 179
158 34 213 3481 173
387 392 140 2307 138
328 264 90 1110 118
339 470 211 1632 142
864 586 534 7131 330
270 296 16 144 26
307 346 98 655 107
102 495 196 2713 189
77 126 266 2357 155
434 1000 453 9192 287
455 114 204 3003 163
392 904 440 6064 322
642 574 305 6139 186
469 272 219 2365 194
368 291 155 1249 82
45 805 353 4863 260
150 39 301 3534 219
148 236 140 1545 150
332 705 292 5768 260
247 98 218 2697 146
233 419 153 1224 167
115 821 351 7906 212
506 153 277 3671 173
110 926 477 7229 316
695 378 303 6383 203
544 831 343 7223 350
856 127 391 7598 199
195 621 269 4131 234
177 518 273 2458 204
983 555 509 7366 367
149 256 164 1546 169
876 790 591 9325 263
341 468 175 2575 196
142 46 252 4100 147
872 562 397 7758 369
854 122 358 9031 301
555 824 411 7208 207
156 283 171 1242 117
674 497 418 4757 201
689 49 350 6097 266
420 211 194 1568 194
299 316 61 542 79
829 72 348 6556 282
365 287 137 1180 86
82 484 236 3354 176
376 799 443 6044 282
994 226 499 7305 281
590 339 227 3180 178
798 351 463 8100 229
119 502 222 2781 163
970 600 491 6846 301
234 242 114 1116 114
235 274 69 729 71
351 458 214 2465 158
538 192 218 2702 192
653 552 292 4211 194
561 683 431 4981 267
597 921 504 9379 341
268 406 113 1023 99
875 182 440 8158 262
698 681 480 7114 306
125 393 173 1534 188
377 303 135 1009 146
384 85 230 3529 125
949 656 482 11164 282
992 214 479 6241 245
331 920 390 5744 205
681 473 404 6215 179
37 802 455 7674 278
441 506 209 3259 212
55 699 354 4712 262
670 223 387 6107 293
887 775 504 7081 368
767 547 390 7713 327
230 107 215 2411 173
238 280 76 456 53
380 188 150 1485 106
581 445 348 3036 202
763 769 442 8270 266
174 312 148 1447 123
899 440 500 9467 240
519 167 253 3301 236
203 829 431 4743 316
374 426 190 2489 179
103 86 252 3965 231
567 244 274 3363 227
311 491 188 1900 157
572 477 326 3357 207
699 680 398 6126 343
183 418 158 1921 104
114 715 282 3923 191
586 309 250 3087 235
786 251 338 5048 291
289 306 58 425 64
967 842 482 7685 421
556 220 238 3263 151
430 520 244 2544 218
848 987 444 7742 391
330 265 104 1040 80
117 386 196 1613 163
412 785 336 7092 293
28 16 303 3491 182
881 201 509 8158 227
682 40 308 4281 282
385 321 169 1619 140
901 751 459 8918 240
184 145 203 1893 153
94 363 235 2123 125
54 191 227 3699 136
438 228 184 2289 174
251 722 313 3916 304
733 625 483 8315 291
168 723 312 6236 247
859 135 378 5956 320
576 464 319 4141 238
427 100 262 2272 176
354 455 216 1981 161
989 529 401 10678 321
25 569 256 5378 188
794 293 384 5632 271
679 252 382 3709 294
264 318 44 329 51
0 674 323 4864 234
984 817 545 7887 315
957 635 402 10715 252
656 878 472 9967 256
104 496 240 2440 194
883 950 440 9443 299
528 38 362 3660 188
461 258 182 2204 118
389 794 405 7715 292
462 472 286 3356 230
926 899 463 11964 296
476 9 257 4361 237
784 241 369 7096 278
542 540 309 4391 182
360 579 289 2721 164
370 573 220 3984 227
718 651 413 7332 264
355 582 312 2741 171
429 521 211 3760 243
889 498 395 9409 227
502 150 245 3044 209
366 438 160 1497 153
893 478 393 9045 335
588 409 315 3673 165
457 1 299 4927 231
580 451 255 5065 237
18 29 364 3994 201
616 616 302 6862 184
6 902 428 6635 258
139 615 334 3686 183
963 849 582 9660 414
814 45 372 5544 350
375 688 361 5285 238
520 168 221 3607 232
614 776 373 5633 204
295 380 112 1124 130
487 335 239 2880 202
938 56 551 7780 250
305 330 91 468 84
297 376 96 1337 97
942 64 496 9417 269
788 7 438 8457 257
325 597 321 2585 212
84 922 453 6299 342
636 893 517 7019 254
415 666 317 3461 259
169 415 156 1942 182
910 2 544 10402 234
825 857 400 11283 345
952 88 440 6754 296
129 395 150 1932 157
500 974 548 9052 370
254 207 129 1006 86
395 678 351 5379 234
534 708 334 4137 180
277 278 52 263 54
570 483 354 5380 193
939 59 416 8140 288
63 310 228 2705 195
250 294 41 349 63
624 604 413 6957 279
418 534 259 3709 204
146 511 249 3489 146
833 658 417 5839 349
919 909 511 7292 244
51 261 227 2031 203
29 441 237 3446 175
558 62 306 4807 198
361 694 365 4122 259
159 411 159 1861 134
512 969 423 5838 379
659 197 309 6090 168
410 93 276 3739 135
98 368 199 2668 188
97 367 199 1642 178
862 142 455 5746 324
955 642 558 9087 240
719 649 335 4682 194
222 112 238 2203 166
276 400 143 1111 144
573 670 313 4717 249
932 891 506 13458 402
443 770 411 6017 217
791 10 361 8879 327
668 219 363 3704 274
741 128 416 7015 316
973 589 510 9306 250
521 571 303 4810 184
903 365 505 7945 230
505 24 342 4105 191
421 531 299 3731 216
995 232 448 7550 404
646 745 370 5151 246
779 510 433 6188 207
285 611 285 3437 234
314 489 236 2687 114
192 137 162 2284 115
176 21 255 4547 241
267 720 305 5790 242
475 752 436 5539 292
437 652 352 3930 175
999 476 430 7473 298
474 446 198 2526 218
449 883 401 9101 227
99 493 237 3047 238
160 32 311 2948 158
563 942 416 9402 227
607 914 492 8967 250
663 19 306 4607 248
844 101 396 8082 236
986 813 606 7606 369
766 550 379 7177 208
317 487 167 1864 178
15 563 259 5321 278
799 360 401 5999 255
35 575 247 3654 157
483 13 360 3135 176
243 417 123 1715 110
918 17 489 7311 343
151 268 128 1344 142
89 601 299 4425 254
406 672 262 5625 183
980 566 480 9562 315
589 328 249 3367 241
378 567 247 3146 173
672 997 417 7862 335
549 527 323 5284 223
417 95 272 3292 145
696 58 396 5475 271
136 509 245 2326 189
543 199 260 3108 242
293 383 129 1046 104
43 580 250 4040 214
797 325 317 5031 258
453 765 376 4822 253
742 606 351 4960 251
57 177 232 2451 161
10 793 372 7906 303
145 405 216 1527 179
467 628 299 3657 220
359 448 213 1811 145
313 710 318 5102 237
982 174 499 6094 352
294 381 111 1075 129
347 916 417 8804 332
282 612 315 3935 247
857 132 366 8018 239
440 650 287 5518 279
216 116 204 2064 178
458 481 241 2452 208
296 499 177 2393 145
816 48 362 5327 290
509 156 220 2847 235
531 41 323 3026 227
551 525 302 3856 268
68 322 223 2654 134
350 459 169 1632 187
981 172 530 9576 389
806 880 415 10738 246
83 349 224 2249 181
858 977 536 10955 445
583 295 272 3819 179
166 28 242 3627 215
644 746 451 5610 193
19 26 336 4212 241
388 389 205 2054 98
478 984 412 9973 381
507 25 336 3100 238
36 449 215 4171 182
338 471 184 2080 188
600 639 418 6424 185
915 726 525 11215 346
959 630 507 10058 347
312 923 406 7217 256
575 469 239 3992 193
722 644 475 5152 321
170 932 381 7541 318
144 44 256 3456 177
246 99 235 2142 183
490 139 258 3561 147
648 3 292 7339 312
407 92 241 2920 147
24 20 340 3345 228
557 687 356 3944 212
153 276 149 1817 132
912 733 513 11568 227
402 548 235 3516 147
383 407 200 1609 163
675 994 411 9761 355
152 205 143 2282 169
88 355 240 2799 196
198 130 168 2106 133
768 544 474 6826 281
525 37 341 3537 282
349 273 126 1067 134
993 983 561 14573 285
697 682 358 6896 223
167 516 276 2111 134
503 593 252 5243 273
950 655 568 7662 241
744 603 368 7693 232
271 929 428 8361 333
495 738 329 5834 236
283 928 479 9445 363
13 423 308 2953 150
621 609 399 4891 308
539 193 242 2720 211
836 998 472 7682 247
729 631 370 7851 253
419 96 214 3293 149
356 806 402 6435 260
803 711 388 9396 259
592 924 389 8027 369
302 366 96 1133 89
885 218 346 7526 351
69 144 266 3625 187
579 453 341 4668 150
795 430 389 7998 264
480 749 316 6446 297
259 202 141 1006 131
31 800 434 7798 338
381 410 164 1889 178
762 560 351 5298 314
882 782 435 9283 230
300 372 122 899 73
324 707 358 5786 239
451 766 385 4213 327
181 620 300 4937 263
892 248 466 6347 249
707 667 413 8671 193
998 482 524 8958 394
820 55 392 7973 349
7 558 274 5028 245
501 22 361 4891 179
450 111 240 3828 234
748 594 457 6424 321
790 732 498 10089 345
372 83 270 3336 189
200 8 318 4061 256
868 966 493 11895 313
173 160 212 2328 117
446 237 200 2863 172
363 693 376 5840 296
39 452 271 3911 151
632 591 401 6389 184
155 195 141 2179 139
758 570 446 7820 336
554 217 255 3314 252
945 70 429 7318 308
236 275 83 777 87
209 121 192 2526 180
594 646 433 4999 247
274 508 251 2745 120
778 514 446 7412 280
162 515 245 3305 208
93 362 217 1684 204
582 803 439 5191 254
934 890 505 13221 259
265 91 191 2962 209
655 546 331 4867 239
922 714 457 6467 383
566 243 231 3432 257
895 937 456 8634 383
781 231 392 7283 303
460 761 350 7591 307
128 394 172 2430 153
900 754 499 8139 317
456 115 274 2419 210
976 830 542 9876 313
522 170 227 2777 235
220 0 256 2789 232
691 51 427 5541 291
416 896 392 7623 232
747 788 453 7335 332
496 860 437 5164 204
346 587 218 3301 223
38 4 284 5011 280
773 204 403 5874 240
838 648 388 6593 275
676 492 415 3844 259
835 654 402 7005 349
186 323 106 1217 115
846 632 413 7638 242
515 163 228 3683 187
671 716 445 8248 306
497 736 386 6924 240
205 125 174 2845 180
608 113 282 5341 169
477 619 311 4585 182
654 186 360 4935 221
470 626 318 3706 272
897 935 622 10807 409
601 637 323 7188 246
711 77 398 5987 215
647 564 313 6930 208
775 212 321 7424 287
291 501 240 2269 209
812 873 557 9647 375
23 568 244 5332 168
143 404 162 1459 167
761 771 541 6559 357
841 94 450 5753 297
706 833 450 7420 284
577 461 263 2896 221
78 124 247 2246 131
894 763 420 6980 266
8 903 446 8710 216
809 701 449 5560 234
105 375 182 2595 161
100 90 210 3789 170
516 848 411 7647 197
540 543 340 4395 258
422 662 375 4365 176
974 148 448 8405 254
320 815 328 7650 335
782 743 516 9505 346
2 676 418 6857 208
793 14 352 5791 243
327 596 223 3379 141
107 377 169 2307 147
622 131 312 3251 165
700 677 396 6500 282
116 71 230 4237 138
651 181 298 4266 184
326 480 161 2482 167
171 517 188 3133 179
730 953 550 10407 277
863 809 521 9988 383
258 203 112 1531 92
684 43 424 5781 296
865 152 433 8718 199
86 816 406 6290 262
32 689 388 6807 186
774 755 415 9390 321
498 146 262 2792 184
886 512 509 5839 294
690 692 403 5289 219
780 505 433 6582 350
839 996 539 10942 244
358 450 199 2460 167
165 414 208 2434 158
738 798 389 10351 306
813 695 512 8594 228
131 507 270 2481 174
947 660 473 7882 225
537 835 352 8122 307
74 133 227 3830 164
362 284 147 949 95
658 541 350 4156 267
743 941 407 6654 415
466 989 528 7872 339
936 887 506 8210 292
481 424 208 3419 188
122 822 458 6119 308
650 5 333 6940 225
30 442 248 2652 194
367 437 181 2461 169
536 706 345 6370 272
792 894 487 9314 250
316 709 274 5525 172
610 780 339 5042 328
14 33 290 3726 167
22 685 329 6955 271
436 104 239 3527 220
65 154 218 3570 221
510 852 439 4907 313
353 807 443 6146 239
828 668 380 6025 332
454 247 236 1929 139
564 238 310 3482 199
830 664 494 8037 236
757 162 358 5155 214
109 79 208 3342 135
101 89 237 2438 213
946 874 508 9422 316
425 892 510 7883 348
953 864 598 11572 406
977 577 406 6793 332
602 106 313 4328 191
553 216 298 3977 242
413 538 293 2650 244
877 957 448 8930 282
401 901 422 6559 353
3 50 362 3801 199
627 764 461 8897 262
34 690 341 6171 245
760 772 476 6813 315
164 175 200 2340 149
840 645 450 9713 269
308 180 161 1577 137
428 523 227 3737 241
529 712 413 6689 200
471 872 464 9138 273
48 696 310 6657 182
426 779 330 7284 255
336 812 454 4987 227
514 30 267 3533 183
318 486 197 1941 135
736 801 469 9052 251
660 200 360 5505 195
547 532 285 4464 246
126 61 261 4287 239
147 931 360 5933 269
188 141 154 1606 110
673 234 301 3816 220
685 988 544 12016 269
379 84 278 3637 172
571 938 435 9249 269
121 65 227 2940 208
873 962 613 12396 411
123 391 182 1569 140
896 760 589 11326 271
64 918 476 6318 355
578 665 393 4336 218
42 804 433 6097 314
971 598 579 7595 360
727 955 418 9553 381
12 36 368 3027 223
439 105 220 3489 152
879 786 549 7297 298
459 636 362 4118 215
928 898 434 10079 331
826 66 353 8765 349
869 572 479 7305 249
404 673 318 5775 280
524 173 301 2979 218
257 513 212 3073 145
749 143 336 5229 184
723 959 554 7286 368
870 964 514 8744 263
598 641 375 6683 264
187 15 308 3906 223
290 185 144 1326 98
593 647 357 7116 275
463 759 352 4513 204
493 861 361 8209 228
333 475 182 1730 162
344 700 320 4683 257
60 169 194 3709 218
560 820 413 5669 213
805 881 416 8856 321
664 526 326 4510 203
132 397 160 1889 139
704 973 549 8689 391
329 479 167 1845 169
785 739 430 6521 305
604 917 479 8677 252
432 222 208 1633 168
740 610 453 6824 221
20 684 358 5538 194
518 847 469 6832 346
750 147 306 6495 301
837 843 441 9620 246
517 576 295 4314 167
997 240 384 7256 217
937 53 531 6239 399
708 970 516 7631 341
891 245 441 7691 229
141 47 216 3757 172
464 876 370 7178 348
492 140 284 3856 195
562 818 465 6186 363
849 624 400 7892 331
860 138 363 7316 224
609 627 346 4632 231
734 623 404 5863 309
913 731 493 6498 372
687 697 421 4820 215
817 867 570 6786 265
445 884 386 8931 289
21 907 417 9659 312
751 783 407 5659 331
770 196 354 5651 219
810 875 444 9586 417
855 980 606 13021 432
821 863 432 9910 412
405 900 441 7511 295
956 859 448 8159 424
414 537 263 3821 144
194 11 300 2484 144
657 877 488 10222 386
710 663 360 5880 263
46 457 239 2387 154
508 729 371 5987 312
990 528 515 7522 378
193 136 166 1851 141
705 834 396 9378 371
91 103 287 2823 135
448 767 306 5847 232
755 778 506 8906 282
904 747 588 7343 245
433 889 371 6456 217
924 27 398 6864 265
444 885 422 5730 293
595 792 385 8926 280
756 159 421 5296 310
808 703 497 7883 350
661 728 489 5523 270
965 846 598 10018 424
712 827 422 8221 231
842 640 446 5830 348
669 999 482 7641 320
958 634 489 7982 377
787 735 437 8608 253
527 961 433 9991 297
472 986 439 8095 352
985 549 492 6352 387
73 134 251 2791 229
352 584 290 3611 215
911 919 440 9706 294
878 787 544 8773 247
777 910 572 10995 379
26 18 364 4259 166
535 551 331 4170 182
907 741 529 9977 379
905 744 397 10529 247
44 913 488 7297 210
930 698 569 6709 336
847 629 449 9736 309
532 556 315 5042 227
662 727 396 6577 276
640 161 365 6062 168
753 781 530 9470 212
783 494 349 6401 196
56 289 239 1809 186
929 895 508 12180 339
909 737 466 11484 239
686 454 312 4866 291
315 488 170 2451 190
630 762 480 5966 302
880 535 405 7567 271
530 840 400 4920 348
884 949 470 9288 355
631 897 428 9622 343
9 679 359 5977 184
260 721 386 5814 255
962 622 549 7512 380
499 858 467 8223 301
871 963 533 13216 280
701 976 525 10315 383
617 774 413 7240 241
966 845 514 7244 412
726 956 528 6841 268
874 960 460 9694 422
702 975 495 8105 376
827 856 566 8925 288
834 657 502 5511 303
665 871 493 6798 377
759 927 557 10926 404
645 886 437 9163 332
732 951 443 9961 339
649 561 305 3909 228
728 633 403 7892 193
403 789 329 4557 335
941 879 566 11181 318
635 585 358 5640 194
979 165 470 7540 222
917 911 482 9391 386
968 841 524 9466 271
890 943 475 8674 447
639 158 385 5892 234
606 915 532 8300 271
619 906 548 10166 235
111 608 296 3611 167
745 939 534 11622 312
935 888 638 10952 374
638 753 389 6885 248
752 934 498 11046 352
411 669 272 4050 258
27 439 259 3994 199
484 981 531 7743 221
620 129 315 5690 203
739 797 524 6805 374
677 993 465 9779 320
16 31 351 3788 230
683 854 439 10296 354
504 855 427 6121 295
724 958 593 10326 401
85 352 209 1829 141
908 740 429 6921 369
819 54 493 8301 305
613 777 342 4816 198
713 659 327 6560 292
931 42 523 10617 336
818 686 510 6097 363
408 671 317 3997 228
772 757 448 7795 217
596 643 355 6827 297
715 965 599 7730 228
737 947 492 10458 332
526 565 248 3623 167
987 539 517 7720 337
605 784 471 6313 340
703 67 372 5829 264
716 653 346 5872 343
969 839 592 13107 421
954 862 507 10714 299
