15
32
25
5
5
10
614
481
1000
1000
2345
900
984 341 376 4712 278
106 563 438 4507 252
833 559 248 3495 122
771 398 223 2502 195
431 536 165 1949 127
113 21 446 7908 263
607 62 301 6252 236
629 574 126 1485 137
731 508 166 1201 149
913 855 323 5310 225
414 506 196 2018 187
445 129 367 5201 255
373 622 274 4245 206
310 521 304 4329 196
61 897 390 8635 341
492 414 194 1253 98
581 904 346 4905 200
434 539 221 2435 192
813 303 224 2703 179
206 290 372 3679 265
190 380 347 5724 289
713 755 278 3209 139
660 360 158 1932 168
551 186 303 3077 251
588 697 212 2042 136
666 359 146 1155 123
508 357 179 1387 134
497 218 305 2819 188
292 421 300 2753 217
940 825 305 5315 226
641 557 118 1034 74
367 58 309 5829 255
406 160 275 4580 277
822 617 273 3256 198
153 672 387 5635 309
578 286 170 3084 154
798 181 307 5156 251
120 604 416 5543 282
964 791 337 5344 306
612 490 26 220 29
467 685 245 3055 217
909 120 374 5670 299
810 938 302 5551 249
752 383 162 1725 154
399 465 252 2476 214
244 28 442 5494 217
854 908 369 6314 275
628 898 300 3878 286
429 667 266 3528 189
858 762 308 4620 205
318 541 229 4330 140
702 461 140 1359 108
654 262 249 2321 171
246 26 357 6733 238
593 474 44 336 45
825 484 214 3162 158
762 391 155 1591 122
606 273 232 2143 122
201 309 397 4148 218
4 989 447 9594 377
227 236 305 5939 233
77 913 418 8846 387
265 167 323 4931 294
739 859 361 4573 187
890 385 274 3481 244
277 150 361 5931 277
856 340 247 3578 189
863 348 284 3201 161
211 65 444 8333 276
754 723 269 4052 171
650 443 100 642 61
712 472 116 1059 88
734 525 184 1654 156
229 44 376 7804 289
410 497 239 2860 140
919 849 386 5478 220
823 614 216 2923 192
893 876 294 5124 234
311 524 263 3786 141
619 581 133 1658 133
531 505 121 1122 82
577 518 98 928 88
299 345 263 4041 162
735 551 158 1991 123
520 698 192 2853 174
930 489 304 4765 181
637 365 120 1244 101
811 643 283 2214 151
849 333 263 2963 155
613 483 12 100 16
395 439 191 1896 174
525 699 209 3420 177
632 486 55 319 53
234 775 352 5075 180
458 254 241 3705 194
966 788 320 5643 214
885 107 424 6467 283
248 789 327 5260 205
498 217 275 3205 142
587 281 169 1802 171
717 366 207 1420 170
623 482 26 198 27
724 266 273 2349 156
651 526 80 550 82
773 400 212 2746 167
405 485 245 1983 163
647 544 112 1185 68
396 444 201 3098 174
97 298 449 5579 301
408 336 276 3804 226
540 510 112 874 128
412 327 233 3696 238
615 470 29 233 26
358 605 211 2984 197
725 369 184 2094 148
782 175 244 3515 173
627 453 69 383 76
137 968 455 8370 234
585 800 234 3284 224
789 682 277 3804 212
673 776 262 3540 219
496 454 174 1387 149
604 274 200 2826 195
295 464 263 4383 224
118 227 349 6277 271
544 602 133 2233 162
342 732 290 5040 247
370 751 330 3485 206
722 487 125 1290 152
719 481 149 1544 105
494 798 248 5201 207
915 993 402 4916 221
428 530 225 2521 135
586 66 327 4278 218
871 100 377 6001 264
136 967 534 8763 300
902 407 276 3874 188
527 905 347 5145 305
827 599 204 2739 147
648 543 116 1064 111
625 455 68 554 55
423 523 206 2363 192
546 188 284 3801 217
701 56 345 4046 218
645 500 59 632 83
640 560 136 1181 114
195 733 334 6398 204
768 961 328 4350 198
672 445 105 680 103
832 565 188 3603 173
683 883 355 5483 280
341 240 247 5438 267
837 785 367 3542 170
617 466 41 230 46
245 917 404 7310 240
764 277 195 2271 213
667 159 237 4024 230
594 392 107 1357 138
618 269 180 2410 156
534 320 218 2321 199
962 307 380 4002 294
828 314 275 2676 164
193 89 342 5538 308
484 583 160 2527 183
638 161 328 3116 175
864 349 297 4102 193
601 694 197 2720 163
530 504 132 1121 122
981 174 405 5449 269
487 796 306 3531 254
59 105 392 6515 216
697 457 108 837 92
616 690 222 1764 190
931 134 351 5581 249
123 611 315 5502 210
644 499 75 372 76
495 448 135 1679 134
90 767 364 6587 350
394 426 230 3003 129
732 568 161 1775 165
598 169 320 3139 233
347 971 365 6044 310
268 162 397 6330 261
733 268 199 2383 195
806 814 318 5864 290
84 415 353 4842 265
417 659 244 3336 242
485 584 210 1964 154
384 633 256 3999 148
357 862 341 3869 262
133 190 356 6076 347
521 496 131 1351 83
726 494 136 1482 94
204 299 378 4124 206
390 40 321 6575 308
761 276 242 2915 190
646 547 118 997 94
630 572 133 1147 98
502 695 268 3360 163
916 255 317 5578 164
597 903 281 4459 294
308 703 287 5644 175
561 700 268 2454 158
409 334 213 2960 158
576 442 79 573 102
705 627 156 1552 137
557 516 93 745 81
232 41 388 8310 339
493 436 126 1215 155
545 513 123 913 106
723 748 215 3343 161
194 879 395 8392 264
805 184 245 5076 181
427 529 236 3035 180
107 29 457 7300 371
111 246 415 5293 217
257 642 328 5030 217
398 372 254 2822 187
611 492 35 180 50
642 556 116 810 119
621 371 141 1277 101
729 267 204 2719 177
372 53 399 5772 310
819 468 195 3050 186
580 285 171 1910 122
980 42 383 5761 324
965 950 420 8233 225
622 899 294 5052 173
339 853 292 5232 172
730 577 205 2185 134
686 450 92 1055 114
236 607 297 4483 232
917 6 339 6379 249
676 446 91 874 72
274 811 400 5137 245
535 319 175 2301 155
350 595 273 3425 250
85 60 420 6425 345
518 203 250 4155 141
331 724 319 5717 184
669 261 255 1930 206
812 76 315 5947 187
108 27 534 10016 272
953 808 409 5764 229
836 321 235 3374 151
88 353 438 7506 206
689 55 341 5984 174
130 198 404 7737 223
202 741 393 5497 258
905 413 305 4050 160
17 844 480 7224 288
189 429 320 4994 290
850 771 262 3297 157
297 124 302 5173 178
504 364 178 1358 139
468 573 220 1623 193
260 647 256 4040 295
352 222 333 3231 241
538 80 333 5613 198
330 722 366 3562 246
198 324 334 4577 196
1 822 554 10420 228
524 85 352 5699 230
162 135 390 6261 220
583 409 93 1032 86
393 641 286 3350 233
579 517 73 574 70
653 999 355 4543 203
934 15 358 6947 217
129 200 434 5362 196
720 603 191 2197 139
844 202 302 3327 264
859 344 252 3112 160
303 328 260 3467 254
721 600 186 1847 157
5 589 456 6893 355
928 616 351 4963 249
807 300 212 2266 147
425 143 254 3181 236
208 891 420 8507 227
541 191 248 3616 173
81 753 407 7470 279
101 781 403 6164 251
98 535 370 5390 322
553 906 297 4511 213
870 99 285 6652 203
591 596 126 1576 137
397 377 224 2198 213
443 674 249 2274 211
549 306 173 1963 117
250 631 260 3854 187
263 929 403 5261 255
738 375 157 1872 174
15 619 367 9056 298
378 49 335 6419 321
708 467 150 962 101
946 287 342 4385 291
935 553 240 4247 208
803 297 284 3849 185
950 291 347 4859 211
365 59 394 6776 322
119 223 380 7639 346
266 655 270 3702 249
995 187 407 4769 221
200 512 285 5536 202
463 569 186 2477 143
466 571 180 2153 193
421 519 209 2596 116
536 601 169 2107 160
994 51 344 8643 232
700 459 126 1050 100
694 361 199 1769 173
336 727 292 3897 278
932 503 278 4652 151
603 591 115 1540 102
510 209 234 3302 247
469 793 252 3456 275
415 24 322 4404 285
910 121 347 3951 243
501 799 293 3325 220
411 773 293 2942 182
192 729 422 6320 292
831 196 279 4327 194
451 5 342 5518 305
671 777 301 3774 195
736 374 187 1750 185
766 278 193 3723 215
633 449 62 602 90
436 783 269 3131 253
614 475 17 142 20
816 805 326 4620 252
608 379 113 1365 140
473 576 223 1825 142
247 626 296 5274 282
590 514 89 628 90
665 665 191 2406 166
758 168 351 2997 235
906 863 335 5127 324
643 554 129 1016 117
401 471 252 3302 124
539 315 218 2525 180
287 681 350 4674 265
222 902 370 7266 306
787 288 267 3362 188
582 411 99 971 76
482 230 268 2796 138
925 10 463 5759 257
921 452 295 4251 220
52 119 428 7524 218
507 477 160 1632 127
424 664 272 2689 171
788 951 413 6674 230
605 382 139 1050 93
522 498 132 1018 98
714 613 203 2136 182
65 94 435 5612 309
992 923 350 8709 218
791 178 281 4197 268
460 252 280 2648 157
718 606 208 2289 143
780 67 297 5118 276
281 816 416 6396 208
763 713 278 4029 181
532 802 297 2834 211
273 810 384 3891 275
225 239 414 4600 204
454 562 216 2355 131
471 687 220 2897 197
802 434 209 3012 154
345 588 257 4174 189
430 140 331 5739 166
970 946 417 8901 239
216 757 371 4451 249
821 79 306 3891 274
799 666 219 2500 136
670 778 320 3787 186
314 957 335 7123 334
366 615 235 3391 246
379 629 223 2859 154
891 712 280 3305 186
272 934 346 6876 298
745 856 351 5662 241
639 264 206 3034 151
226 238 364 6454 301
951 964 368 6415 206
53 116 532 8159 335
895 706 278 5341 242
363 865 413 6666 269
489 586 203 2326 130
857 342 269 3492 200
285 679 277 5906 281
775 282 251 3123 223
609 480 15 170 20
748 381 153 2183 119
516 343 166 1794 113
567 179 321 3997 198
220 900 473 5452 229
166 693 396 6804 198
786 686 245 2963 223
334 725 300 4752 226
275 812 320 4882 288
294 373 315 3400 238
447 127 326 4282 247
205 295 343 3784 317
301 493 301 3797 165
707 874 345 6063 259
188 418 289 4656 173
360 212 300 4435 184
100 284 419 5641 245
337 851 395 6454 292
315 534 317 2577 216
309 704 273 4851 219
356 861 306 6777 294
907 680 284 4395 274
674 658 202 1758 120
19 630 466 8587 226
238 213 379 5820 173
284 141 345 6622 255
207 747 388 4087 299
509 355 204 2594 148
28 654 354 6925 201
46 880 383 5997 365
351 739 344 4076 195
943 970 472 6171 209
847 331 231 3753 167
715 57 334 4664 290
753 384 203 1712 129
840 325 206 2957 184
404 770 348 4411 152
368 618 269 2799 162
321 960 438 5358 213
340 242 362 3089 182
769 707 258 3717 138
242 204 293 3908 246
927 11 481 5004 231
696 878 388 4523 218
391 639 276 4134 137
924 263 369 4229 258
374 870 410 5226 203
24 644 387 5127 258
323 717 357 3971 206
695 456 103 1097 104
376 192 274 3148 165
116 592 305 6166 186
517 597 162 1997 151
217 258 405 6961 250
400 469 228 3131 216
422 662 217 3672 140
464 570 218 2040 181
402 354 197 2805 194
25 646 506 7861 256
933 582 329 4506 268
848 332 287 4229 191
664 889 364 5038 290
22 638 390 6062 218
221 250 294 5495 247
948 23 404 5501 220
364 206 283 4581 208
296 363 234 4471 245
678 656 197 2851 173
818 803 352 4469 210
316 710 263 3136 165
413 323 207 3069 163
276 668 359 4050 262
998 918 418 5288 353
740 858 312 4363 197
922 637 268 5166 249
38 676 380 5485 258
749 61 299 6470 269
251 189 415 4495 232
835 197 310 3146 278
872 220 273 3582 240
282 940 441 6832 191
584 406 125 1161 81
353 973 416 5809 331
151 669 377 5032 230
620 460 48 357 37
865 752 363 5388 210
338 82 366 6306 270
0 2 397 9578 226
706 985 405 7533 312
698 458 126 1248 121
259 13 483 7280 317
9 224 501 6856 272
795 823 343 3373 159
359 744 265 3859 241
926 623 311 4718 256
826 193 356 3055 210
929 608 245 4692 203
829 590 226 2720 227
747 854 281 4551 163
688 451 103 1058 124
624 578 153 1530 105
772 959 434 4621 332
596 594 149 1809 144
3 988 478 10590 251
442 549 215 2796 153
349 72 381 4436 230
30 164 483 8629 309
304 117 412 4620 282
947 146 324 4316 212
231 226 388 7026 301
817 463 173 1804 139
444 675 203 3716 239
96 301 358 6136 349
750 969 419 4321 245
961 30 482 6471 191
851 769 336 3328 228
869 746 335 3548 191
386 635 215 3168 153
449 677 288 3958 216
558 73 376 3598 166
355 974 412 6177 211
681 653 208 1781 169
134 636 426 6015 309
435 540 231 2100 186
978 171 333 4223 225
269 4 375 7234 202
127 813 389 8927 340
214 558 271 6154 247
649 511 87 483 84
635 567 115 1435 122
602 63 346 4168 237
809 648 278 2971 217
592 473 56 386 42
830 507 188 3092 119
419 886 413 5532 200
880 370 280 3330 227
589 280 200 1857 120
990 351 375 4073 252
483 901 289 6000 171
145 975 543 7166 382
971 945 419 5734 260
135 185 414 5427 331
298 352 265 4052 158
796 425 220 2929 113
361 977 321 6966 319
179 108 450 5312 210
875 738 365 3097 170
181 106 401 8136 194
486 103 361 5802 164
853 208 328 3824 217
326 720 298 5402 177
898 399 231 3218 137
631 684 182 2815 117
475 237 214 3066 218
488 585 184 1704 155
765 393 196 2509 115
354 860 383 4223 315
610 495 39 303 46
42 138 516 7894 351
490 692 237 2428 203
797 427 239 2840 139
50 884 452 6772 296
223 765 421 6175 204
455 122 325 5908 277
293 441 308 4740 256
161 850 369 8539 310
54 114 481 5746 305
552 515 127 995 71
43 688 424 5446 277
307 316 331 5317 254
213 555 267 3992 178
333 965 406 6495 349
407 491 253 2196 210
479 580 221 1489 134
329 847 322 6481 276
523 598 165 1650 149
751 852 263 5944 249
186 98 476 6352 214
896 113 350 5690 262
988 750 405 5206 269
459 1 325 6552 232
566 180 222 3361 211
159 848 465 5503 219
514 90 292 3787 264
306 833 329 6875 255
728 501 170 1296 155
911 670 309 4398 257
48 126 421 8858 345
693 766 234 3896 194
305 322 308 3759 173
64 726 376 8544 312
67 731 494 6033 294
800 431 212 1681 142
886 378 283 3773 254
989 182 345 6250 206
164 689 368 6771 256
141 829 408 5121 245
23 183 444 8469 347
470 112 295 5434 202
684 650 201 1757 180
239 33 353 5386 295
383 759 333 5563 199
554 75 286 3626 230
403 649 292 2441 216
776 403 186 2300 137
438 892 368 6362 310
528 502 112 974 128
346 231 347 5551 253
757 275 267 3739 174
945 818 309 5580 177
792 678 233 2872 134
555 74 363 4192 237
573 69 317 4721 288
996 919 406 6827 361
10 995 594 8304 254
846 915 329 7129 240
392 877 396 6069 310
472 111 326 4787 295
87 763 354 5588 275
852 91 405 6486 172
312 302 264 5402 175
103 784 403 7169 244
302 335 238 4625 205
958 155 297 5478 211
820 620 275 2926 134
703 362 160 1459 159
142 972 374 5625 311
131 963 399 5566 360
668 663 225 2731 170
901 115 305 5219 312
505 696 217 2989 184
418 660 209 4111 155
325 719 280 3251 188
944 144 376 6080 234
7 229 526 7116 363
286 942 335 8530 203
956 804 385 4548 180
453 259 296 2901 208
31 163 520 8411 320
462 0 326 5339 262
74 910 369 5850 387
888 718 262 5257 192
433 782 355 3927 188
426 528 199 1890 171
785 412 191 2843 112
478 795 281 4419 158
27 857 523 8596 273
499 462 120 1433 144
767 395 204 2597 165
66 93 391 8459 343
599 593 165 1838 98
759 389 226 2557 157
57 714 341 5772 289
873 101 301 4012 186
11 836 417 8375 386
261 928 457 8208 276
327 846 285 3998 182
727 587 147 1833 164
432 537 199 2768 153
255 924 449 4928 304
690 990 367 6525 272
79 916 520 5745 348
465 792 245 3920 156
656 671 177 2466 207
169 123 424 7489 211
903 408 229 2853 189
380 47 368 6736 235
91 927 533 8426 383
317 289 339 3287 278
450 895 277 6352 281
29 657 368 7973 276
841 326 283 2907 171
377 982 458 6083 271
959 304 275 3673 172
55 711 489 8663 308
165 691 442 6811 181
897 701 334 4364 265
511 350 218 1437 161
794 423 204 2085 183
68 734 438 5721 274
571 801 234 4810 217
477 579 170 1880 159
716 610 166 2003 139
801 433 239 2351 179
271 661 301 3771 260
784 176 309 3232 233
879 888 433 5912 252
416 317 249 3969 187
332 87 341 7049 230
124 210 398 7448 307
506 476 133 1252 116
178 998 538 5850 382
574 177 257 2781 165
550 305 232 2379 112
183 871 467 6367 275
446 786 284 3803 267
568 292 188 2431 180
109 25 394 9969 254
743 270 252 2670 214
793 422 206 2006 175
122 956 393 5785 250
441 548 215 2143 138
774 401 179 2540 172
212 272 366 4233 205
105 941 425 5886 272
937 139 299 4725 297
991 745 364 4845 264
900 869 329 4758 320
985 931 462 7064 197
163 133 478 5959 206
983 339 352 5257 167
842 201 346 5210 260
677 885 330 3995 273
18 845 374 9765 341
954 806 403 6246 320
711 756 277 4102 224
679 447 129 784 69
500 96 277 6027 234
861 758 247 4343 157
975 774 396 6162 265
6 232 411 6658 253
779 835 319 5448 174
382 983 367 6297 350
600 478 42 306 55
114 949 413 10158 307
969 35 480 6127 291
783 831 367 3906 169
894 708 302 5089 152
537 509 117 886 124
209 68 358 6138 236
252 634 294 3736 276
70 736 428 8323 360
519 338 185 2318 128
636 790 256 2660 183
877 890 381 4871 179
173 118 478 5534 269
60 896 531 6557 313
86 367 336 7003 199
210 893 381 6099 293
923 9 383 5177 351
543 311 188 2686 170
889 109 337 6428 172
104 271 358 5615 263
322 550 281 2813 162
13 838 407 5732 321
283 142 361 4552 192
564 294 166 2353 117
777 283 229 3106 131
94 772 491 5330 223
256 925 368 6252 251
503 214 230 4047 187
328 561 219 4538 163
154 149 463 5588 226
892 234 358 5167 223
744 165 286 3369 190
291 131 333 5746 183
756 966 306 6116 202
121 807 388 8932 279
737 737 261 4059 222
982 43 416 7895 222
963 31 472 5764 303
979 937 351 4948 360
240 32 444 5111 274
770 397 160 1980 170
476 794 351 3745 268
420 308 260 3371 190
456 256 260 3611 238
14 839 375 10181 381
547 77 294 3597 268
69 735 440 8926 354
196 84 484 5359 287
912 251 250 4702 179
230 907 466 5273 342
942 19 427 6509 306
388 875 327 5700 195
920 8 372 4908 303
704 628 202 2166 169
845 329 302 3652 154
152 842 375 4810 327
461 683 242 3873 182
862 95 337 6539 255
918 7 454 5622 321
138 645 403 5249 210
174 996 500 9260 352
972 779 342 5353 320
904 244 295 3453 211
526 199 304 3605 222
999 368 283 4337 261
125 958 401 7984 287
369 979 444 7062 238
270 3 350 5331 342
790 70 338 5588 211
224 50 420 4941 236
839 86 346 4121 257
993 740 347 4743 215
219 760 326 7205 186
16 624 431 5811 210
319 542 323 3575 256
199 318 415 6724 194
89 926 398 9790 358
375 754 252 4686 228
884 228 284 3879 281
746 166 345 3756 241
938 827 313 3923 180
687 991 391 6507 220
710 621 151 1787 181
439 545 188 2894 166
371 980 350 4743 238
977 330 314 5273 239
565 71 332 4591 202
143 170 364 6008 300
634 265 260 3228 164
72 909 428 9999 390
289 944 417 8519 319
855 92 296 4374 230
158 984 464 9259 271
280 815 367 4963 229
815 935 407 4670 284
881 728 260 5261 156
36 152 436 9485 376
986 930 387 5276 247
513 347 158 2385 164
95 522 317 7190 286
172 702 413 5414 231
2 247 400 7080 358
936 16 389 6629 343
262 172 392 6758 268
437 12 369 6020 235
278 148 347 5242 227
78 749 336 9068 359
12 997 537 7217 233
47 128 538 5557 350
115 235 406 8123 205
939 279 282 5699 284
778 404 194 2090 107
685 882 363 6191 299
960 955 465 7615 328
440 673 222 2155 200
755 721 220 3134 188
112 22 521 10250 338
866 216 265 4669 257
150 978 463 7971 259
533 195 242 2835 154
987 346 321 4694 186
288 943 378 8044 339
562 296 242 2702 136
691 768 219 2483 192
682 652 182 1885 150
967 34 420 7374 318
171 994 458 8690 373
203 742 403 6203 313
595 64 398 5847 291
474 110 382 4436 164
218 257 348 6895 301
381 873 298 5982 241
249 920 485 6482 343
148 837 474 6430 217
35 867 481 9706 243
235 38 330 5615 246
542 312 224 2333 168
34 156 478 9748 255
914 432 249 2803 175
180 868 421 5892 325
491 797 284 4286 150
448 894 415 3674 267
139 828 375 6056 198
185 872 456 6847 207
457 564 198 2439 137
343 78 366 5140 229
177 709 362 5494 236
781 954 424 6054 196
258 14 451 8269 258
237 215 376 5940 298
300 488 317 4155 156
149 157 362 8511 351
75 912 508 6623 315
279 147 333 5141 273
804 437 163 2427 132
387 761 343 4902 215
824 609 229 3523 208
228 233 340 6938 193
132 820 442 6511 233
976 39 465 6050 202
8 992 441 9898 385
33 158 443 5862 328
362 864 287 6977 297
760 716 275 3917 159
968 948 331 6893 308
58 715 444 5334 352
512 207 265 3249 153
63 97 424 6682 361
957 153 398 6096 204
908 417 276 4180 206
254 18 432 6212 282
452 260 237 2924 222
45 132 536 7074 323
320 546 279 3732 230
887 881 383 4495 189
168 125 392 6021 314
808 939 352 5264 192
110 575 415 7256 252
876 102 318 5463 287
102 36 484 7257 269
941 824 420 6277 250
147 976 543 6994 232
71 83 488 9862 370
814 936 420 4394 183
156 145 438 7185 221
