32
50
20
2
33
5
50
1073
1123
1123
500
157
293 322 668 33 157
299 313 668 32 158
283 326 661 32 164
333 141 516 27 132
331 145 511 27 132
329 146 521 28 123
358 495 653 34 158
343 509 680 31 150
363 511 686 32 155
365 287 438 18 90
354 281 447 18 85
356 282 404 20 92
380 90 429 20 87
362 71 425 19 89
370 90 412 20 94
434 367 515 28 130
421 343 505 26 131
409 371 510 28 136
463 809 580 33 164
458 814 562 32 161
458 824 586 31 149
437 1067 607 32 163
440 1071 601 33 152
463 1048 613 32 164
468 86 655 34 153
481 92 649 34 155
474 86 681 32 155
495 246 637 34 164
477 241 600 31 158
490 239 618 34 158
573 997 676 27 130
573 1019 663 26 135
562 991 676 28 124
557 713 622 33 153
582 697 593 32 153
582 692 575 33 155
590 394 599 34 164
576 387 605 33 153
594 396 599 34 149
583 141 502 25 131
605 142 477 27 132
580 137 507 27 124
581 791 508 27 135
601 792 502 28 124
596 798 523 26 131
648 308 614 26 124
635 328 632 27 124
651 318 589 25 132
667 1058 550 31 160
684 1062 550 34 149
686 1067 591 33 158
706 89 643 33 152
703 66 682 31 150
706 84 637 34 164
744 759 495 25 136
733 755 526 26 133
752 753 485 27 136
790 646 717 32 164
792 648 697 33 161
780 630 690 32 150
787 872 429 18 86
801 867 438 20 91
782 880 434 19 94
817 1050 436 19 88
813 1054 472 19 89
827 1036 427 19 91
854 997 629 27 127
849 993 642 26 133
844 996 655 25 124
874 785 544 33 161
857 813 579 32 152
867 791 567 32 149
90 522 1191 57 326
85 517 1167 56 317
87 510 1227 53 326
264 586 1212 56 323
284 568 1248 52 307
282 575 1176 57 301
808 576 1094 51 304
812 576 1186 57 329
825 579 1094 51 317
1066 649 1101 53 304
1054 640 1136 51 307
1063 650 1159 56 317
250 884 550 34 228
253 873 550 36 228
250 886 550 35 228
240 874 300 45 276
863 236 550 36 228
858 265 550 36 228
888 248 550 39 228
874 248 300 44 276
278 944 550 39 228
267 933 550 38 228
279 941 550 38 228
266 930 300 47 276
861 192 550 36 228
856 176 550 38 228
837 181 550 39 228
848 177 300 43 276
935 290 550 38 228
932 282 550 37 228
940 280 550 38 228
935 272 300 46 276
196 857 550 36 228
192 862 550 39 228
188 859 550 36 228
176 850 300 49 276
379 746 550 39 228
362 763 550 34 228
370 740 550 34 228
385 764 300 47 276
751 371 550 34 228
761 364 550 37 228
747 373 550 34 228
743 375 300 50 276
506 927 550 34 228
508 922 550 35 228
502 945 550 38 228
497 924 300 51 276
615 184 550 36 228
615 195 550 37 228
611 190 550 38 228
639 184 300 52 276
939 495 550 38 228
942 508 550 35 228
948 509 550 35 228
938 500 300 49 276
203 629 550 37 228
192 619 550 36 228
191 639 550 39 228
182 628 300 52 276
480 625 550 38 228
493 617 550 39 228
483 618 550 35 228
490 633 300 43 276
644 505 550 34 228
614 506 550 37 228
637 486 550 38 228
640 480 300 47 276
705 918 550 35 228
729 918 550 39 228
711 922 550 37 228
734 918 300 46 276
411 175 550 36 228
412 205 550 39 228
391 195 550 38 228
401 196 300 48 276
946 728 550 35 228
926 704 550 39 228
918 726 550 36 228
934 704 300 47 276
199 415 550 39 228
198 393 550 39 228
203 408 550 39 228
175 405 300 48 276
100 100 10000 962 2000
