50
50
50
5
5
5
751
731
1503
1462
2000
2183
16 0 50 10000 100
48 0 50 10000 100
64 0 50 10000 100
128 0 50 10000 100
240 0 50 10000 100
416 0 50 10000 100
464 0 50 10000 100
544 0 50 10000 100
576 0 50 10000 100
640 0 50 10000 100
672 0 50 10000 100
752 0 50 10000 100
816 0 50 10000 100
832 0 50 10000 100
928 0 50 10000 100
944 0 50 10000 100
960 0 50 10000 100
1024 0 50 10000 100
1056 0 50 10000 100
1168 0 50 10000 100
1184 0 50 10000 100
1216 0 50 10000 100
1344 0 50 10000 100
16 16 50 10000 100
160 16 50 10000 100
176 16 50 10000 100
192 16 50 10000 100
240 16 50 10000 100
448 16 50 10000 100
528 16 50 10000 100
544 16 50 10000 100
560 16 50 10000 100
592 16 50 10000 100
608 16 50 10000 100
640 16 50 10000 100
800 16 50 10000 100
832 16 50 10000 100
928 16 50 10000 100
1216 16 50 10000 100
1232 16 50 10000 100
1344 16 50 10000 100
1392 16 50 10000 100
1472 16 50 10000 100
112 32 50 10000 100
128 32 50 10000 100
192 32 50 10000 100
256 32 50 10000 100
448 32 50 10000 100
512 32 50 10000 100
544 32 50 10000 100
560 32 50 10000 100
656 32 50 10000 100
672 32 50 10000 100
816 32 50 10000 100
864 32 50 10000 100
928 32 50 10000 100
992 32 50 10000 100
1008 32 50 10000 100
1056 32 50 10000 100
1072 32 50 10000 100
1120 32 50 10000 100
1216 32 50 10000 100
1232 32 50 10000 100
1248 32 50 10000 100
1280 32 50 10000 100
1328 32 50 10000 100
1344 32 50 10000 100
1376 32 50 10000 100
1440 32 50 10000 100
1472 32 50 10000 100
0 48 50 10000 100
32 48 50 10000 100
80 48 50 10000 100
208 48 50 10000 100
256 48 50 10000 100
272 48 50 10000 100
304 48 50 10000 100
368 48 50 10000 100
432 48 50 10000 100
480 48 50 10000 100
512 48 50 10000 100
576 48 50 10000 100
608 48 50 10000 100
624 48 50 10000 100
640 48 50 10000 100
672 48 50 10000 100
720 48 50 10000 100
768 48 50 10000 100
800 48 50 10000 100
880 48 50 10000 100
896 48 50 10000 100
992 48 50 10000 100
1056 48 50 10000 100
1136 48 50 10000 100
1168 48 50 10000 100
1216 48 50 10000 100
1232 48 50 10000 100
1440 48 50 10000 100
32 64 50 10000 100
64 64 50 10000 100
128 64 50 10000 100
192 64 50 10000 100
240 64 50 10000 100
272 64 50 10000 100
384 64 50 10000 100
432 64 50 10000 100
448 64 50 10000 100
528 64 50 10000 100
576 64 50 10000 100
624 64 50 10000 100
656 64 50 10000 100
672 64 50 10000 100
688 64 50 10000 100
752 64 50 10000 100
1040 64 50 10000 100
1200 64 50 10000 100
1264 64 50 10000 100
1344 64 50 10000 100
1360 64 50 10000 100
1440 64 50 10000 100
32 80 50 10000 100
48 80 50 10000 100
64 80 50 10000 100
240 80 50 10000 100
368 80 50 10000 100
576 80 50 10000 100
624 80 50 10000 100
720 80 50 10000 100
752 80 50 10000 100
928 80 50 10000 100
992 80 50 10000 100
1024 80 50 10000 100
1136 80 50 10000 100
1152 80 50 10000 100
1184 80 50 10000 100
1344 80 50 10000 100
1440 80 50 10000 100
1472 80 50 10000 100
80 96 50 10000 100
112 96 50 10000 100
192 96 50 10000 100
208 96 50 10000 100
224 96 50 10000 100
352 96 50 10000 100
384 96 50 10000 100
432 96 50 10000 100
528 96 50 10000 100
576 96 50 10000 100
640 96 50 10000 100
864 96 50 10000 100
928 96 50 10000 100
960 96 50 10000 100
976 96 50 10000 100
992 96 50 10000 100
1088 96 50 10000 100
1200 96 50 10000 100
1216 96 50 10000 100
1264 96 50 10000 100
1312 96 50 10000 100
1328 96 50 10000 100
1360 96 50 10000 100
1472 96 50 10000 100
32 112 50 10000 100
80 112 50 10000 100
256 112 50 10000 100
352 112 50 10000 100
368 112 50 10000 100
432 112 50 10000 100
592 112 50 10000 100
736 112 50 10000 100
864 112 50 10000 100
880 112 50 10000 100
912 112 50 10000 100
1024 112 50 10000 100
1040 112 50 10000 100
1056 112 50 10000 100
1120 112 50 10000 100
1200 112 50 10000 100
1232 112 50 10000 100
1280 112 50 10000 100
1328 112 50 10000 100
1392 112 50 10000 100
1408 112 50 10000 100
1472 112 50 10000 100
0 128 50 10000 100
80 128 50 10000 100
128 128 50 10000 100
256 128 50 10000 100
416 128 50 10000 100
480 128 50 10000 100
544 128 50 10000 100
640 128 50 10000 100
736 128 50 10000 100
784 128 50 10000 100
864 128 50 10000 100
944 128 50 10000 100
960 128 50 10000 100
1104 128 50 10000 100
1152 128 50 10000 100
1200 128 50 10000 100
1232 128 50 10000 100
1248 128 50 10000 100
1360 128 50 10000 100
1408 128 50 10000 100
1424 128 50 10000 100
1456 128 50 10000 100
96 144 50 10000 100
384 144 50 10000 100
464 144 50 10000 100
512 144 50 10000 100
528 144 50 10000 100
608 144 50 10000 100
896 144 50 10000 100
976 144 50 10000 100
1008 144 50 10000 100
1040 144 50 10000 100
1120 144 50 10000 100
1168 144 50 10000 100
1216 144 50 10000 100
1472 144 50 10000 100
0 160 50 10000 100
32 160 50 10000 100
48 160 50 10000 100
64 160 50 10000 100
96 160 50 10000 100
144 160 50 10000 100
304 160 50 10000 100
320 160 50 10000 100
368 160 50 10000 100
400 160 50 10000 100
448 160 50 10000 100
496 160 50 10000 100
544 160 50 10000 100
576 160 50 10000 100
608 160 50 10000 100
624 160 50 10000 100
832 160 50 10000 100
848 160 50 10000 100
864 160 50 10000 100
1040 160 50 10000 100
1104 160 50 10000 100
1184 160 50 10000 100
1232 160 50 1 100
1344 160 50 10000 100
1424 160 50 10000 100
0 176 50 10000 100
304 176 50 10000 100
336 176 50 10000 100
528 176 50 10000 100
544 176 50 10000 100
560 176 50 10000 100
672 176 50 10000 100
720 176 50 10000 100
768 176 50 10000 100
880 176 50 10000 100
992 176 50 10000 100
1200 176 50 1 100
1216 176 50 1 100
1232 176 50 1 100
1248 176 50 1 100
1264 176 50 1 100
1312 176 50 10000 100
1360 176 50 10000 100
1392 176 50 10000 100
1408 176 50 10000 100
1472 176 50 10000 100
112 192 50 10000 100
128 192 50 10000 100
160 192 50 10000 100
176 192 50 10000 100
224 192 50 10000 100
400 192 50 10000 100
432 192 50 10000 100
560 192 50 10000 100
832 192 50 10000 100
896 192 50 10000 100
912 192 50 10000 100
1168 192 50 10000 100
1264 192 50 1 100
1296 192 50 10000 100
0 208 50 10000 100
32 208 50 10000 100
112 208 50 10000 100
272 208 50 10000 100
288 208 50 10000 100
320 208 50 10000 100
336 208 50 10000 100
352 208 50 10000 100
400 208 50 10000 100
448 208 50 10000 100
464 208 50 10000 100
496 208 50 10000 100
512 208 50 10000 100
592 208 50 10000 100
608 208 50 10000 100
624 208 50 10000 100
704 208 50 10000 100
816 208 50 10000 100
976 208 50 10000 100
1008 208 50 10000 100
1072 208 50 10000 100
1088 208 50 10000 100
1168 208 50 1 100
1248 208 50 1 100
1264 208 50 10000 100
1312 208 50 10000 100
128 224 50 10000 100
208 224 50 10000 100
448 224 50 10000 100
608 224 50 10000 100
624 224 50 10000 100
704 224 50 10000 100
736 224 50 10000 100
848 224 50 10000 100
864 224 50 10000 100
880 224 50 10000 100
912 224 50 10000 100
1120 224 50 10000 100
1152 224 50 1 100
1200 224 50 10000 100
1440 224 50 10000 100
48 240 50 10000 100
64 240 50 10000 100
160 240 50 1 100
208 240 50 1 100
256 240 50 10000 100
288 240 50 10000 100
320 240 50 10000 100
368 240 50 10000 100
384 240 50 10000 100
448 240 50 10000 100
464 240 50 1 100
480 240 50 1 100
496 240 50 1 100
608 240 50 10000 100
656 240 50 10000 100
704 240 50 10000 100
720 240 50 10000 100
768 240 50 10000 100
912 240 50 10000 100
960 240 50 10000 100
1024 240 50 10000 100
1040 240 50 10000 100
1152 240 50 1 100
1168 240 50 10000 100
1184 240 50 10000 100
1200 240 50 10000 100
1216 240 50 1 100
1392 240 50 10000 100
1408 240 50 10000 100
1440 240 50 10000 100
1456 240 50 10000 100
1472 240 50 10000 100
64 256 50 10000 100
96 256 50 10000 100
176 256 50 10000 100
224 256 50 1 100
288 256 50 10000 100
400 256 50 1 100
416 256 50 1 100
464 256 50 10000 100
672 256 50 10000 100
688 256 50 10000 100
816 256 50 10000 100
880 256 50 10000 100
912 256 50 10000 100
960 256 50 10000 100
992 256 50 10000 100
1088 256 50 10000 100
1104 256 50 10000 100
1136 256 50 10000 100
1168 256 50 10000 100
1184 256 50 10000 100
1200 256 50 1 100
1232 256 50 10000 100
1280 256 50 10000 100
1296 256 50 10000 100
1312 256 50 10000 100
1328 256 50 10000 100
1376 256 50 10000 100
96 272 50 10000 100
144 272 50 10000 100
192 272 50 10000 100
208 272 50 10000 100
224 272 50 10000 100
240 272 50 1 100
368 272 50 1 100
384 272 50 1 100
464 272 50 10000 100
544 272 50 10000 100
576 272 50 10000 100
736 272 50 10000 100
768 272 50 10000 100
848 272 50 10000 100
880 272 50 10000 100
928 272 50 10000 100
944 272 50 10000 100
1024 272 50 10000 100
1088 272 50 10000 100
1152 272 50 10000 100
1200 272 50 1 100
80 288 50 10000 100
96 288 50 10000 100
144 288 50 1 100
160 288 50 1 100
208 288 50 1 100
368 288 50 10000 100
432 288 50 1 100
480 288 50 1 100
528 288 50 10000 100
576 288 50 10000 100
592 288 50 10000 100
656 288 50 10000 100
832 288 50 10000 100
880 288 50 10000 100
912 288 50 10000 100
944 288 50 10000 100
1008 288 50 10000 100
1088 288 50 10000 100
1104 288 50 10000 100
1168 288 50 10000 100
1184 288 50 1 100
1328 288 50 10000 100
1344 288 50 10000 100
1424 288 50 10000 100
16 304 50 10000 100
80 304 50 10000 100
144 304 50 10000 100
176 304 50 10000 100
192 304 50 1 100
208 304 50 1 100
304 304 50 10000 100
352 304 50 10000 100
416 304 50 10000 100
432 304 50 1 100
448 304 50 1 100
480 304 50 1 100
544 304 50 10000 100
704 304 50 10000 100
752 304 50 10000 100
784 304 50 10000 100
848 304 50 10000 100
896 304 50 10000 100
960 304 50 10000 100
976 304 50 10000 100
1136 304 50 1 100
1200 304 50 10000 100
1280 304 50 10000 100
1296 304 50 10000 100
1424 304 50 10000 100
1456 304 50 10000 100
1472 304 50 10000 100
32 320 50 10000 100
224 320 50 10000 100
336 320 50 10000 100
352 320 50 10000 100
384 320 50 10000 100
400 320 50 10000 100
480 320 50 1 100
512 320 50 10000 100
592 320 50 10000 100
640 320 50 10000 100
672 320 50 10000 100
768 320 50 10000 100
800 320 50 10000 100
816 320 50 10000 100
848 320 50 10000 100
880 320 50 10000 100
960 320 50 10000 100
1008 320 50 10000 100
1104 320 50 10000 100
1184 320 50 10000 100
1216 320 50 10000 100
1232 320 50 10000 100
1360 320 50 10000 100
1376 320 50 10000 100
0 336 50 10000 100
16 336 50 10000 100
32 336 50 10000 100
48 336 50 10000 100
96 336 50 10000 100
160 336 50 1 100
176 336 50 1 100
208 336 50 10000 100
240 336 50 10000 100
400 336 50 10000 100
448 336 50 10000 100
464 336 50 1 100
496 336 50 10000 100
528 336 50 10000 100
608 336 50 10000 100
624 336 50 10000 100
672 336 50 10000 100
688 336 50 10000 100
736 336 50 10000 100
768 336 50 10000 100
816 336 50 10000 100
880 336 50 10000 100
928 336 50 10000 100
1024 336 50 10000 100
1088 336 50 10000 100
1136 336 50 1 100
1152 336 50 10000 100
1200 336 50 1 100
1264 336 50 10000 100
1312 336 50 10000 100
1376 336 50 10000 100
1408 336 50 10000 100
48 352 50 10000 100
80 352 50 10000 100
176 352 50 1 100
240 352 50 1 100
368 352 50 10000 100
384 352 50 1 100
464 352 50 1 100
512 352 50 10000 100
528 352 50 10000 100
624 352 50 10000 100
640 352 50 10000 100
688 352 50 10000 100
784 352 50 10000 100
816 352 50 10000 100
848 352 50 10000 100
912 352 50 10000 100
976 352 50 10000 100
1008 352 50 10000 100
1104 352 50 10000 100
1136 352 50 1 100
1168 352 50 10000 100
1312 352 50 10000 100
1360 352 50 10000 100
1392 352 50 10000 100
1408 352 50 10000 100
80 368 50 10000 100
176 368 50 1 100
208 368 50 10000 100
240 368 50 1 100
336 368 50 10000 100
368 368 50 10000 100
400 368 50 1 100
464 368 50 1 100
480 368 50 1 100
608 368 50 10000 100
656 368 50 10000 100
784 368 50 10000 100
880 368 50 10000 100
912 368 50 10000 100
992 368 50 10000 100
1024 368 50 10000 100
1088 368 50 10000 100
1136 368 50 1 100
1152 368 50 10000 100
1200 368 50 1 100
1264 368 50 10000 100
1344 368 50 10000 100
1376 368 50 10000 100
1408 368 50 10000 100
1472 368 50 10000 100
272 384 50 10000 100
304 384 50 10000 100
336 384 50 1 100
416 384 50 10000 100
480 384 50 1 100
528 384 50 10000 100
576 384 50 10000 100
608 384 50 10000 100
640 384 50 10000 100
688 384 50 10000 100
736 384 50 10000 100
800 384 50 10000 100
816 384 50 10000 100
864 384 50 10000 100
880 384 50 10000 100
912 384 50 10000 100
960 384 50 10000 100
976 384 50 10000 100
992 384 50 10000 100
1008 384 50 10000 100
1072 384 50 10000 100
1136 384 50 1 100
1152 384 50 1 100
1168 384 50 10000 100
1200 384 50 1 100
1216 384 50 1 100
1264 384 50 10000 100
1296 384 50 10000 100
1312 384 50 10000 100
1344 384 50 10000 100
1376 384 50 10000 100
1424 384 50 10000 100
0 400 50 10000 100
16 400 50 10000 100
176 400 50 10000 100
192 400 50 10000 100
256 400 50 10000 100
336 400 50 1 100
416 400 50 10000 100
448 400 50 1 100
512 400 50 1 100
528 400 50 1 100
544 400 50 10000 100
560 400 50 10000 100
688 400 50 10000 100
752 400 50 10000 100
864 400 50 10000 100
880 400 50 10000 100
1008 400 50 10000 100
1088 400 50 10000 100
1104 400 50 10000 100
1152 400 50 1 100
1216 400 50 1 100
1312 400 50 10000 100
1408 400 50 10000 100
32 416 50 10000 100
48 416 50 10000 100
128 416 50 10000 100
192 416 50 1 100
208 416 50 10000 100
224 416 50 10000 100
320 416 50 10000 100
336 416 50 1 100
352 416 50 10000 100
480 416 50 1 100
608 416 50 10000 100
736 416 50 10000 100
800 416 50 10000 100
896 416 50 10000 100
928 416 50 10000 100
992 416 50 10000 100
1040 416 50 10000 100
1056 416 50 10000 100
1136 416 50 10000 100
1152 416 50 1 100
1168 416 50 1 100
1200 416 50 10000 100
1216 416 50 1 100
1232 416 50 1 100
1264 416 50 10000 100
1344 416 50 10000 100
1360 416 50 10000 100
48 432 50 10000 100
80 432 50 10000 100
128 432 50 10000 100
144 432 50 1 100
160 432 50 10000 100
272 432 50 10000 100
320 432 50 1 100
352 432 50 1 100
448 432 50 10000 100
464 432 50 1 100
496 432 50 1 100
512 432 50 1 100
528 432 50 1 100
560 432 50 10000 100
592 432 50 10000 100
640 432 50 10000 100
800 432 50 10000 100
896 432 50 10000 100
912 432 50 10000 100
976 432 50 10000 100
1008 432 50 10000 100
1056 432 50 10000 100
1120 432 50 10000 100
1200 432 50 10000 100
1248 432 50 10000 100
1296 432 50 10000 100
1312 432 50 10000 100
1344 432 50 10000 100
1376 432 50 10000 100
1392 432 50 10000 100
1408 432 50 10000 100
1472 432 50 10000 100
0 448 50 10000 100
64 448 50 10000 100
176 448 50 1 100
192 448 50 1 100
208 448 50 10000 100
288 448 50 10000 100
304 448 50 10000 100
352 448 50 10000 100
368 448 50 10000 100
400 448 50 10000 100
592 448 50 10000 100
608 448 50 10000 100
656 448 50 10000 100
720 448 50 10000 100
736 448 50 10000 100
752 448 50 10000 100
816 448 50 10000 100
848 448 50 10000 100
880 448 50 10000 100
896 448 50 10000 100
944 448 50 10000 100
992 448 50 10000 100
1168 448 50 1 100
1184 448 50 1 100
1248 448 50 10000 100
1312 448 50 10000 100
1328 448 50 10000 100
1472 448 50 10000 100
0 464 50 10000 100
144 464 50 10000 100
160 464 50 1 100
336 464 50 10000 100
352 464 50 10000 100
416 464 50 10000 100
480 464 50 1 100
624 464 50 10000 100
784 464 50 10000 100
832 464 50 10000 100
912 464 50 10000 100
1040 464 50 10000 100
1136 464 50 10000 100
1152 464 50 10000 100
1184 464 50 1 100
1216 464 50 10000 100
1232 464 50 1 100
0 480 50 10000 100
176 480 50 1 100
240 480 50 10000 100
416 480 50 10000 100
496 480 50 1 100
512 480 50 10000 100
528 480 50 10000 100
624 480 50 10000 100
656 480 50 10000 100
688 480 50 10000 100
784 480 50 10000 100
832 480 50 10000 100
912 480 50 10000 100
1056 480 50 10000 100
1120 480 50 10000 100
1152 480 50 10000 100
1184 480 50 1 100
1200 480 50 10000 100
1216 480 50 10000 100
1232 480 50 1 100
1248 480 50 1 100
1264 480 50 10000 100
1424 480 50 10000 100
1472 480 50 10000 100
48 496 50 10000 100
128 496 50 10000 100
144 496 50 10000 100
160 496 50 10000 100
176 496 50 1 100
496 496 50 1 100
512 496 50 10000 100
544 496 50 10000 100
560 496 50 10000 100
576 496 50 10000 100
656 496 50 10000 100
688 496 50 10000 100
720 496 50 10000 100
768 496 50 1 100
784 496 50 1 100
800 496 50 1 100
816 496 50 1 100
848 496 50 10000 100
880 496 50 10000 100
896 496 50 1 100
976 496 50 1 100
992 496 50 10000 100
1056 496 50 10000 100
1072 496 50 10000 100
1184 496 50 1 100
1216 496 50 10000 100
1248 496 50 10000 100
1264 496 50 10000 100
1312 496 50 10000 100
16 512 50 10000 100
64 512 50 10000 100
384 512 50 10000 100
416 512 50 10000 100
496 512 50 10000 100
512 512 50 10000 100
544 512 50 10000 100
592 512 50 10000 100
704 512 50 1 100
736 512 50 1 100
752 512 50 10000 100
800 512 50 10000 100
832 512 50 10000 100
992 512 50 1 100
1056 512 50 10000 100
1120 512 50 10000 100
1152 512 50 10000 100
1168 512 50 10000 100
1200 512 50 1 100
1248 512 50 10000 100
1328 512 50 10000 100
1440 512 50 10000 100
0 528 50 10000 100
48 528 50 10000 100
64 528 50 10000 100
176 528 50 1 100
368 528 50 10000 100
432 528 50 10000 100
496 528 50 1 100
528 528 50 1 100
544 528 50 1 100
576 528 50 10000 100
592 528 50 10000 100
608 528 50 1 100
656 528 50 1 100
688 528 50 1 100
784 528 50 10000 100
880 528 50 10000 100
912 528 50 10000 100
928 528 50 10000 100
1088 528 50 10000 100
1152 528 50 10000 100
1184 528 50 1 100
1200 528 50 10000 100
1248 528 50 1 100
1296 528 50 10000 100
1360 528 50 10000 100
1472 528 50 10000 100
64 544 50 10000 100
176 544 50 1 100
256 544 50 10000 100
336 544 50 10000 100
432 544 50 10000 100
448 544 50 10000 100
496 544 50 10000 100
512 544 50 10000 100
528 544 50 10000 100
544 544 50 1 100
592 544 50 1 100
624 544 50 1 100
688 544 50 10000 100
720 544 50 10000 100
752 544 50 10000 100
816 544 50 10000 100
864 544 50 10000 100
960 544 50 10000 100
1024 544 50 10000 100
1072 544 50 1 100
1184 544 50 1 100
1200 544 50 10000 100
1216 544 50 10000 100
1264 544 50 10000 100
1376 544 50 10000 100
1392 544 50 10000 100
1408 544 50 10000 100
16 560 50 10000 100
32 560 50 10000 100
80 560 50 10000 100
144 560 50 10000 100
176 560 50 1 100
336 560 50 10000 100
352 560 50 10000 100
368 560 50 10000 100
416 560 50 10000 100
432 560 50 10000 100
464 560 50 10000 100
528 560 50 10000 100
560 560 50 10000 100
640 560 50 10000 100
736 560 50 10000 100
848 560 50 10000 100
880 560 50 10000 100
912 560 50 10000 100
928 560 50 10000 100
944 560 50 10000 100
992 560 50 10000 100
1008 560 50 10000 100
1024 560 50 10000 100
1072 560 50 10000 100
1088 560 50 1 100
1184 560 50 1 100
1232 560 50 10000 100
1248 560 50 10000 100
1312 560 50 10000 100
1344 560 50 10000 100
1408 560 50 10000 100
80 576 50 10000 100
144 576 50 10000 100
176 576 50 1 100
240 576 50 10000 100
272 576 50 10000 100
384 576 50 10000 100
400 576 50 10000 100
416 576 50 10000 100
496 576 50 10000 100
816 576 50 10000 100
1008 576 50 10000 100
1024 576 50 10000 100
1088 576 50 1 100
1104 576 50 1 100
1120 576 50 10000 100
1168 576 50 1 100
1232 576 50 10000 100
1472 576 50 10000 100
192 592 50 10000 100
240 592 50 10000 100
288 592 50 10000 100
368 592 50 10000 100
384 592 50 10000 100
448 592 50 10000 100
592 592 50 10000 100
704 592 50 10000 100
784 592 50 10000 100
816 592 50 10000 100
944 592 50 10000 100
960 592 50 10000 100
976 592 50 10000 100
1072 592 50 10000 100
1104 592 50 1 100
1120 592 50 1 100
1248 592 50 1 100
1296 592 50 10000 100
1344 592 50 10000 100
1392 592 50 10000 100
32 608 50 10000 100
64 608 50 10000 100
96 608 50 10000 100
160 608 50 10000 100
192 608 50 1 100
224 608 50 10000 100
240 608 50 10000 100
288 608 50 10000 100
304 608 50 10000 100
368 608 50 10000 100
416 608 50 10000 100
544 608 50 10000 100
592 608 50 10000 100
640 608 50 10000 100
656 608 50 10000 100
912 608 50 10000 100
944 608 50 10000 100
1120 608 50 1 100
1136 608 50 10000 100
1232 608 50 1 100
1280 608 50 10000 100
1408 608 50 10000 100
1440 608 50 10000 100
32 624 50 10000 100
48 624 50 10000 100
128 624 50 10000 100
144 624 50 10000 100
160 624 50 10000 100
176 624 50 1 100
192 624 50 10000 100
208 624 50 10000 100
240 624 50 10000 100
336 624 50 10000 100
384 624 50 10000 100
544 624 50 10000 100
560 624 50 10000 100
656 624 50 10000 100
688 624 50 10000 100
736 624 50 10000 100
768 624 50 10000 100
880 624 50 10000 100
896 624 50 10000 100
944 624 50 10000 100
992 624 50 10000 100
1104 624 50 10000 100
1184 624 50 10000 100
1232 624 50 1 100
1312 624 50 10000 100
1344 624 50 10000 100
1424 624 50 10000 100
48 640 50 10000 100
128 640 50 10000 100
208 640 50 10000 100
256 640 50 10000 100
304 640 50 10000 100
336 640 50 10000 100
384 640 50 10000 100
672 640 50 10000 100
944 640 50 10000 100
1024 640 50 10000 100
1168 640 50 10000 100
1200 640 50 1 100
1216 640 50 1 100
1232 640 50 10000 100
1264 640 50 10000 100
1280 640 50 10000 100
1296 640 50 10000 100
1312 640 50 10000 100
1360 640 50 10000 100
1440 640 50 10000 100
0 656 50 10000 100
16 656 50 10000 100
32 656 50 10000 100
96 656 50 10000 100
112 656 50 10000 100
128 656 50 10000 100
160 656 50 10000 100
192 656 50 1 100
288 656 50 10000 100
304 656 50 10000 100
400 656 50 10000 100
448 656 50 10000 100
560 656 50 10000 100
608 656 50 10000 100
624 656 50 10000 100
656 656 50 10000 100
672 656 50 10000 100
752 656 50 10000 100
768 656 50 10000 100
784 656 50 10000 100
816 656 50 10000 100
912 656 50 10000 100
1056 656 50 10000 100
1136 656 50 1 100
1152 656 50 10000 100
1168 656 50 1 100
1184 656 50 1 100
1248 656 50 10000 100
1328 656 50 10000 100
1344 656 50 10000 100
1360 656 50 10000 100
1392 656 50 10000 100
1456 656 50 10000 100
16 672 50 10000 100
112 672 50 10000 100
160 672 50 10000 100
192 672 50 1 100
224 672 50 10000 100
256 672 50 10000 100
384 672 50 10000 100
448 672 50 10000 100
496 672 50 10000 100
560 672 50 10000 100
656 672 50 10000 100
720 672 50 10000 100
736 672 50 10000 100
752 672 50 10000 100
784 672 50 10000 100
896 672 50 10000 100
960 672 50 10000 100
976 672 50 10000 100
1072 672 50 10000 100
1104 672 50 10000 100
1152 672 50 1 100
1168 672 50 1 100
1200 672 50 10000 100
1248 672 50 10000 100
1360 672 50 10000 100
1376 672 50 10000 100
1424 672 50 10000 100
48 688 50 10000 100
192 688 50 1 100
304 688 50 10000 100
512 688 50 10000 100
544 688 50 10000 100
560 688 50 10000 100
624 688 50 10000 100
656 688 50 10000 100
704 688 50 10000 100
752 688 50 10000 100
768 688 50 10000 100
832 688 50 10000 100
880 688 50 10000 100
944 688 50 10000 100
1040 688 50 10000 100
1104 688 50 10000 100
1120 688 50 10000 100
1200 688 50 10000 100
1216 688 50 10000 100
1296 688 50 10000 100
16 704 50 10000 100
48 704 50 10000 100
144 704 50 10000 100
192 704 50 1 100
224 704 50 10000 100
336 704 50 10000 100
400 704 50 10000 100
576 704 50 10000 100
912 704 50 10000 100
944 704 50 10000 100
1040 704 50 10000 100
1056 704 50 10000 100
1072 704 50 10000 100
1104 704 50 10000 100
1120 704 50 10000 100
1136 704 50 10000 100
1152 704 50 1 100
1168 704 50 1 100
1328 704 50 10000 100
1344 704 50 10000 100
1424 704 50 10000 100
0 720 50 10000 100
128 720 50 10000 100
192 720 50 1 100
208 720 50 1 100
240 720 50 10000 100
256 720 50 10000 100
384 720 50 10000 100
448 720 50 10000 100
528 720 50 10000 100
560 720 50 10000 100
576 720 50 10000 100
608 720 50 10000 100
672 720 50 10000 100
768 720 50 10000 100
832 720 50 10000 100
944 720 50 10000 100
976 720 50 10000 100
1008 720 50 10000 100
1136 720 50 10000 100
1168 720 50 10000 100
1216 720 50 10000 100
1248 720 50 10000 100
1456 720 50 10000 100
32 736 50 10000 100
48 736 50 10000 100
80 736 50 10000 100
192 736 50 1 100
208 736 50 1 100
352 736 50 10000 100
368 736 50 10000 100
400 736 50 10000 100
416 736 50 10000 100
432 736 50 10000 100
560 736 50 10000 100
576 736 50 10000 100
608 736 50 10000 100
800 736 50 10000 100
832 736 50 10000 100
880 736 50 10000 100
976 736 50 10000 100
1056 736 50 10000 100
1072 736 50 10000 100
1088 736 50 10000 100
1216 736 50 10000 100
1248 736 50 10000 100
1312 736 50 10000 100
1376 736 50 10000 100
1456 736 50 10000 100
1472 736 50 10000 100
0 752 50 10000 100
112 752 50 10000 100
144 752 50 10000 100
208 752 50 1 100
240 752 50 10000 100
256 752 50 10000 100
288 752 50 10000 100
304 752 50 10000 100
384 752 50 10000 100
560 752 50 10000 100
608 752 50 10000 100
672 752 50 10000 100
848 752 50 10000 100
896 752 50 10000 100
960 752 50 10000 100
976 752 50 10000 100
992 752 50 10000 100
1168 752 50 1 100
1280 752 50 10000 100
1296 752 50 10000 100
1344 752 50 10000 100
1360 752 50 10000 100
1440 752 50 10000 100
0 768 50 10000 100
48 768 50 10000 100
80 768 50 10000 100
128 768 50 10000 100
144 768 50 10000 100
272 768 50 10000 100
320 768 50 10000 100
368 768 50 10000 100
560 768 50 10000 100
576 768 50 10000 100
640 768 50 10000 100
656 768 50 10000 100
768 768 50 10000 100
784 768 50 10000 100
848 768 50 10000 100
880 768 50 10000 100
928 768 50 10000 100
944 768 50 10000 100
1088 768 50 10000 100
1120 768 50 10000 100
1168 768 50 1 100
1200 768 50 10000 100
1264 768 50 10000 100
1312 768 50 10000 100
1344 768 50 10000 100
1376 768 50 10000 100
1424 768 50 10000 100
1456 768 50 10000 100
80 784 50 10000 100
160 784 50 10000 100
176 784 50 10000 100
208 784 50 1 100
272 784 50 10000 100
464 784 50 10000 100
496 784 50 10000 100
512 784 50 10000 100
624 784 50 10000 100
672 784 50 10000 100
704 784 50 10000 100
752 784 50 10000 100
880 784 50 10000 100
928 784 50 10000 100
1280 784 50 10000 100
1328 784 50 10000 100
1424 784 50 10000 100
16 800 50 10000 100
32 800 50 10000 100
80 800 50 10000 100
96 800 50 10000 100
144 800 50 10000 100
208 800 50 10000 100
304 800 50 10000 100
320 800 50 10000 100
400 800 50 10000 100
432 800 50 10000 100
480 800 50 10000 100
496 800 50 10000 100
512 800 50 10000 100
576 800 50 10000 100
720 800 50 10000 100
752 800 50 10000 100
768 800 50 10000 100
848 800 50 10000 100
896 800 50 10000 100
1008 800 50 10000 100
1024 800 50 10000 100
1152 800 50 10000 100
1168 800 50 10000 100
1200 800 50 10000 100
1216 800 50 10000 100
1312 800 50 10000 100
1344 800 50 10000 100
1360 800 50 10000 100
1456 800 50 10000 100
80 816 50 10000 100
128 816 50 10000 100
224 816 50 1 100
240 816 50 10000 100
528 816 50 10000 100
544 816 50 10000 100
560 816 50 10000 100
608 816 50 10000 100
672 816 50 10000 100
704 816 50 10000 100
736 816 50 10000 100
816 816 50 10000 100
864 816 50 10000 100
880 816 50 10000 100
912 816 50 10000 100
1152 816 50 10000 100
1168 816 50 1 100
1280 816 50 10000 100
224 832 50 1 100
240 832 50 1 100
272 832 50 10000 100
304 832 50 10000 100
352 832 50 10000 100
464 832 50 10000 100
544 832 50 10000 100
624 832 50 10000 100
720 832 50 10000 100
752 832 50 10000 100
800 832 50 10000 100
832 832 50 10000 100
880 832 50 10000 100
976 832 50 10000 100
992 832 50 10000 100
1120 832 50 10000 100
1168 832 50 1 100
1216 832 50 10000 100
32 848 50 10000 100
192 848 50 10000 100
208 848 50 10000 100
240 848 50 1 100
256 848 50 10000 100
272 848 50 10000 100
448 848 50 10000 100
512 848 50 10000 100
592 848 50 10000 100
608 848 50 10000 100
640 848 50 10000 100
656 848 50 10000 100
752 848 50 10000 100
896 848 50 1 100
912 848 50 10000 100
1168 848 50 1 100
1184 848 50 10000 100
1392 848 50 10000 100
1408 848 50 10000 100
32 864 50 10000 100
48 864 50 10000 100
96 864 50 10000 100
176 864 50 10000 100
208 864 50 10000 100
272 864 50 10000 100
336 864 50 10000 100
720 864 50 10000 100
864 864 50 10000 100
896 864 50 1 100
912 864 50 1 100
1008 864 50 10000 100
1056 864 50 10000 100
1168 864 50 1 100
1232 864 50 10000 100
1264 864 50 10000 100
1280 864 50 10000 100
1360 864 50 10000 100
1392 864 50 10000 100
1408 864 50 10000 100
32 880 50 10000 100
64 880 50 10000 100
160 880 50 10000 100
176 880 50 10000 100
192 880 50 10000 100
240 880 50 1 100
320 880 50 10000 100
384 880 50 10000 100
400 880 50 10000 100
640 880 50 10000 100
688 880 50 10000 100
768 880 50 10000 100
784 880 50 10000 100
800 880 50 1 100
816 880 50 1 100
848 880 50 1 100
864 880 50 1 100
880 880 50 1 100
912 880 50 1 100
976 880 50 10000 100
1008 880 50 10000 100
1088 880 50 10000 100
1136 880 50 10000 100
1152 880 50 1 100
1168 880 50 1 100
1264 880 50 10000 100
1360 880 50 10000 100
1392 880 50 10000 100
1408 880 50 10000 100
96 896 50 10000 100
128 896 50 10000 100
160 896 50 10000 100
224 896 50 10000 100
240 896 50 1 100
304 896 50 1 100
336 896 50 10000 100
432 896 50 10000 100
736 896 50 1 100
784 896 50 1 100
800 896 50 1 100
912 896 50 1 100
928 896 50 1 100
944 896 50 1 100
976 896 50 10000 100
1008 896 50 10000 100
1104 896 50 10000 100
1152 896 50 1 100
1168 896 50 1 100
1232 896 50 10000 100
1264 896 50 10000 100
1360 896 50 10000 100
1424 896 50 10000 100
1472 896 50 10000 100
208 912 50 10000 100
352 912 50 1 100
368 912 50 10000 100
448 912 50 10000 100
528 912 50 1 100
640 912 50 10000 100
672 912 50 1 100
688 912 50 10000 100
704 912 50 1 100
720 912 50 1 100
736 912 50 1 100
960 912 50 1 100
1024 912 50 10000 100
1056 912 50 10000 100
1104 912 50 10000 100
1200 912 50 10000 100
1264 912 50 10000 100
1408 912 50 10000 100
1440 912 50 10000 100
1472 912 50 10000 100
80 928 50 10000 100
192 928 50 10000 100
224 928 50 10000 100
256 928 50 1 100
336 928 50 10000 100
352 928 50 10000 100
368 928 50 1 100
512 928 50 10000 100
528 928 50 1 100
544 928 50 1 100
560 928 50 1 100
608 928 50 1 100
624 928 50 1 100
640 928 50 10000 100
656 928 50 1 100
672 928 50 1 100
784 928 50 1 100
896 928 50 10000 100
912 928 50 10000 100
1024 928 50 10000 100
1104 928 50 10000 100
1152 928 50 10000 100
1168 928 50 10000 100
1232 928 50 10000 100
1360 928 50 10000 100
1392 928 50 10000 100
0 944 50 10000 100
32 944 50 10000 100
48 944 50 10000 100
64 944 50 10000 100
144 944 50 10000 100
192 944 50 10000 100
240 944 50 10000 100
256 944 50 10000 100
272 944 50 10000 100
304 944 50 10000 100
320 944 50 10000 100
368 944 50 1 100
384 944 50 1 100
464 944 50 10000 100
496 944 50 10000 100
512 944 50 10000 100
528 944 50 1 100
544 944 50 1 100
560 944 50 1 100
576 944 50 10000 100
592 944 50 1 100
720 944 50 10000 100
768 944 50 10000 100
784 944 50 10000 100
816 944 50 10000 100
864 944 50 10000 100
912 944 50 10000 100
928 944 50 10000 100
944 944 50 10000 100
1024 944 50 10000 100
1088 944 50 10000 100
1152 944 50 1 100
1168 944 50 1 100
1296 944 50 10000 100
1312 944 50 10000 100
1344 944 50 10000 100
1376 944 50 10000 100
1392 944 50 10000 100
0 960 50 10000 100
32 960 50 10000 100
128 960 50 10000 100
176 960 50 10000 100
256 960 50 1 100
288 960 50 10000 100
368 960 50 1 100
384 960 50 10000 100
400 960 50 1 100
464 960 50 10000 100
480 960 50 10000 100
512 960 50 10000 100
528 960 50 1 100
576 960 50 10000 100
640 960 50 10000 100
752 960 50 10000 100
768 960 50 10000 100
784 960 50 1 100
800 960 50 1 100
912 960 50 10000 100
928 960 50 10000 100
944 960 50 1 100
960 960 50 1 100
976 960 50 1 100
992 960 50 1 100
1024 960 50 10000 100
1120 960 50 10000 100
1152 960 50 1 100
1168 960 50 10000 100
1184 960 50 10000 100
1216 960 50 10000 100
1328 960 50 10000 100
1376 960 50 10000 100
1408 960 50 10000 100
80 976 50 10000 100
112 976 50 10000 100
144 976 50 10000 100
192 976 50 10000 100
208 976 50 10000 100
272 976 50 10000 100
288 976 50 10000 100
352 976 50 1 100
368 976 50 1 100
384 976 50 10000 100
416 976 50 10000 100
528 976 50 1 100
592 976 50 10000 100
672 976 50 10000 100
688 976 50 10000 100
800 976 50 10000 100
864 976 50 10000 100
896 976 50 10000 100
992 976 50 1 100
1008 976 50 1 100
1024 976 50 10000 100
1072 976 50 10000 100
1088 976 50 10000 100
1120 976 50 10000 100
1152 976 50 1 100
1232 976 50 10000 100
1344 976 50 10000 100
320 992 50 10000 100
352 992 50 1 100
368 992 50 1 100
416 992 50 1 100
528 992 50 1 100
592 992 50 10000 100
672 992 50 10000 100
800 992 50 1 100
816 992 50 1 100
880 992 50 10000 100
896 992 50 10000 100
944 992 50 1 100
976 992 50 10000 100
1008 992 50 1 100
1152 992 50 1 100
1168 992 50 10000 100
1200 992 50 10000 100
1216 992 50 10000 100
1264 992 50 10000 100
1376 992 50 10000 100
1424 992 50 10000 100
96 1008 50 10000 100
128 1008 50 10000 100
208 1008 50 10000 100
240 1008 50 10000 100
256 1008 50 10000 100
304 1008 50 10000 100
368 1008 50 1 100
384 1008 50 10000 100
400 1008 50 10000 100
416 1008 50 1 100
432 1008 50 1 100
480 1008 50 10000 100
512 1008 50 10000 100
528 1008 50 1 100
608 1008 50 10000 100
752 1008 50 10000 100
784 1008 50 10000 100
816 1008 50 1 100
896 1008 50 10000 100
1024 1008 50 1 100
1056 1008 50 10000 100
1120 1008 50 10000 100
1136 1008 50 1 100
1152 1008 50 1 100
1184 1008 50 10000 100
1216 1008 50 10000 100
1232 1008 50 10000 100
1424 1008 50 10000 100
32 1024 50 10000 100
48 1024 50 10000 100
64 1024 50 10000 100
272 1024 50 1 100
432 1024 50 1 100
480 1024 50 10000 100
528 1024 50 1 100
544 1024 50 10000 100
560 1024 50 10000 100
688 1024 50 10000 100
784 1024 50 10000 100
800 1024 50 10000 100
832 1024 50 1 100
864 1024 50 10000 100
912 1024 50 10000 100
928 1024 50 1 100
1024 1024 50 1 100
1056 1024 50 10000 100
1104 1024 50 10000 100
1120 1024 50 10000 100
1216 1024 50 10000 100
1344 1024 50 10000 100
1408 1024 50 10000 100
1472 1024 50 10000 100
0 1040 50 10000 100
16 1040 50 10000 100
80 1040 50 10000 100
192 1040 50 10000 100
272 1040 50 1 100
336 1040 50 10000 100
352 1040 50 10000 100
416 1040 50 10000 100
432 1040 50 1 100
480 1040 50 10000 100
512 1040 50 10000 100
608 1040 50 10000 100
656 1040 50 10000 100
672 1040 50 10000 100
912 1040 50 1 100
992 1040 50 10000 100
1024 1040 50 1 100
1168 1040 50 10000 100
1184 1040 50 10000 100
1360 1040 50 10000 100
1408 1040 50 10000 100
16 1056 50 10000 100
128 1056 50 10000 100
336 1056 50 10000 100
352 1056 50 1 100
400 1056 50 10000 100
432 1056 50 1 100
448 1056 50 1 100
464 1056 50 10000 100
512 1056 50 10000 100
528 1056 50 1 100
560 1056 50 10000 100
720 1056 50 10000 100
832 1056 50 1 100
944 1056 50 10000 100
1120 1056 50 1 100
1200 1056 50 10000 100
1264 1056 50 10000 100
1344 1056 50 10000 100
1360 1056 50 10000 100
1392 1056 50 10000 100
16 1072 50 10000 100
112 1072 50 10000 100
160 1072 50 10000 100
256 1072 50 10000 100
352 1072 50 1 100
448 1072 50 10000 100
480 1072 50 10000 100
512 1072 50 10000 100
720 1072 50 10000 100
768 1072 50 10000 100
784 1072 50 10000 100
832 1072 50 10000 100
864 1072 50 10000 100
896 1072 50 1 100
912 1072 50 10000 100
944 1072 50 10000 100
960 1072 50 10000 100
976 1072 50 10000 100
1040 1072 50 1 100
1056 1072 50 10000 100
1120 1072 50 1 100
1216 1072 50 10000 100
1344 1072 50 10000 100
1456 1072 50 10000 100
32 1088 50 10000 100
80 1088 50 10000 100
272 1088 50 1 100
288 1088 50 1 100
304 1088 50 10000 100
432 1088 50 10000 100
528 1088 50 10000 100
640 1088 50 10000 100
704 1088 50 10000 100
720 1088 50 10000 100
832 1088 50 1 100
896 1088 50 10000 100
1040 1088 50 1 100
1072 1088 50 10000 100
1104 1088 50 1 100
1136 1088 50 10000 100
1168 1088 50 10000 100
1200 1088 50 10000 100
1280 1088 50 10000 100
1328 1088 50 10000 100
1408 1088 50 10000 100
48 1104 50 10000 100
64 1104 50 10000 100
80 1104 50 10000 100
240 1104 50 10000 100
272 1104 50 10000 100
288 1104 50 1 100
320 1104 50 10000 100
352 1104 50 1 100
448 1104 50 1 100
736 1104 50 10000 100
816 1104 50 1 100
832 1104 50 1 100
896 1104 50 10000 100
912 1104 50 10000 100
1008 1104 50 10000 100
1040 1104 50 1 100
1104 1104 50 1 100
1168 1104 50 10000 100
1264 1104 50 10000 100
1328 1104 50 10000 100
1360 1104 50 10000 100
1392 1104 50 10000 100
1424 1104 50 10000 100
112 1120 50 10000 100
304 1120 50 10000 100
352 1120 50 1 100
384 1120 50 10000 100
448 1120 50 10000 100
480 1120 50 10000 100
512 1120 50 10000 100
528 1120 50 1 100
560 1120 50 10000 100
576 1120 50 10000 100
592 1120 50 10000 100
608 1120 50 10000 100
688 1120 50 10000 100
720 1120 50 10000 100
736 1120 50 10000 100
784 1120 50 10000 100
816 1120 50 1 100
896 1120 50 10000 100
944 1120 50 10000 100
1024 1120 50 10000 100
1040 1120 50 1 100
1136 1120 50 10000 100
1216 1120 50 10000 100
1392 1120 50 10000 100
1440 1120 50 10000 100
0 1136 50 10000 100
16 1136 50 10000 100
128 1136 50 10000 100
176 1136 50 10000 100
208 1136 50 10000 100
288 1136 50 1 100
320 1136 50 10000 100
400 1136 50 10000 100
448 1136 50 1 100
480 1136 50 10000 100
496 1136 50 10000 100
576 1136 50 10000 100
688 1136 50 10000 100
720 1136 50 10000 100
736 1136 50 10000 100
768 1136 50 10000 100
816 1136 50 1 100
880 1136 50 1 100
896 1136 50 10000 100
976 1136 50 10000 100
1040 1136 50 1 100
1072 1136 50 10000 100
1104 1136 50 1 100
1120 1136 50 10000 100
1216 1136 50 10000 100
1264 1136 50 10000 100
1280 1136 50 10000 100
1328 1136 50 10000 100
1392 1136 50 10000 100
1408 1136 50 10000 100
48 1152 50 10000 100
96 1152 50 10000 100
240 1152 50 1 100
256 1152 50 10000 100
272 1152 50 10000 100
336 1152 50 10000 100
448 1152 50 1 100
464 1152 50 10000 100
528 1152 50 1 100
608 1152 50 10000 100
656 1152 50 10000 100
704 1152 50 10000 100
736 1152 50 10000 100
816 1152 50 10000 100
864 1152 50 10000 100
880 1152 50 1 100
944 1152 50 10000 100
992 1152 50 10000 100
1040 1152 50 1 100
1072 1152 50 10000 100
1104 1152 50 1 100
1248 1152 50 10000 100
1376 1152 50 10000 100
0 1168 50 10000 100
64 1168 50 10000 100
160 1168 50 10000 100
240 1168 50 10000 100
272 1168 50 10000 100
288 1168 50 10000 100
400 1168 50 10000 100
432 1168 50 1 100
448 1168 50 1 100
480 1168 50 10000 100
528 1168 50 10000 100
560 1168 50 10000 100
768 1168 50 1 100
800 1168 50 1 100
832 1168 50 10000 100
896 1168 50 10000 100
1024 1168 50 10000 100
1040 1168 50 10000 100
1088 1168 50 1 100
1104 1168 50 1 100
1184 1168 50 10000 100
1216 1168 50 10000 100
1248 1168 50 10000 100
1360 1168 50 10000 100
1440 1168 50 10000 100
48 1184 50 10000 100
64 1184 50 10000 100
176 1184 50 10000 100
208 1184 50 10000 100
240 1184 50 1 100
288 1184 50 10000 100
336 1184 50 1 100
416 1184 50 1 100
432 1184 50 10000 100
528 1184 50 10000 100
672 1184 50 10000 100
688 1184 50 10000 100
752 1184 50 10000 100
768 1184 50 1 100
784 1184 50 10000 100
816 1184 50 10000 100
880 1184 50 1 100
960 1184 50 10000 100
1008 1184 50 1 100
1024 1184 50 1 100
1072 1184 50 10000 100
1088 1184 50 1 100
1104 1184 50 10000 100
1120 1184 50 10000 100
1344 1184 50 10000 100
64 1200 50 10000 100
240 1200 50 1 100
256 1200 50 10000 100
304 1200 50 10000 100
336 1200 50 1 100
352 1200 50 10000 100
400 1200 50 10000 100
512 1200 50 1 100
640 1200 50 10000 100
672 1200 50 10000 100
736 1200 50 10000 100
816 1200 50 10000 100
992 1200 50 1 100
1008 1200 50 1 100
1024 1200 50 1 100
1056 1200 50 10000 100
1072 1200 50 10000 100
1088 1200 50 1 100
1136 1200 50 10000 100
1152 1200 50 10000 100
1200 1200 50 10000 100
1248 1200 50 10000 100
1280 1200 50 10000 100
1472 1200 50 10000 100
0 1216 50 10000 100
16 1216 50 10000 100
64 1216 50 10000 100
288 1216 50 1 100
304 1216 50 1 100
320 1216 50 1 100
416 1216 50 10000 100
432 1216 50 1 100
448 1216 50 1 100
464 1216 50 1 100
480 1216 50 1 100
496 1216 50 1 100
560 1216 50 10000 100
608 1216 50 10000 100
784 1216 50 1 100
816 1216 50 1 100
832 1216 50 1 100
848 1216 50 1 100
976 1216 50 10000 100
1056 1216 50 10000 100
1072 1216 50 1 100
1088 1216 50 1 100
1104 1216 50 10000 100
1120 1216 50 10000 100
1168 1216 50 10000 100
1216 1216 50 10000 100
1312 1216 50 10000 100
1344 1216 50 10000 100
1392 1216 50 10000 100
1456 1216 50 10000 100
48 1232 50 10000 100
80 1232 50 10000 100
176 1232 50 10000 100
192 1232 50 10000 100
304 1232 50 10000 100
320 1232 50 10000 100
448 1232 50 10000 100
592 1232 50 10000 100
608 1232 50 10000 100
624 1232 50 10000 100
640 1232 50 10000 100
656 1232 50 10000 100
784 1232 50 10000 100
832 1232 50 10000 100
864 1232 50 10000 100
880 1232 50 10000 100
896 1232 50 10000 100
976 1232 50 10000 100
992 1232 50 1 100
1024 1232 50 10000 100
1072 1232 50 1 100
1088 1232 50 1 100
1120 1232 50 10000 100
1168 1232 50 10000 100
1200 1232 50 10000 100
1296 1232 50 10000 100
1472 1232 50 10000 100
16 1248 50 10000 100
32 1248 50 10000 100
96 1248 50 10000 100
128 1248 50 10000 100
160 1248 50 10000 100
192 1248 50 10000 100
224 1248 50 10000 100
256 1248 50 10000 100
288 1248 50 10000 100
352 1248 50 10000 100
400 1248 50 10000 100
448 1248 50 10000 100
544 1248 50 10000 100
576 1248 50 10000 100
624 1248 50 10000 100
656 1248 50 10000 100
672 1248 50 10000 100
752 1248 50 10000 100
816 1248 50 10000 100
896 1248 50 10000 100
944 1248 50 10000 100
976 1248 50 10000 100
1024 1248 50 1 100
1040 1248 50 1 100
1072 1248 50 1 100
1088 1248 50 10000 100
1200 1248 50 10000 100
1280 1248 50 10000 100
1328 1248 50 10000 100
1344 1248 50 10000 100
1472 1248 50 10000 100
144 1264 50 10000 100
160 1264 50 10000 100
240 1264 50 10000 100
256 1264 50 10000 100
272 1264 50 10000 100
368 1264 50 10000 100
448 1264 50 10000 100
496 1264 50 10000 100
528 1264 50 10000 100
752 1264 50 10000 100
768 1264 50 10000 100
784 1264 50 10000 100
800 1264 50 10000 100
912 1264 50 10000 100
1008 1264 50 10000 100
1040 1264 50 10000 100
1120 1264 50 10000 100
1184 1264 50 10000 100
1216 1264 50 10000 100
1360 1264 50 10000 100
256 1280 50 10000 100
384 1280 50 10000 100
432 1280 50 10000 100
544 1280 50 10000 100
576 1280 50 10000 100
640 1280 50 10000 100
784 1280 50 10000 100
800 1280 50 10000 100
848 1280 50 10000 100
896 1280 50 10000 100
928 1280 50 10000 100
1056 1280 50 10000 100
1088 1280 50 10000 100
1136 1280 50 10000 100
1216 1280 50 10000 100
1248 1280 50 10000 100
1376 1280 50 10000 100
1392 1280 50 10000 100
1424 1280 50 10000 100
0 1296 50 10000 100
128 1296 50 10000 100
208 1296 50 10000 100
352 1296 50 10000 100
400 1296 50 10000 100
464 1296 50 10000 100
480 1296 50 10000 100
544 1296 50 10000 100
592 1296 50 10000 100
640 1296 50 10000 100
656 1296 50 10000 100
784 1296 50 10000 100
848 1296 50 10000 100
880 1296 50 10000 100
1024 1296 50 10000 100
1040 1296 50 10000 100
1088 1296 50 10000 100
1216 1296 50 10000 100
1232 1296 50 10000 100
1248 1296 50 10000 100
1264 1296 50 10000 100
1280 1296 50 10000 100
1376 1296 50 10000 100
1408 1296 50 10000 100
1440 1296 50 10000 100
32 1312 50 10000 100
128 1312 50 10000 100
192 1312 50 10000 100
224 1312 50 10000 100
336 1312 50 10000 100
448 1312 50 10000 100
592 1312 50 10000 100
624 1312 50 10000 100
800 1312 50 10000 100
864 1312 50 10000 100
912 1312 50 10000 100
944 1312 50 10000 100
992 1312 50 10000 100
1056 1312 50 10000 100
1120 1312 50 10000 100
1216 1312 50 10000 100
1264 1312 50 10000 100
1328 1312 50 10000 100
1344 1312 50 10000 100
1360 1312 50 10000 100
1408 1312 50 10000 100
16 1328 50 10000 100
48 1328 50 10000 100
208 1328 50 10000 100
256 1328 50 10000 100
400 1328 50 10000 100
464 1328 50 10000 100
656 1328 50 10000 100
688 1328 50 10000 100
752 1328 50 10000 100
784 1328 50 10000 100
848 1328 50 10000 100
864 1328 50 10000 100
880 1328 50 10000 100
896 1328 50 10000 100
912 1328 50 10000 100
976 1328 50 10000 100
1024 1328 50 10000 100
1088 1328 50 10000 100
1120 1328 50 10000 100
1136 1328 50 10000 100
1184 1328 50 10000 100
1200 1328 50 10000 100
1232 1328 50 10000 100
1296 1328 50 10000 100
1440 1328 50 10000 100
0 1344 50 10000 100
16 1344 50 10000 100
160 1344 50 10000 100
224 1344 50 10000 100
464 1344 50 10000 100
528 1344 50 10000 100
544 1344 50 10000 100
576 1344 50 10000 100
704 1344 50 10000 100
832 1344 50 10000 100
864 1344 50 10000 100
880 1344 50 10000 100
896 1344 50 10000 100
912 1344 50 10000 100
1168 1344 50 10000 100
1216 1344 50 10000 100
1232 1344 50 10000 100
1248 1344 50 10000 100
1296 1344 50 10000 100
1328 1344 50 10000 100
1360 1344 50 10000 100
1440 1344 50 10000 100
1456 1344 50 10000 100
1472 1344 50 10000 100
48 1360 50 10000 100
208 1360 50 10000 100
224 1360 50 10000 100
272 1360 50 10000 100
432 1360 50 10000 100
528 1360 50 10000 100
544 1360 50 10000 100
560 1360 50 10000 100
576 1360 50 10000 100
720 1360 50 10000 100
880 1360 50 10000 100
912 1360 50 10000 100
1136 1360 50 10000 100
1168 1360 50 10000 100
1200 1360 50 10000 100
1216 1360 50 10000 100
1232 1360 50 10000 100
1264 1360 50 10000 100
1408 1360 50 10000 100
0 1376 50 10000 100
32 1376 50 10000 100
48 1376 50 10000 100
64 1376 50 10000 100
80 1376 50 10000 100
176 1376 50 10000 100
336 1376 50 10000 100
416 1376 50 10000 100
464 1376 50 10000 100
576 1376 50 10000 100
640 1376 50 10000 100
688 1376 50 10000 100
704 1376 50 10000 100
720 1376 50 10000 100
752 1376 50 10000 100
800 1376 50 10000 100
912 1376 50 10000 100
976 1376 50 10000 100
1056 1376 50 10000 100
1216 1376 50 10000 100
1280 1376 50 10000 100
1296 1376 50 10000 100
1312 1376 50 10000 100
0 1392 50 10000 100
80 1392 50 10000 100
272 1392 50 10000 100
352 1392 50 10000 100
368 1392 50 10000 100
384 1392 50 10000 100
464 1392 50 10000 100
544 1392 50 10000 100
576 1392 50 10000 100
608 1392 50 10000 100
624 1392 50 10000 100
672 1392 50 10000 100
688 1392 50 10000 100
704 1392 50 10000 100
880 1392 50 10000 100
976 1392 50 10000 100
992 1392 50 10000 100
1008 1392 50 10000 100
1056 1392 50 10000 100
1184 1392 50 10000 100
1216 1392 50 10000 100
1312 1392 50 10000 100
1392 1392 50 10000 100
1440 1392 50 10000 100
16 1408 50 10000 100
48 1408 50 10000 100
144 1408 50 10000 100
192 1408 50 10000 100
304 1408 50 10000 100
352 1408 50 10000 100
368 1408 50 10000 100
432 1408 50 10000 100
464 1408 50 10000 100
496 1408 50 10000 100
544 1408 50 10000 100
624 1408 50 10000 100
912 1408 50 10000 100
992 1408 50 10000 100
1104 1408 50 10000 100
1232 1408 50 10000 100
1264 1408 50 10000 100
1328 1408 50 10000 100
1392 1408 50 10000 100
1408 1408 50 10000 100
1424 1408 50 10000 100
1456 1408 50 10000 100
64 1424 50 10000 100
160 1424 50 10000 100
384 1424 50 10000 100
432 1424 50 10000 100
592 1424 50 10000 100
816 1424 50 10000 100
1024 1424 50 10000 100
1104 1424 50 10000 100
1168 1424 50 10000 100
1280 1424 50 10000 100
1312 1424 50 10000 100
1472 1424 50 10000 100
0 1440 50 10000 100
16 1440 50 10000 100
48 1440 50 10000 100
112 1440 50 10000 100
160 1440 50 10000 100
176 1440 50 10000 100
192 1440 50 10000 100
208 1440 50 10000 100
240 1440 50 10000 100
256 1440 50 10000 100
384 1440 50 10000 100
560 1440 50 10000 100
656 1440 50 10000 100
864 1440 50 10000 100
880 1440 50 10000 100
960 1440 50 10000 100
1040 1440 50 10000 100
1056 1440 50 10000 100
1120 1440 50 10000 100
1152 1440 50 10000 100
1264 1440 50 10000 100
1424 1440 50 10000 100
1440 1440 50 10000 100
