50
111
50
1
1
1
483
600
1001
1023
777
2730
258 27 100 1 1
269 27 100 1 1
280 27 100 1 1
731 27 100 1 1
742 27 100 1 1
753 27 100 1 1
258 38 100 1 1
269 38 100 1000 100
280 38 100 1 1
720 38 100 1 1
731 38 100 1 1
742 38 100 1000 100
753 38 100 1 1
236 49 100 1 1
247 49 100 1 1
258 49 100 1 1
269 49 100 1000 100
280 49 100 1 1
720 49 100 1 1
731 49 100 1000 100
742 49 100 1000 100
753 49 100 1 1
764 49 100 1 1
225 60 100 1 1
236 60 100 1 1
247 60 100 1000 100
258 60 100 1000 100
269 60 100 1000 100
280 60 100 1 1
720 60 100 1 1
731 60 100 1000 100
742 60 100 1 1
753 60 100 1000 100
764 60 100 1 1
225 71 100 1 1
236 71 100 1000 100
247 71 100 1 1
258 71 100 1 1
269 71 100 1000 100
280 71 100 1 1
720 71 100 1 1
731 71 100 1000 100
742 71 100 1 1
753 71 100 1000 100
764 71 100 1 1
225 82 100 1 1
236 82 100 1000 100
247 82 100 1 1
258 82 100 1 1
269 82 100 1000 100
280 82 100 1 1
291 82 100 1 1
709 82 100 1 1
720 82 100 1 1
731 82 100 1000 100
742 82 100 1 1
753 82 100 1000 100
764 82 100 1 1
775 82 100 1 1
786 82 100 1 1
203 93 100 1 1
214 93 100 1 1
225 93 100 1 1
236 93 100 1000 100
247 93 100 1 1
258 93 100 1 1
269 93 100 1 1
280 93 100 1000 100
291 93 100 1 1
302 93 100 1 1
313 93 100 1 1
390 93 100 1 1
401 93 100 1 1
412 93 100 1 1
423 93 100 1 1
434 93 100 1 1
445 93 100 1 1
456 93 100 1 1
467 93 100 1 1
478 93 100 1 1
489 93 100 1 1
500 93 100 1 1
511 93 100 1 1
522 93 100 1 1
533 93 100 1 1
544 93 100 1 1
555 93 100 1 1
566 93 100 1 1
698 93 100 1 1
709 93 100 1 1
720 93 100 1000 100
731 93 100 1 1
742 93 100 1 1
753 93 100 1 1
764 93 100 1000 100
775 93 100 1000 100
786 93 100 1 1
203 104 100 1 1
214 104 100 1000 100
225 104 100 1000 100
236 104 100 1 1
247 104 100 1 1
269 104 100 1 1
280 104 100 1 1
291 104 100 1000 100
302 104 100 1000 100
313 104 100 1 1
324 104 100 1 1
335 104 100 1 1
346 104 100 1 1
357 104 100 1 1
368 104 100 1 1
379 104 100 1 1
390 104 100 1 1
401 104 100 1000 100
412 104 100 1000 100
423 104 100 1000 100
434 104 100 1000 100
445 104 100 1000 100
456 104 100 1000 100
467 104 100 1000 100
478 104 100 1000 100
489 104 100 1000 100
500 104 100 1000 100
511 104 100 1000 100
522 104 100 1000 100
533 104 100 1000 100
544 104 100 1000 100
555 104 100 1000 100
566 104 100 1 1
577 104 100 1 1
588 104 100 1 1
599 104 100 1 1
610 104 100 1 1
621 104 100 1 1
632 104 100 1 1
643 104 100 1 1
654 104 100 1 1
665 104 100 1 1
676 104 100 1 1
687 104 100 1 1
698 104 100 1 1
709 104 100 1000 100
720 104 100 1 1
731 104 100 1 1
753 104 100 1 1
764 104 100 1 1
775 104 100 1000 100
786 104 100 1 1
203 115 100 1 1
214 115 100 1000 100
225 115 100 1 1
236 115 100 1 1
280 115 100 1 1
291 115 100 1 1
302 115 100 1 1
313 115 100 1000 100
324 115 100 1000 100
335 115 100 1000 100
346 115 100 1000 100
357 115 100 1000 100
368 115 100 1000 100
379 115 100 1000 100
390 115 100 1000 100
401 115 100 1 1
412 115 100 1 1
423 115 100 1 1
434 115 100 1 1
445 115 100 1 1
456 115 100 1 1
467 115 100 1 1
478 115 100 1 1
489 115 100 1 1
500 115 100 1 1
511 115 100 1 1
522 115 100 1 1
533 115 100 1 1
544 115 100 1 1
555 115 100 1 1
566 115 100 1000 100
577 115 100 1000 100
588 115 100 1000 100
599 115 100 1000 100
610 115 100 1000 100
621 115 100 1000 100
632 115 100 1000 100
643 115 100 1000 100
654 115 100 1000 100
665 115 100 1000 100
676 115 100 1000 100
687 115 100 1000 100
698 115 100 1000 100
709 115 100 1 1
720 115 100 1 1
764 115 100 1 1
775 115 100 1000 100
786 115 100 1 1
203 126 100 1 1
214 126 100 1000 100
225 126 100 1000 100
236 126 100 1 1
247 126 100 1 1
302 126 100 1 1
313 126 100 1 1
324 126 100 1 1
335 126 100 1 1
346 126 100 1 1
357 126 100 1 1
368 126 100 1 1
379 126 100 1 1
390 126 100 1 1
401 126 100 1 1
555 126 100 1 1
566 126 100 1 1
577 126 100 1 1
588 126 100 1 1
599 126 100 1 1
610 126 100 1 1
621 126 100 1 1
632 126 100 1 1
643 126 100 1 1
654 126 100 1 1
665 126 100 1 1
676 126 100 1 1
687 126 100 1 1
698 126 100 1 1
709 126 100 1 1
764 126 100 1 1
775 126 100 1000 100
786 126 100 1 1
203 137 100 1 1
214 137 100 1 1
225 137 100 1 1
236 137 100 1000 100
247 137 100 1 1
764 137 100 1 1
775 137 100 1000 100
786 137 100 1 1
225 148 100 1 1
236 148 100 1000 100
247 148 100 1 1
753 148 100 1 1
764 148 100 1 1
775 148 100 1000 100
786 148 100 1 1
225 159 100 1 1
236 159 100 1000 100
247 159 100 1 1
742 159 100 1 1
753 159 100 1 1
764 159 100 1000 100
775 159 100 1000 100
786 159 100 1 1
225 170 100 1 1
236 170 100 1000 100
247 170 100 1 1
742 170 100 1 1
753 170 100 1000 100
764 170 100 1 1
775 170 100 1 1
786 170 100 1 1
797 170 100 1 1
225 181 100 1 1
236 181 100 1000 100
247 181 100 1 1
280 181 100 1 1
291 181 100 1 1
302 181 100 1 1
313 181 100 1 1
324 181 100 1 1
335 181 100 1 1
346 181 100 1 1
357 181 100 1 1
368 181 100 1 1
379 181 100 1 1
390 181 100 1 1
401 181 100 1 1
599 181 100 1 1
610 181 100 1 1
621 181 100 1 1
632 181 100 1 1
643 181 100 1 1
654 181 100 1 1
665 181 100 1 1
676 181 100 1 1
687 181 100 1 1
698 181 100 1 1
709 181 100 1 1
720 181 100 1 1
742 181 100 1 1
753 181 100 1 1
764 181 100 1000 100
775 181 100 1000 100
786 181 100 1000 100
797 181 100 1 1
203 192 100 1 1
214 192 100 1 1
225 192 100 1 1
236 192 100 1000 100
247 192 100 1 1
269 192 100 1 1
280 192 100 1 1
291 192 100 1000 100
302 192 100 1000 100
313 192 100 1000 100
324 192 100 1000 100
335 192 100 1000 100
346 192 100 1000 100
357 192 100 1000 100
368 192 100 1000 100
379 192 100 1000 100
390 192 100 1000 100
401 192 100 1 1
412 192 100 1 1
423 192 100 1 1
434 192 100 1 1
588 192 100 1 1
599 192 100 1 1
610 192 100 1000 100
621 192 100 1000 100
632 192 100 1000 100
643 192 100 1000 100
654 192 100 1000 100
665 192 100 1000 100
676 192 100 1000 100
687 192 100 1000 100
698 192 100 1000 100
709 192 100 1000 100
720 192 100 1 1
731 192 100 1 1
742 192 100 1 1
753 192 100 1 1
764 192 100 1 1
775 192 100 1 1
786 192 100 1000 100
797 192 100 1 1
192 203 100 1 1
203 203 100 1 1
214 203 100 1000 100
225 203 100 1000 100
236 203 100 1 1
247 203 100 1 1
258 203 100 1 1
269 203 100 1 1
280 203 100 1000 100
291 203 100 1 1
302 203 100 1 1
313 203 100 1 1
324 203 100 1 1
335 203 100 1 1
346 203 100 1 1
357 203 100 1 1
368 203 100 1 1
379 203 100 1 1
390 203 100 1 1
401 203 100 1000 100
412 203 100 1000 100
423 203 100 1000 100
434 203 100 1 1
445 203 100 1 1
566 203 100 1 1
577 203 100 1 1
588 203 100 1 1
599 203 100 1000 100
610 203 100 1 1
621 203 100 1 1
632 203 100 1 1
643 203 100 1 1
654 203 100 1 1
665 203 100 1 1
676 203 100 1 1
687 203 100 1 1
698 203 100 1 1
709 203 100 1 1
720 203 100 1000 100
731 203 100 1000 100
742 203 100 1000 100
753 203 100 1 1
764 203 100 1 1
775 203 100 1 1
786 203 100 1000 100
797 203 100 1 1
808 203 100 1 1
819 203 100 1 1
192 214 100 1 1
203 214 100 1000 100
214 214 100 1 1
225 214 100 1 1
236 214 100 1 1
247 214 100 1 1
258 214 100 1 1
269 214 100 1000 100
280 214 100 1 1
291 214 100 1 1
390 214 100 1 1
401 214 100 1 1
412 214 100 1 1
423 214 100 1 1
434 214 100 1000 100
445 214 100 1 1
555 214 100 1 1
566 214 100 1 1
577 214 100 1000 100
588 214 100 1000 100
599 214 100 1 1
610 214 100 1 1
709 214 100 1 1
720 214 100 1 1
731 214 100 1 1
742 214 100 1 1
753 214 100 1000 100
764 214 100 1 1
775 214 100 1 1
786 214 100 1 1
797 214 100 1000 100
808 214 100 1000 100
819 214 100 1 1
830 214 100 1 1
192 225 100 1 1
203 225 100 1000 100
214 225 100 1 1
236 225 100 1 1
247 225 100 1 1
258 225 100 1000 100
269 225 100 1 1
280 225 100 1 1
423 225 100 1 1
434 225 100 1000 100
445 225 100 1 1
456 225 100 1 1
555 225 100 1 1
566 225 100 1000 100
577 225 100 1 1
588 225 100 1 1
599 225 100 1 1
742 225 100 1 1
753 225 100 1000 100
764 225 100 1 1
786 225 100 1 1
797 225 100 1 1
808 225 100 1 1
819 225 100 1000 100
830 225 100 1 1
170 236 100 1 1
181 236 100 1 1
192 236 100 1 1
203 236 100 1000 100
214 236 100 1 1
225 236 100 1 1
236 236 100 1 1
247 236 100 1000 100
258 236 100 1 1
269 236 100 1 1
335 236 100 1 1
346 236 100 1 1
357 236 100 1 1
368 236 100 1 1
379 236 100 1 1
390 236 100 1 1
423 236 100 1 1
434 236 100 1000 100
445 236 100 1000 100
456 236 100 1 1
467 236 100 1 1
544 236 100 1 1
555 236 100 1 1
566 236 100 1000 100
577 236 100 1 1
632 236 100 1 1
643 236 100 1 1
654 236 100 1 1
665 236 100 1 1
676 236 100 1 1
687 236 100 1 1
742 236 100 1 1
753 236 100 1000 100
764 236 100 1 1
775 236 100 1 1
808 236 100 1 1
819 236 100 1000 100
830 236 100 1 1
170 247 100 1 1
181 247 100 1000 100
192 247 100 1000 100
203 247 100 1 1
214 247 100 1 1
225 247 100 1 1
236 247 100 1000 100
247 247 100 1 1
258 247 100 1 1
335 247 100 1 1
346 247 100 1000 100
357 247 100 1000 100
368 247 100 1000 100
379 247 100 1000 100
390 247 100 1 1
401 247 100 1 1
423 247 100 1 1
434 247 100 1 1
445 247 100 1 1
456 247 100 1000 100
467 247 100 1 1
544 247 100 1 1
555 247 100 1000 100
566 247 100 1 1
577 247 100 1 1
632 247 100 1 1
643 247 100 1000 100
654 247 100 1000 100
665 247 100 1000 100
676 247 100 1000 100
687 247 100 1 1
698 247 100 1 1
742 247 100 1 1
753 247 100 1 1
764 247 100 1000 100
775 247 100 1 1
808 247 100 1 1
819 247 100 1000 100
830 247 100 1 1
170 258 100 1 1
181 258 100 1000 100
192 258 100 1 1
203 258 100 1 1
225 258 100 1 1
236 258 100 1000 100
247 258 100 1 1
335 258 100 1 1
346 258 100 1000 100
357 258 100 1 1
368 258 100 1 1
379 258 100 1 1
390 258 100 1000 100
401 258 100 1 1
445 258 100 1 1
456 258 100 1000 100
467 258 100 1 1
533 258 100 1 1
544 258 100 1 1
555 258 100 1000 100
566 258 100 1 1
632 258 100 1 1
643 258 100 1 1
654 258 100 1000 100
665 258 100 1 1
676 258 100 1 1
687 258 100 1000 100
698 258 100 1 1
709 258 100 1 1
753 258 100 1 1
764 258 100 1000 100
775 258 100 1 1
808 258 100 1 1
819 258 100 1000 100
830 258 100 1 1
170 269 100 1 1
181 269 100 1000 100
192 269 100 1 1
225 269 100 1 1
236 269 100 1000 100
247 269 100 1 1
280 269 100 1 1
291 269 100 1 1
302 269 100 1 1
313 269 100 1 1
324 269 100 1 1
335 269 100 1 1
346 269 100 1000 100
357 269 100 1 1
379 269 100 1 1
390 269 100 1000 100
401 269 100 1 1
445 269 100 1 1
456 269 100 1000 100
467 269 100 1 1
478 269 100 1 1
522 269 100 1 1
533 269 100 1 1
544 269 100 1000 100
555 269 100 1000 100
566 269 100 1 1
599 269 100 1 1
610 269 100 1 1
621 269 100 1 1
632 269 100 1 1
643 269 100 1 1
654 269 100 1000 100
665 269 100 1 1
676 269 100 1 1
687 269 100 1 1
698 269 100 1000 100
709 269 100 1 1
720 269 100 1 1
753 269 100 1 1
764 269 100 1000 100
775 269 100 1 1
786 269 100 1 1
808 269 100 1 1
819 269 100 1000 100
830 269 100 1 1
170 280 100 1 1
181 280 100 1000 100
192 280 100 1 1
225 280 100 1 1
236 280 100 1000 100
247 280 100 1 1
280 280 100 1 1
291 280 100 1000 100
302 280 100 1000 100
313 280 100 1000 100
324 280 100 1000 100
335 280 100 1000 100
346 280 100 1 1
357 280 100 1 1
379 280 100 1 1
390 280 100 1000 100
401 280 100 1 1
445 280 100 1 1
456 280 100 1 1
467 280 100 1000 100
478 280 100 1 1
522 280 100 1 1
533 280 100 1000 100
544 280 100 1 1
555 280 100 1 1
566 280 100 1 1
599 280 100 1 1
610 280 100 1000 100
621 280 100 1000 100
632 280 100 1000 100
643 280 100 1 1
654 280 100 1000 100
665 280 100 1 1
687 280 100 1 1
698 280 100 1 1
709 280 100 1000 100
720 280 100 1 1
753 280 100 1 1
764 280 100 1000 100
775 280 100 1000 100
786 280 100 1 1
797 280 100 1 1
808 280 100 1 1
819 280 100 1000 100
830 280 100 1 1
170 291 100 1 1
181 291 100 1000 100
192 291 100 1 1
225 291 100 1 1
236 291 100 1000 100
247 291 100 1 1
280 291 100 1 1
291 291 100 1000 100
302 291 100 1 1
313 291 100 1 1
324 291 100 1 1
335 291 100 1 1
346 291 100 1 1
379 291 100 1 1
390 291 100 1000 100
401 291 100 1 1
456 291 100 1 1
467 291 100 1000 100
478 291 100 1 1
522 291 100 1 1
533 291 100 1000 100
544 291 100 1 1
599 291 100 1 1
610 291 100 1000 100
621 291 100 1 1
632 291 100 1 1
643 291 100 1000 100
654 291 100 1 1
665 291 100 1 1
698 291 100 1 1
709 291 100 1000 100
720 291 100 1 1
753 291 100 1 1
764 291 100 1 1
775 291 100 1 1
786 291 100 1000 100
797 291 100 1 1
808 291 100 1 1
819 291 100 1000 100
830 291 100 1 1
170 302 100 1 1
181 302 100 1000 100
192 302 100 1 1
225 302 100 1 1
236 302 100 1000 100
247 302 100 1 1
280 302 100 1 1
291 302 100 1000 100
302 302 100 1 1
313 302 100 1 1
379 302 100 1 1
390 302 100 1000 100
401 302 100 1 1
456 302 100 1 1
467 302 100 1000 100
478 302 100 1 1
522 302 100 1 1
533 302 100 1000 100
544 302 100 1 1
599 302 100 1 1
610 302 100 1000 100
621 302 100 1 1
632 302 100 1 1
643 302 100 1 1
654 302 100 1 1
698 302 100 1 1
709 302 100 1000 100
720 302 100 1 1
753 302 100 1 1
764 302 100 1 1
775 302 100 1 1
786 302 100 1000 100
797 302 100 1 1
808 302 100 1 1
819 302 100 1000 100
830 302 100 1 1
170 313 100 1 1
181 313 100 1000 100
192 313 100 1 1
225 313 100 1 1
236 313 100 1000 100
247 313 100 1 1
280 313 100 1 1
291 313 100 1 1
302 313 100 1000 100
313 313 100 1 1
324 313 100 1 1
379 313 100 1 1
390 313 100 1000 100
401 313 100 1 1
445 313 100 1 1
456 313 100 1 1
467 313 100 1000 100
478 313 100 1 1
522 313 100 1 1
533 313 100 1000 100
544 313 100 1 1
555 313 100 1 1
566 313 100 1 1
599 313 100 1 1
610 313 100 1000 100
621 313 100 1 1
687 313 100 1 1
698 313 100 1 1
709 313 100 1000 100
720 313 100 1 1
753 313 100 1 1
764 313 100 1000 100
775 313 100 1000 100
786 313 100 1 1
797 313 100 1 1
808 313 100 1 1
819 313 100 1000 100
830 313 100 1 1
170 324 100 1 1
181 324 100 1000 100
192 324 100 1 1
225 324 100 1 1
236 324 100 1000 100
247 324 100 1 1
291 324 100 1 1
302 324 100 1 1
313 324 100 1000 100
324 324 100 1 1
335 324 100 1 1
368 324 100 1 1
379 324 100 1 1
390 324 100 1000 100
401 324 100 1 1
445 324 100 1 1
456 324 100 1000 100
467 324 100 1 1
478 324 100 1 1
522 324 100 1 1
533 324 100 1 1
544 324 100 1000 100
555 324 100 1000 100
566 324 100 1 1
599 324 100 1 1
610 324 100 1000 100
621 324 100 1 1
632 324 100 1 1
687 324 100 1 1
698 324 100 1000 100
709 324 100 1 1
720 324 100 1 1
753 324 100 1 1
764 324 100 1000 100
775 324 100 1 1
786 324 100 1 1
808 324 100 1 1
819 324 100 1000 100
830 324 100 1 1
170 335 100 1 1
181 335 100 1000 100
192 335 100 1 1
225 335 100 1 1
236 335 100 1000 100
247 335 100 1 1
302 335 100 1 1
313 335 100 1 1
324 335 100 1000 100
335 335 100 1 1
346 335 100 1 1
357 335 100 1 1
368 335 100 1 1
379 335 100 1000 100
390 335 100 1 1
401 335 100 1 1
445 335 100 1 1
456 335 100 1000 100
467 335 100 1 1
533 335 100 1 1
544 335 100 1 1
555 335 100 1000 100
566 335 100 1 1
599 335 100 1 1
610 335 100 1 1
621 335 100 1000 100
632 335 100 1 1
643 335 100 1 1
654 335 100 1 1
665 335 100 1 1
676 335 100 1 1
687 335 100 1 1
698 335 100 1000 100
709 335 100 1 1
753 335 100 1 1
764 335 100 1000 100
775 335 100 1 1
808 335 100 1 1
819 335 100 1000 100
830 335 100 1 1
170 346 100 1 1
181 346 100 1000 100
192 346 100 1 1
225 346 100 1 1
236 346 100 1000 100
247 346 100 1 1
258 346 100 1 1
269 346 100 1 1
313 346 100 1 1
324 346 100 1000 100
335 346 100 1000 100
346 346 100 1000 100
357 346 100 1000 100
368 346 100 1000 100
379 346 100 1000 100
390 346 100 1 1
445 346 100 1 1
456 346 100 1000 100
467 346 100 1 1
544 346 100 1 1
555 346 100 1000 100
566 346 100 1 1
610 346 100 1 1
621 346 100 1000 100
632 346 100 1000 100
643 346 100 1000 100
654 346 100 1000 100
665 346 100 1000 100
676 346 100 1000 100
687 346 100 1000 100
698 346 100 1000 100
709 346 100 1 1
742 346 100 1 1
753 346 100 1 1
764 346 100 1000 100
775 346 100 1 1
808 346 100 1 1
819 346 100 1000 100
830 346 100 1 1
170 357 100 1 1
181 357 100 1000 100
192 357 100 1 1
225 357 100 1 1
236 357 100 1 1
247 357 100 1000 100
258 357 100 1000 100
269 357 100 1 1
280 357 100 1 1
313 357 100 1 1
324 357 100 1 1
335 357 100 1 1
346 357 100 1 1
357 357 100 1 1
368 357 100 1 1
379 357 100 1 1
390 357 100 1 1
423 357 100 1 1
434 357 100 1 1
445 357 100 1 1
456 357 100 1000 100
467 357 100 1 1
544 357 100 1 1
555 357 100 1000 100
566 357 100 1 1
577 357 100 1 1
610 357 100 1 1
621 357 100 1 1
632 357 100 1 1
643 357 100 1 1
654 357 100 1 1
665 357 100 1 1
676 357 100 1 1
687 357 100 1 1
698 357 100 1 1
709 357 100 1 1
742 357 100 1 1
753 357 100 1000 100
764 357 100 1 1
775 357 100 1 1
808 357 100 1 1
819 357 100 1000 100
830 357 100 1 1
170 368 100 1 1
181 368 100 1000 100
192 368 100 1 1
203 368 100 1 1
236 368 100 1 1
247 368 100 1 1
258 368 100 1 1
269 368 100 1000 100
280 368 100 1 1
423 368 100 1 1
434 368 100 1000 100
445 368 100 1000 100
456 368 100 1 1
467 368 100 1 1
489 368 100 1 1
500 368 100 1 1
511 368 100 1 1
544 368 100 1 1
555 368 100 1 1
566 368 100 1000 100
577 368 100 1 1
742 368 100 1 1
753 368 100 1000 100
764 368 100 1 1
808 368 100 1 1
819 368 100 1000 100
830 368 100 1 1
170 379 100 1 1
181 379 100 1000 100
192 379 100 1000 100
203 379 100 1 1
214 379 100 1 1
258 379 100 1 1
269 379 100 1000 100
280 379 100 1 1
291 379 100 1 1
412 379 100 1 1
423 379 100 1 1
434 379 100 1000 100
445 379 100 1 1
456 379 100 1 1
478 379 100 1 1
489 379 100 1 1
500 379 100 1000 100
511 379 100 1 1
522 379 100 1 1
533 379 100 1 1
555 379 100 1 1
566 379 100 1000 100
577 379 100 1 1
588 379 100 1 1
599 379 100 1 1
720 379 100 1 1
731 379 100 1 1
742 379 100 1 1
753 379 100 1000 100
764 379 100 1 1
786 379 100 1 1
797 379 100 1 1
808 379 100 1 1
819 379 100 1000 100
830 379 100 1 1
170 390 100 1 1
181 390 100 1 1
192 390 100 1 1
203 390 100 1000 100
214 390 100 1 1
258 390 100 1 1
269 390 100 1 1
280 390 100 1000 100
291 390 100 1 1
302 390 100 1 1
313 390 100 1 1
324 390 100 1 1
335 390 100 1 1
346 390 100 1 1
379 390 100 1 1
390 390 100 1 1
401 390 100 1 1
412 390 100 1 1
423 390 100 1000 100
434 390 100 1 1
445 390 100 1 1
467 390 100 1 1
478 390 100 1 1
489 390 100 1000 100
500 390 100 1 1
511 390 100 1000 100
522 390 100 1000 100
533 390 100 1 1
544 390 100 1 1
555 390 100 1 1
566 390 100 1 1
577 390 100 1000 100
588 390 100 1000 100
599 390 100 1 1
610 390 100 1 1
621 390 100 1 1
676 390 100 1 1
687 390 100 1 1
698 390 100 1 1
709 390 100 1 1
720 390 100 1 1
731 390 100 1000 100
742 390 100 1000 100
753 390 100 1 1
764 390 100 1 1
775 390 100 1 1
786 390 100 1 1
797 390 100 1000 100
808 390 100 1000 100
819 390 100 1 1
830 390 100 1 1
192 401 100 1 1
203 401 100 1000 100
214 401 100 1 1
269 401 100 1 1
280 401 100 1 1
291 401 100 1000 100
302 401 100 1000 100
313 401 100 1000 100
324 401 100 1000 100
335 401 100 1000 100
346 401 100 1 1
379 401 100 1 1
390 401 100 1000 100
401 401 100 1000 100
412 401 100 1000 100
423 401 100 1 1
434 401 100 1 1
456 401 100 1 1
467 401 100 1 1
478 401 100 1000 100
489 401 100 1 1
500 401 100 1 1
511 401 100 1 1
522 401 100 1 1
533 401 100 1000 100
544 401 100 1 1
566 401 100 1 1
577 401 100 1 1
588 401 100 1 1
599 401 100 1000 100
610 401 100 1000 100
621 401 100 1 1
676 401 100 1 1
687 401 100 1000 100
698 401 100 1000 100
709 401 100 1000 100
720 401 100 1000 100
731 401 100 1 1
742 401 100 1 1
753 401 100 1 1
775 401 100 1 1
786 401 100 1000 100
797 401 100 1 1
808 401 100 1 1
819 401 100 1 1
192 412 100 1 1
203 412 100 1000 100
214 412 100 1 1
225 412 100 1 1
236 412 100 1 1
280 412 100 1 1
291 412 100 1 1
302 412 100 1 1
313 412 100 1 1
324 412 100 1 1
335 412 100 1000 100
346 412 100 1 1
357 412 100 1 1
368 412 100 1 1
379 412 100 1 1
390 412 100 1000 100
401 412 100 1 1
412 412 100 1 1
423 412 100 1 1
445 412 100 1 1
456 412 100 1 1
467 412 100 1000 100
478 412 100 1 1
489 412 100 1 1
522 412 100 1 1
533 412 100 1000 100
544 412 100 1 1
555 412 100 1 1
588 412 100 1 1
599 412 100 1 1
610 412 100 1000 100
621 412 100 1 1
632 412 100 1 1
643 412 100 1 1
654 412 100 1 1
665 412 100 1 1
676 412 100 1 1
687 412 100 1000 100
698 412 100 1 1
709 412 100 1 1
720 412 100 1 1
731 412 100 1 1
775 412 100 1 1
786 412 100 1000 100
797 412 100 1 1
192 423 100 1 1
203 423 100 1 1
214 423 100 1000 100
225 423 100 1000 100
236 423 100 1 1
247 423 100 1 1
324 423 100 1 1
335 423 100 1 1
346 423 100 1000 100
357 423 100 1000 100
368 423 100 1000 100
379 423 100 1000 100
390 423 100 1 1
401 423 100 1 1
445 423 100 1 1
456 423 100 1000 100
467 423 100 1 1
478 423 100 1 1
522 423 100 1 1
533 423 100 1 1
544 423 100 1000 100
555 423 100 1 1
599 423 100 1 1
610 423 100 1 1
621 423 100 1000 100
632 423 100 1000 100
643 423 100 1000 100
654 423 100 1000 100
665 423 100 1000 100
676 423 100 1000 100
687 423 100 1 1
698 423 100 1 1
764 423 100 1 1
775 423 100 1 1
786 423 100 1000 100
797 423 100 1 1
203 434 100 1 1
214 434 100 1 1
225 434 100 1 1
236 434 100 1000 100
247 434 100 1 1
258 434 100 1 1
335 434 100 1 1
346 434 100 1 1
357 434 100 1 1
368 434 100 1 1
379 434 100 1 1
390 434 100 1 1
445 434 100 1 1
456 434 100 1000 100
467 434 100 1 1
478 434 100 1 1
533 434 100 1 1
544 434 100 1000 100
555 434 100 1 1
610 434 100 1 1
621 434 100 1 1
632 434 100 1 1
643 434 100 1 1
654 434 100 1 1
665 434 100 1 1
676 434 100 1 1
687 434 100 1 1
764 434 100 1 1
775 434 100 1000 100
786 434 100 1 1
797 434 100 1 1
225 445 100 1 1
236 445 100 1 1
247 445 100 1000 100
258 445 100 1 1
445 445 100 1 1
456 445 100 1 1
467 445 100 1000 100
478 445 100 1 1
489 445 100 1 1
533 445 100 1 1
544 445 100 1000 100
555 445 100 1 1
764 445 100 1 1
775 445 100 1000 100
786 445 100 1 1
225 456 100 1 1
236 456 100 1 1
247 456 100 1000 100
258 456 100 1 1
456 456 100 1 1
467 456 100 1 1
478 456 100 1000 100
489 456 100 1 1
522 456 100 1 1
533 456 100 1 1
544 456 100 1000 100
555 456 100 1 1
764 456 100 1 1
775 456 100 1000 100
786 456 100 1 1
203 467 100 1 1
214 467 100 1 1
225 467 100 1 1
236 467 100 1000 100
247 467 100 1 1
258 467 100 1 1
467 467 100 1 1
478 467 100 1000 100
489 467 100 1 1
500 467 100 1 1
522 467 100 1 1
533 467 100 1000 100
544 467 100 1 1
555 467 100 1 1
764 467 100 1 1
775 467 100 1000 100
786 467 100 1 1
797 467 100 1 1
203 478 100 1 1
214 478 100 1000 100
225 478 100 1000 100
236 478 100 1 1
247 478 100 1 1
467 478 100 1 1
478 478 100 1 1
489 478 100 1000 100
500 478 100 1 1
522 478 100 1 1
533 478 100 1000 100
544 478 100 1 1
764 478 100 1 1
775 478 100 1 1
786 478 100 1000 100
797 478 100 1 1
203 489 100 1 1
214 489 100 1000 100
225 489 100 1 1
236 489 100 1 1
478 489 100 1 1
489 489 100 1000 100
500 489 100 1 1
511 489 100 1 1
522 489 100 1 1
533 489 100 1000 100
544 489 100 1 1
775 489 100 1 1
786 489 100 1000 100
797 489 100 1 1
808 489 100 1 1
819 489 100 1 1
192 500 100 1 1
203 500 100 1 1
214 500 100 1000 100
225 500 100 1 1
478 500 100 1 1
489 500 100 1000 100
500 500 100 1 1
511 500 100 1000 100
522 500 100 1000 100
533 500 100 1 1
544 500 100 1 1
775 500 100 1 1
786 500 100 1 1
797 500 100 1000 100
808 500 100 1000 100
819 500 100 1 1
192 511 100 1 1
203 511 100 1000 100
214 511 100 1 1
225 511 100 1 1
478 511 100 1 1
489 511 100 1 1
500 511 100 1000 100
511 511 100 1 1
522 511 100 1 1
533 511 100 1 1
786 511 100 1 1
797 511 100 1 1
808 511 100 1000 100
819 511 100 1 1
192 522 100 1 1
203 522 100 1000 100
214 522 100 1 1
489 522 100 1 1
500 522 100 1 1
511 522 100 1 1
797 522 100 1 1
808 522 100 1000 100
819 522 100 1 1
192 533 100 1 1
203 533 100 1000 100
214 533 100 1 1
797 533 100 1 1
808 533 100 1000 100
819 533 100 1 1
170 544 100 1 1
181 544 100 1 1
192 544 100 1 1
203 544 100 1000 100
214 544 100 1 1
797 544 100 1 1
808 544 100 1000 100
819 544 100 1 1
830 544 100 1 1
170 555 100 1 1
181 555 100 1000 100
192 555 100 1000 100
203 555 100 1 1
214 555 100 1 1
335 555 100 1 1
346 555 100 1 1
357 555 100 1 1
797 555 100 1 1
808 555 100 1 1
819 555 100 1000 100
830 555 100 1 1
170 566 100 1 1
181 566 100 1000 100
192 566 100 1 1
203 566 100 1 1
324 566 100 1 1
335 566 100 1 1
346 566 100 1000 100
357 566 100 1 1
368 566 100 1 1
808 566 100 1 1
819 566 100 1000 100
830 566 100 1 1
170 577 100 1 1
181 577 100 1000 100
192 577 100 1 1
324 577 100 1 1
335 577 100 1000 100
346 577 100 1 1
357 577 100 1000 100
368 577 100 1 1
808 577 100 1 1
819 577 100 1000 100
830 577 100 1 1
170 588 100 1 1
181 588 100 1000 100
192 588 100 1 1
324 588 100 1 1
335 588 100 1000 100
346 588 100 1 1
357 588 100 1000 100
368 588 100 1 1
808 588 100 1 1
819 588 100 1000 100
830 588 100 1 1
170 599 100 1 1
181 599 100 1000 100
192 599 100 1 1
324 599 100 1 1
335 599 100 1000 100
346 599 100 1 1
357 599 100 1000 100
368 599 100 1 1
643 599 100 1 1
654 599 100 1 1
665 599 100 1 1
676 599 100 1 1
808 599 100 1 1
819 599 100 1000 100
830 599 100 1 1
170 610 100 1 1
181 610 100 1000 100
192 610 100 1 1
324 610 100 1 1
335 610 100 1000 100
346 610 100 1 1
357 610 100 1000 100
368 610 100 1 1
632 610 100 1 1
643 610 100 1 1
654 610 100 1000 100
665 610 100 1000 100
676 610 100 1 1
687 610 100 1 1
808 610 100 1 1
819 610 100 1000 100
830 610 100 1 1
170 621 100 1 1
181 621 100 1000 100
192 621 100 1 1
324 621 100 1 1
335 621 100 1000 100
346 621 100 1 1
357 621 100 1000 100
368 621 100 1 1
632 621 100 1 1
643 621 100 1000 100
654 621 100 1 1
665 621 100 1 1
676 621 100 1000 100
687 621 100 1 1
808 621 100 1 1
819 621 100 1000 100
830 621 100 1 1
170 632 100 1 1
181 632 100 1000 100
192 632 100 1 1
313 632 100 1 1
324 632 100 1 1
335 632 100 1000 100
346 632 100 1 1
357 632 100 1000 100
368 632 100 1 1
632 632 100 1 1
643 632 100 1000 100
654 632 100 1 1
665 632 100 1 1
676 632 100 1000 100
687 632 100 1 1
797 632 100 1 1
808 632 100 1 1
819 632 100 1000 100
830 632 100 1 1
170 643 100 1 1
181 643 100 1000 100
192 643 100 1 1
302 643 100 1 1
313 643 100 1 1
324 643 100 1000 100
335 643 100 1000 100
346 643 100 1 1
357 643 100 1000 100
368 643 100 1 1
632 643 100 1 1
643 643 100 1000 100
654 643 100 1 1
665 643 100 1 1
676 643 100 1000 100
687 643 100 1 1
797 643 100 1 1
808 643 100 1000 100
819 643 100 1 1
830 643 100 1 1
170 654 100 1 1
181 654 100 1000 100
192 654 100 1 1
302 654 100 1 1
313 654 100 1000 100
324 654 100 1 1
335 654 100 1 1
346 654 100 1 1
357 654 100 1000 100
368 654 100 1 1
632 654 100 1 1
643 654 100 1000 100
654 654 100 1 1
665 654 100 1 1
676 654 100 1000 100
687 654 100 1 1
797 654 100 1 1
808 654 100 1000 100
819 654 100 1 1
170 665 100 1 1
181 665 100 1000 100
192 665 100 1 1
203 665 100 1 1
302 665 100 1 1
313 665 100 1000 100
324 665 100 1 1
346 665 100 1 1
357 665 100 1000 100
368 665 100 1 1
632 665 100 1 1
643 665 100 1 1
654 665 100 1000 100
665 665 100 1000 100
676 665 100 1 1
687 665 100 1 1
786 665 100 1 1
797 665 100 1 1
808 665 100 1000 100
819 665 100 1 1
170 676 100 1 1
181 676 100 1000 100
192 676 100 1000 100
203 676 100 1 1
214 676 100 1 1
302 676 100 1 1
313 676 100 1000 100
324 676 100 1 1
335 676 100 1 1
346 676 100 1 1
357 676 100 1000 100
368 676 100 1 1
643 676 100 1 1
654 676 100 1 1
665 676 100 1 1
676 676 100 1000 100
687 676 100 1 1
698 676 100 1 1
775 676 100 1 1
786 676 100 1 1
797 676 100 1000 100
808 676 100 1 1
819 676 100 1 1
38 687 100 1 1
49 687 100 1 1
60 687 100 1 1
71 687 100 1 1
170 687 100 1 1
181 687 100 1 1
192 687 100 1 1
203 687 100 1000 100
214 687 100 1 1
291 687 100 1 1
302 687 100 1 1
313 687 100 1000 100
324 687 100 1 1
335 687 100 1 1
346 687 100 1000 100
357 687 100 1 1
368 687 100 1 1
654 687 100 1 1
665 687 100 1000 100
676 687 100 1 1
687 687 100 1000 100
698 687 100 1 1
775 687 100 1 1
786 687 100 1000 100
797 687 100 1 1
808 687 100 1 1
38 698 100 1 1
49 698 100 1000 100
60 698 100 1000 100
71 698 100 1 1
192 698 100 1 1
203 698 100 1000 100
214 698 100 1 1
291 698 100 1 1
302 698 100 1000 100
313 698 100 1 1
324 698 100 1 1
335 698 100 1 1
346 698 100 1000 100
357 698 100 1 1
654 698 100 1 1
665 698 100 1000 100
676 698 100 1 1
687 698 100 1000 100
698 698 100 1 1
709 698 100 1 1
775 698 100 1 1
786 698 100 1000 100
797 698 100 1 1
38 709 100 1 1
49 709 100 1000 100
60 709 100 1000 100
71 709 100 1 1
82 709 100 1 1
93 709 100 1 1
192 709 100 1 1
203 709 100 1000 100
214 709 100 1 1
225 709 100 1 1
291 709 100 1 1
302 709 100 1000 100
313 709 100 1 1
324 709 100 1 1
335 709 100 1 1
346 709 100 1000 100
357 709 100 1 1
654 709 100 1 1
665 709 100 1000 100
676 709 100 1 1
687 709 100 1000 100
698 709 100 1000 100
709 709 100 1 1
720 709 100 1 1
764 709 100 1 1
775 709 100 1 1
786 709 100 1000 100
797 709 100 1 1
38 720 100 1 1
49 720 100 1000 100
60 720 100 1 1
71 720 100 1000 100
82 720 100 1000 100
93 720 100 1 1
192 720 100 1 1
203 720 100 1 1
214 720 100 1000 100
225 720 100 1 1
291 720 100 1 1
302 720 100 1000 100
313 720 100 1 1
324 720 100 1000 100
335 720 100 1000 100
346 720 100 1 1
357 720 100 1 1
654 720 100 1 1
665 720 100 1 1
676 720 100 1000 100
687 720 100 1 1
698 720 100 1 1
709 720 100 1000 100
720 720 100 1 1
731 720 100 1 1
764 720 100 1 1
775 720 100 1000 100
786 720 100 1 1
797 720 100 1 1
38 731 100 1 1
49 731 100 1 1
60 731 100 1000 100
71 731 100 1 1
82 731 100 1000 100
93 731 100 1 1
203 731 100 1 1
214 731 100 1000 100
225 731 100 1 1
236 731 100 1 1
280 731 100 1 1
291 731 100 1 1
302 731 100 1000 100
313 731 100 1 1
324 731 100 1000 100
335 731 100 1 1
346 731 100 1 1
665 731 100 1 1
676 731 100 1000 100
687 731 100 1 1
698 731 100 1 1
709 731 100 1 1
720 731 100 1000 100
731 731 100 1 1
753 731 100 1 1
764 731 100 1 1
775 731 100 1000 100
786 731 100 1 1
49 742 100 1 1
60 742 100 1000 100
71 742 100 1 1
82 742 100 1000 100
93 742 100 1 1
104 742 100 1 1
203 742 100 1 1
214 742 100 1 1
225 742 100 1000 100
236 742 100 1 1
247 742 100 1 1
269 742 100 1 1
280 742 100 1 1
291 742 100 1000 100
302 742 100 1 1
313 742 100 1 1
324 742 100 1000 100
335 742 100 1 1
665 742 100 1 1
676 742 100 1000 100
687 742 100 1 1
698 742 100 1 1
709 742 100 1 1
720 742 100 1000 100
731 742 100 1 1
742 742 100 1 1
753 742 100 1 1
764 742 100 1000 100
775 742 100 1 1
786 742 100 1 1
49 753 100 1 1
60 753 100 1000 100
71 753 100 1 1
82 753 100 1 1
93 753 100 1000 100
104 753 100 1 1
115 753 100 1 1
126 753 100 1 1
137 753 100 1 1
148 753 100 1 1
159 753 100 1 1
170 753 100 1 1
181 753 100 1 1
214 753 100 1 1
225 753 100 1 1
236 753 100 1000 100
247 753 100 1 1
258 753 100 1 1
269 753 100 1 1
280 753 100 1000 100
291 753 100 1 1
302 753 100 1 1
313 753 100 1 1
324 753 100 1000 100
335 753 100 1 1
665 753 100 1 1
676 753 100 1 1
687 753 100 1000 100
698 753 100 1000 100
709 753 100 1 1
720 753 100 1000 100
731 753 100 1 1
742 753 100 1 1
753 753 100 1000 100
764 753 100 1 1
775 753 100 1 1
49 764 100 1 1
60 764 100 1000 100
71 764 100 1 1
82 764 100 1 1
93 764 100 1 1
104 764 100 1000 100
115 764 100 1000 100
126 764 100 1000 100
137 764 100 1000 100
148 764 100 1000 100
159 764 100 1000 100
170 764 100 1000 100
181 764 100 1 1
225 764 100 1 1
236 764 100 1 1
247 764 100 1000 100
258 764 100 1 1
269 764 100 1 1
280 764 100 1000 100
291 764 100 1 1
302 764 100 1 1
313 764 100 1000 100
324 764 100 1 1
335 764 100 1 1
676 764 100 1 1
687 764 100 1 1
698 764 100 1 1
709 764 100 1000 100
720 764 100 1 1
731 764 100 1 1
742 764 100 1 1
753 764 100 1000 100
764 764 100 1 1
830 764 100 1 1
841 764 100 1 1
852 764 100 1 1
49 775 100 1 1
60 775 100 1 1
71 775 100 1000 100
82 775 100 1 1
93 775 100 1 1
104 775 100 1 1
115 775 100 1 1
126 775 100 1 1
137 775 100 1 1
148 775 100 1 1
159 775 100 1 1
170 775 100 1000 100
181 775 100 1 1
236 775 100 1 1
247 775 100 1000 100
258 775 100 1 1
269 775 100 1 1
280 775 100 1 1
291 775 100 1000 100
302 775 100 1000 100
313 775 100 1 1
324 775 100 1 1
698 775 100 1 1
709 775 100 1 1
720 775 100 1 1
731 775 100 1 1
742 775 100 1000 100
753 775 100 1 1
764 775 100 1 1
819 775 100 1 1
830 775 100 1 1
841 775 100 1000 100
852 775 100 1 1
863 775 100 1 1
60 786 100 1 1
71 786 100 1000 100
82 786 100 1000 100
93 786 100 1000 100
104 786 100 1000 100
115 786 100 1000 100
126 786 100 1000 100
137 786 100 1 1
148 786 100 1 1
159 786 100 1 1
170 786 100 1000 100
181 786 100 1 1
192 786 100 1 1
203 786 100 1 1
236 786 100 1 1
247 786 100 1000 100
258 786 100 1000 100
269 786 100 1 1
280 786 100 1 1
291 786 100 1 1
302 786 100 1 1
313 786 100 1 1
709 786 100 1 1
720 786 100 1 1
731 786 100 1000 100
742 786 100 1000 100
753 786 100 1 1
808 786 100 1 1
819 786 100 1 1
830 786 100 1000 100
841 786 100 1 1
852 786 100 1000 100
863 786 100 1 1
874 786 100 1 1
60 797 100 1 1
71 797 100 1 1
82 797 100 1 1
93 797 100 1 1
104 797 100 1 1
115 797 100 1 1
126 797 100 1 1
137 797 100 1000 100
148 797 100 1000 100
159 797 100 1 1
170 797 100 1 1
181 797 100 1000 100
192 797 100 1000 100
203 797 100 1 1
236 797 100 1 1
247 797 100 1 1
258 797 100 1 1
269 797 100 1000 100
280 797 100 1 1
291 797 100 1 1
709 797 100 1 1
720 797 100 1000 100
731 797 100 1 1
742 797 100 1 1
753 797 100 1 1
786 797 100 1 1
797 797 100 1 1
808 797 100 1 1
819 797 100 1000 100
830 797 100 1 1
841 797 100 1 1
852 797 100 1 1
863 797 100 1000 100
874 797 100 1 1
885 797 100 1 1
896 797 100 1 1
907 797 100 1 1
918 797 100 1 1
929 797 100 1 1
940 797 100 1 1
951 797 100 1 1
962 797 100 1 1
973 797 100 1 1
126 808 100 1 1
137 808 100 1 1
148 808 100 1 1
159 808 100 1000 100
170 808 100 1 1
181 808 100 1 1
192 808 100 1000 100
203 808 100 1 1
258 808 100 1 1
269 808 100 1 1
280 808 100 1000 100
291 808 100 1 1
709 808 100 1 1
720 808 100 1000 100
731 808 100 1 1
786 808 100 1 1
797 808 100 1000 100
808 808 100 1000 100
819 808 100 1 1
830 808 100 1 1
852 808 100 1 1
863 808 100 1 1
874 808 100 1000 100
885 808 100 1000 100
896 808 100 1000 100
907 808 100 1000 100
918 808 100 1000 100
929 808 100 1000 100
940 808 100 1000 100
951 808 100 1000 100
962 808 100 1000 100
973 808 100 1 1
148 819 100 1 1
159 819 100 1000 100
170 819 100 1 1
181 819 100 1 1
192 819 100 1000 100
203 819 100 1 1
214 819 100 1 1
269 819 100 1 1
280 819 100 1000 100
291 819 100 1 1
390 819 100 1 1
401 819 100 1 1
412 819 100 1 1
423 819 100 1 1
698 819 100 1 1
709 819 100 1 1
720 819 100 1000 100
731 819 100 1 1
775 819 100 1 1
786 819 100 1 1
797 819 100 1000 100
808 819 100 1 1
819 819 100 1 1
863 819 100 1 1
874 819 100 1 1
885 819 100 1 1
896 819 100 1 1
907 819 100 1 1
918 819 100 1 1
929 819 100 1 1
940 819 100 1 1
951 819 100 1 1
962 819 100 1000 100
973 819 100 1 1
984 819 100 1 1
38 830 100 1 1
49 830 100 1 1
60 830 100 1 1
71 830 100 1 1
82 830 100 1 1
93 830 100 1 1
148 830 100 1 1
159 830 100 1000 100
170 830 100 1 1
181 830 100 1 1
192 830 100 1 1
203 830 100 1000 100
214 830 100 1 1
269 830 100 1 1
280 830 100 1000 100
291 830 100 1 1
379 830 100 1 1
390 830 100 1 1
401 830 100 1000 100
412 830 100 1000 100
423 830 100 1 1
434 830 100 1 1
698 830 100 1 1
709 830 100 1000 100
720 830 100 1 1
731 830 100 1 1
742 830 100 1 1
753 830 100 1 1
764 830 100 1 1
775 830 100 1 1
786 830 100 1000 100
797 830 100 1 1
808 830 100 1 1
951 830 100 1 1
962 830 100 1 1
973 830 100 1000 100
984 830 100 1 1
38 841 100 1 1
49 841 100 1000 100
60 841 100 1000 100
71 841 100 1000 100
82 841 100 1000 100
93 841 100 1 1
148 841 100 1 1
159 841 100 1000 100
170 841 100 1 1
192 841 100 1 1
203 841 100 1000 100
214 841 100 1 1
269 841 100 1 1
280 841 100 1000 100
291 841 100 1 1
379 841 100 1 1
390 841 100 1000 100
401 841 100 1 1
412 841 100 1 1
423 841 100 1000 100
434 841 100 1 1
456 841 100 1 1
467 841 100 1 1
478 841 100 1 1
489 841 100 1 1
522 841 100 1 1
533 841 100 1 1
544 841 100 1 1
566 841 100 1 1
577 841 100 1 1
588 841 100 1 1
599 841 100 1 1
610 841 100 1 1
632 841 100 1 1
643 841 100 1 1
654 841 100 1 1
698 841 100 1 1
709 841 100 1000 100
720 841 100 1 1
742 841 100 1 1
753 841 100 1000 100
764 841 100 1000 100
775 841 100 1000 100
786 841 100 1 1
797 841 100 1 1
951 841 100 1 1
962 841 100 1000 100
973 841 100 1 1
984 841 100 1 1
38 852 100 1 1
49 852 100 1000 100
60 852 100 1 1
71 852 100 1 1
82 852 100 1000 100
93 852 100 1 1
104 852 100 1 1
148 852 100 1 1
159 852 100 1000 100
170 852 100 1 1
192 852 100 1 1
203 852 100 1000 100
214 852 100 1 1
225 852 100 1 1
236 852 100 1 1
269 852 100 1 1
280 852 100 1000 100
291 852 100 1 1
335 852 100 1 1
346 852 100 1 1
357 852 100 1 1
379 852 100 1 1
390 852 100 1000 100
401 852 100 1 1
412 852 100 1 1
423 852 100 1000 100
434 852 100 1 1
445 852 100 1 1
456 852 100 1 1
467 852 100 1000 100
478 852 100 1000 100
489 852 100 1 1
500 852 100 1 1
511 852 100 1 1
522 852 100 1 1
533 852 100 1000 100
544 852 100 1 1
555 852 100 1 1
566 852 100 1 1
577 852 100 1000 100
588 852 100 1000 100
599 852 100 1000 100
610 852 100 1 1
621 852 100 1 1
632 852 100 1 1
643 852 100 1000 100
654 852 100 1 1
665 852 100 1 1
698 852 100 1 1
709 852 100 1000 100
720 852 100 1 1
731 852 100 1 1
742 852 100 1 1
753 852 100 1000 100
764 852 100 1 1
775 852 100 1 1
786 852 100 1 1
830 852 100 1 1
841 852 100 1 1
852 852 100 1 1
863 852 100 1 1
874 852 100 1 1
951 852 100 1 1
962 852 100 1000 100
973 852 100 1 1
38 863 100 1 1
49 863 100 1000 100
60 863 100 1 1
71 863 100 1 1
82 863 100 1 1
93 863 100 1000 100
104 863 100 1 1
115 863 100 1 1
126 863 100 1 1
137 863 100 1 1
148 863 100 1 1
159 863 100 1000 100
170 863 100 1 1
192 863 100 1 1
203 863 100 1 1
214 863 100 1000 100
225 863 100 1000 100
236 863 100 1 1
269 863 100 1 1
280 863 100 1000 100
291 863 100 1 1
324 863 100 1 1
335 863 100 1 1
346 863 100 1000 100
357 863 100 1 1
368 863 100 1 1
379 863 100 1 1
390 863 100 1000 100
401 863 100 1 1
412 863 100 1 1
423 863 100 1000 100
434 863 100 1 1
445 863 100 1 1
456 863 100 1000 100
467 863 100 1 1
478 863 100 1 1
489 863 100 1000 100
500 863 100 1 1
511 863 100 1 1
522 863 100 1000 100
533 863 100 1 1
544 863 100 1000 100
555 863 100 1 1
566 863 100 1000 100
577 863 100 1 1
588 863 100 1 1
599 863 100 1 1
610 863 100 1000 100
621 863 100 1000 100
632 863 100 1000 100
643 863 100 1 1
654 863 100 1000 100
665 863 100 1 1
698 863 100 1 1
709 863 100 1 1
720 863 100 1000 100
731 863 100 1000 100
742 863 100 1000 100
753 863 100 1 1
764 863 100 1 1
808 863 100 1 1
819 863 100 1 1
830 863 100 1 1
841 863 100 1000 100
852 863 100 1000 100
863 863 100 1000 100
874 863 100 1 1
885 863 100 1 1
896 863 100 1 1
907 863 100 1 1
918 863 100 1 1
951 863 100 1 1
962 863 100 1000 100
973 863 100 1 1
38 874 100 1 1
49 874 100 1000 100
60 874 100 1000 100
71 874 100 1000 100
82 874 100 1000 100
93 874 100 1 1
104 874 100 1000 100
115 874 100 1000 100
126 874 100 1000 100
137 874 100 1000 100
148 874 100 1000 100
159 874 100 1 1
170 874 100 1 1
203 874 100 1 1
214 874 100 1 1
225 874 100 1000 100
236 874 100 1 1
247 874 100 1 1
258 874 100 1 1
269 874 100 1 1
280 874 100 1000 100
291 874 100 1 1
324 874 100 1 1
335 874 100 1000 100
346 874 100 1 1
357 874 100 1000 100
368 874 100 1 1
379 874 100 1 1
390 874 100 1000 100
401 874 100 1 1
412 874 100 1 1
423 874 100 1 1
434 874 100 1000 100
445 874 100 1000 100
456 874 100 1 1
467 874 100 1 1
478 874 100 1 1
489 874 100 1000 100
500 874 100 1 1
511 874 100 1 1
522 874 100 1000 100
533 874 100 1 1
544 874 100 1000 100
555 874 100 1 1
566 874 100 1000 100
577 874 100 1 1
599 874 100 1 1
610 874 100 1000 100
621 874 100 1 1
632 874 100 1 1
643 874 100 1 1
654 874 100 1000 100
665 874 100 1 1
709 874 100 1 1
720 874 100 1 1
731 874 100 1 1
742 874 100 1 1
753 874 100 1 1
797 874 100 1 1
808 874 100 1 1
819 874 100 1000 100
830 874 100 1000 100
841 874 100 1 1
852 874 100 1 1
863 874 100 1 1
874 874 100 1000 100
885 874 100 1000 100
896 874 100 1000 100
907 874 100 1000 100
918 874 100 1 1
929 874 100 1 1
951 874 100 1 1
962 874 100 1000 100
973 874 100 1 1
38 885 100 1 1
49 885 100 1 1
60 885 100 1 1
71 885 100 1 1
82 885 100 1 1
93 885 100 1000 100
104 885 100 1 1
115 885 100 1 1
126 885 100 1 1
137 885 100 1 1
148 885 100 1 1
159 885 100 1 1
170 885 100 1 1
181 885 100 1 1
214 885 100 1 1
225 885 100 1 1
236 885 100 1000 100
247 885 100 1000 100
258 885 100 1000 100
269 885 100 1000 100
280 885 100 1 1
291 885 100 1 1
324 885 100 1 1
335 885 100 1000 100
346 885 100 1 1
357 885 100 1000 100
368 885 100 1 1
379 885 100 1000 100
390 885 100 1 1
401 885 100 1 1
423 885 100 1 1
434 885 100 1000 100
445 885 100 1 1
456 885 100 1000 100
467 885 100 1 1
478 885 100 1 1
489 885 100 1000 100
500 885 100 1 1
511 885 100 1 1
522 885 100 1000 100
533 885 100 1 1
544 885 100 1000 100
555 885 100 1 1
566 885 100 1000 100
577 885 100 1 1
599 885 100 1 1
610 885 100 1000 100
621 885 100 1 1
643 885 100 1 1
654 885 100 1000 100
665 885 100 1 1
775 885 100 1 1
786 885 100 1 1
797 885 100 1 1
808 885 100 1000 100
819 885 100 1 1
830 885 100 1 1
841 885 100 1 1
863 885 100 1 1
874 885 100 1 1
885 885 100 1 1
896 885 100 1 1
907 885 100 1 1
918 885 100 1000 100
929 885 100 1 1
940 885 100 1 1
951 885 100 1 1
962 885 100 1000 100
973 885 100 1 1
82 896 100 1 1
93 896 100 1000 100
104 896 100 1000 100
115 896 100 1000 100
126 896 100 1000 100
137 896 100 1000 100
148 896 100 1000 100
159 896 100 1000 100
170 896 100 1000 100
181 896 100 1 1
192 896 100 1 1
225 896 100 1 1
236 896 100 1 1
247 896 100 1 1
258 896 100 1 1
269 896 100 1 1
280 896 100 1 1
324 896 100 1 1
335 896 100 1000 100
346 896 100 1 1
357 896 100 1000 100
368 896 100 1 1
379 896 100 1000 100
390 896 100 1 1
423 896 100 1 1
434 896 100 1000 100
445 896 100 1 1
456 896 100 1000 100
467 896 100 1 1
478 896 100 1 1
489 896 100 1000 100
500 896 100 1 1
511 896 100 1 1
522 896 100 1000 100
533 896 100 1 1
544 896 100 1000 100
555 896 100 1 1
566 896 100 1000 100
577 896 100 1 1
599 896 100 1 1
610 896 100 1000 100
621 896 100 1 1
643 896 100 1 1
654 896 100 1000 100
665 896 100 1 1
698 896 100 1 1
709 896 100 1 1
720 896 100 1 1
731 896 100 1 1
742 896 100 1 1
753 896 100 1 1
764 896 100 1 1
775 896 100 1 1
786 896 100 1000 100
797 896 100 1000 100
808 896 100 1 1
819 896 100 1 1
907 896 100 1 1
918 896 100 1 1
929 896 100 1000 100
940 896 100 1000 100
951 896 100 1000 100
962 896 100 1000 100
973 896 100 1 1
82 907 100 1 1
93 907 100 1 1
104 907 100 1 1
115 907 100 1 1
126 907 100 1 1
137 907 100 1 1
148 907 100 1 1
159 907 100 1 1
170 907 100 1 1
181 907 100 1000 100
192 907 100 1 1
324 907 100 1 1
335 907 100 1000 100
346 907 100 1 1
357 907 100 1000 100
368 907 100 1 1
379 907 100 1000 100
390 907 100 1 1
423 907 100 1 1
434 907 100 1000 100
445 907 100 1000 100
456 907 100 1 1
467 907 100 1 1
478 907 100 1 1
489 907 100 1000 100
500 907 100 1 1
511 907 100 1 1
522 907 100 1000 100
533 907 100 1 1
544 907 100 1000 100
555 907 100 1 1
566 907 100 1000 100
577 907 100 1 1
599 907 100 1 1
610 907 100 1000 100
621 907 100 1 1
643 907 100 1 1
654 907 100 1000 100
665 907 100 1 1
687 907 100 1 1
698 907 100 1 1
709 907 100 1000 100
720 907 100 1000 100
731 907 100 1000 100
742 907 100 1000 100
753 907 100 1000 100
764 907 100 1000 100
775 907 100 1000 100
786 907 100 1 1
797 907 100 1 1
808 907 100 1 1
918 907 100 1 1
929 907 100 1 1
940 907 100 1 1
951 907 100 1 1
962 907 100 1 1
973 907 100 1 1
170 918 100 1 1
181 918 100 1000 100
192 918 100 1 1
203 918 100 1 1
324 918 100 1 1
335 918 100 1000 100
346 918 100 1 1
357 918 100 1000 100
368 918 100 1 1
379 918 100 1000 100
390 918 100 1 1
423 918 100 1 1
434 918 100 1000 100
445 918 100 1000 100
456 918 100 1 1
478 918 100 1 1
489 918 100 1000 100
500 918 100 1 1
511 918 100 1 1
522 918 100 1000 100
533 918 100 1 1
544 918 100 1000 100
555 918 100 1 1
566 918 100 1000 100
577 918 100 1 1
599 918 100 1 1
610 918 100 1000 100
621 918 100 1 1
643 918 100 1 1
654 918 100 1000 100
665 918 100 1 1
687 918 100 1 1
698 918 100 1000 100
709 918 100 1 1
720 918 100 1 1
731 918 100 1 1
742 918 100 1 1
753 918 100 1 1
764 918 100 1 1
775 918 100 1 1
786 918 100 1 1
170 929 100 1 1
181 929 100 1 1
192 929 100 1000 100
203 929 100 1 1
214 929 100 1 1
236 929 100 1 1
247 929 100 1 1
258 929 100 1 1
269 929 100 1 1
280 929 100 1 1
291 929 100 1 1
302 929 100 1 1
313 929 100 1 1
324 929 100 1 1
335 929 100 1000 100
346 929 100 1 1
357 929 100 1000 100
368 929 100 1 1
379 929 100 1000 100
390 929 100 1 1
401 929 100 1 1
412 929 100 1 1
423 929 100 1 1
434 929 100 1000 100
445 929 100 1000 100
456 929 100 1 1
467 929 100 1 1
478 929 100 1 1
489 929 100 1000 100
500 929 100 1 1
511 929 100 1 1
522 929 100 1000 100
533 929 100 1 1
544 929 100 1000 100
555 929 100 1 1
566 929 100 1000 100
577 929 100 1 1
588 929 100 1 1
599 929 100 1 1
610 929 100 1000 100
621 929 100 1 1
632 929 100 1 1
643 929 100 1 1
654 929 100 1000 100
665 929 100 1 1
676 929 100 1 1
687 929 100 1 1
698 929 100 1000 100
709 929 100 1 1
181 940 100 1 1
192 940 100 1 1
203 940 100 1000 100
214 940 100 1 1
225 940 100 1 1
236 940 100 1 1
247 940 100 1000 100
258 940 100 1000 100
269 940 100 1000 100
280 940 100 1000 100
291 940 100 1000 100
302 940 100 1000 100
313 940 100 1 1
324 940 100 1 1
335 940 100 1000 100
346 940 100 1 1
357 940 100 1000 100
368 940 100 1 1
379 940 100 1 1
390 940 100 1000 100
401 940 100 1 1
412 940 100 1 1
423 940 100 1000 100
434 940 100 1 1
445 940 100 1 1
456 940 100 1000 100
467 940 100 1 1
478 940 100 1 1
489 940 100 1000 100
500 940 100 1 1
511 940 100 1 1
522 940 100 1000 100
533 940 100 1 1
544 940 100 1000 100
555 940 100 1 1
566 940 100 1 1
577 940 100 1000 100
588 940 100 1000 100
599 940 100 1000 100
610 940 100 1 1
621 940 100 1000 100
632 940 100 1000 100
643 940 100 1 1
654 940 100 1000 100
665 940 100 1 1
676 940 100 1 1
687 940 100 1000 100
698 940 100 1 1
709 940 100 1 1
192 951 100 1 1
203 951 100 1 1
214 951 100 1000 100
225 951 100 1 1
236 951 100 1000 100
247 951 100 1 1
258 951 100 1 1
269 951 100 1 1
280 951 100 1 1
291 951 100 1 1
302 951 100 1 1
313 951 100 1000 100
324 951 100 1 1
335 951 100 1 1
346 951 100 1000 100
357 951 100 1 1
368 951 100 1 1
379 951 100 1 1
390 951 100 1 1
401 951 100 1000 100
412 951 100 1000 100
423 951 100 1 1
434 951 100 1 1
445 951 100 1 1
456 951 100 1 1
467 951 100 1000 100
478 951 100 1000 100
489 951 100 1 1
500 951 100 1 1
511 951 100 1 1
522 951 100 1 1
533 951 100 1000 100
544 951 100 1 1
555 951 100 1 1
566 951 100 1 1
577 951 100 1 1
588 951 100 1 1
599 951 100 1 1
610 951 100 1 1
621 951 100 1 1
632 951 100 1 1
643 951 100 1000 100
654 951 100 1 1
665 951 100 1 1
676 951 100 1000 100
687 951 100 1 1
698 951 100 1 1
203 962 100 1 1
214 962 100 1 1
225 962 100 1000 100
236 962 100 1 1
247 962 100 1 1
302 962 100 1 1
313 962 100 1000 100
324 962 100 1 1
335 962 100 1 1
346 962 100 1 1
357 962 100 1 1
368 962 100 1 1
379 962 100 1 1
390 962 100 1 1
401 962 100 1 1
412 962 100 1 1
423 962 100 1 1
434 962 100 1 1
445 962 100 1 1
456 962 100 1 1
467 962 100 1 1
478 962 100 1 1
489 962 100 1 1
500 962 100 1 1
511 962 100 1 1
522 962 100 1 1
533 962 100 1 1
544 962 100 1 1
555 962 100 1 1
566 962 100 1 1
577 962 100 1 1
588 962 100 1 1
599 962 100 1 1
610 962 100 1 1
621 962 100 1 1
632 962 100 1 1
643 962 100 1 1
654 962 100 1 1
665 962 100 1 1
676 962 100 1000 100
687 962 100 1 1
214 973 100 1 1
225 973 100 1 1
236 973 100 1 1
302 973 100 1 1
313 973 100 1000 100
324 973 100 1000 100
335 973 100 1000 100
346 973 100 1000 100
357 973 100 1000 100
368 973 100 1000 100
379 973 100 1000 100
390 973 100 1 1
401 973 100 1 1
412 973 100 1 1
423 973 100 1 1
434 973 100 1000 100
445 973 100 1000 100
456 973 100 1000 100
467 973 100 1000 100
478 973 100 1000 100
489 973 100 1000 100
500 973 100 1000 100
511 973 100 1000 100
522 973 100 1000 100
533 973 100 1000 100
544 973 100 1000 100
555 973 100 1000 100
566 973 100 1000 100
577 973 100 1000 100
588 973 100 1000 100
599 973 100 1000 100
610 973 100 1000 100
621 973 100 1000 100
632 973 100 1000 100
643 973 100 1000 100
654 973 100 1000 100
665 973 100 1000 100
676 973 100 1 1
687 973 100 1 1
302 984 100 1 1
313 984 100 1 1
324 984 100 1 1
335 984 100 1 1
346 984 100 1 1
357 984 100 1 1
368 984 100 1 1
379 984 100 1 1
390 984 100 1000 100
401 984 100 1000 100
412 984 100 1000 100
423 984 100 1000 100
434 984 100 1 1
445 984 100 1 1
456 984 100 1 1
467 984 100 1 1
478 984 100 1 1
489 984 100 1 1
500 984 100 1 1
511 984 100 1 1
522 984 100 1 1
533 984 100 1 1
544 984 100 1 1
555 984 100 1 1
566 984 100 1 1
577 984 100 1 1
588 984 100 1 1
599 984 100 1 1
610 984 100 1 1
621 984 100 1 1
632 984 100 1 1
643 984 100 1 1
654 984 100 1 1
665 984 100 1 1
676 984 100 1 1
379 995 100 1 1
390 995 100 1 1
401 995 100 1 1
412 995 100 1 1
423 995 100 1 1
434 995 100 1 1
