3200
150
32
1
8
3
414
464
1000
1000
274
353
509 87 126 124 177
479 114 117 128 173
450 83 198 127 124
480 55 151 126 186
963 908 125 122 173
958 923 122 118 151
941 934 110 120 111
922 933 101 122 173
909 922 139 122 185
904 904 124 118 104
911 886 129 117 141
927 876 133 116 189
944 877 106 123 190
959 889 121 117 194
263 862 113 119 174
255 883 112 124 184
237 892 142 121 126
216 888 105 118 114
203 872 117 120 187
204 850 104 119 163
219 833 116 120 116
240 831 141 117 107
257 842 106 117 151
970 855 130 129 131
938 886 117 123 196
907 852 194 122 110
940 823 111 121 101
391 310 171 127 186
367 338 139 125 194
333 325 178 121 131
335 286 152 129 138
370 276 154 121 175
465 457 142 124 156
458 477 132 121 127
438 488 113 119 143
417 484 132 124 121
403 467 108 123 174
404 444 111 117 149
420 427 120 119 190
440 425 119 122 180
459 437 126 117 151
250 644 139 118 162
242 664 110 121 145
225 675 126 117 103
205 673 107 120 138
191 662 133 119 197
185 640 130 118 156
191 622 102 118 119
210 610 121 118 154
230 612 138 119 143
246 625 114 123 144
766 725 119 119 197
757 748 120 120 115
737 758 104 119 155
713 753 118 116 145
700 735 127 123 101
702 710 107 122 121
718 694 136 123 193
739 691 141 123 172
760 705 127 117 149
787 777 135 121 151
761 810 153 124 157
726 796 111 129 119
728 754 155 122 128
766 745 124 123 165
906 815 115 121 101
899 833 128 121 138
882 845 105 123 122
858 844 105 118 133
843 832 129 123 138
837 811 110 117 138
843 791 104 123 117
861 778 136 120 181
885 779 116 123 110
900 792 122 119 164
103 143 129 119 194
95 166 126 119 100
76 177 138 120 113
56 175 134 122 150
39 161 118 120 148
34 142 114 118 133
41 121 112 120 148
59 109 122 121 130
81 110 107 119 118
98 124 136 117 131
844 552 151 119 120
828 582 154 126 143
800 586 153 118 122
775 564 132 122 162
777 534 111 126 133
801 516 120 118 161
831 524 110 125 125
744 260 132 118 171
729 287 133 122 180
700 293 102 124 139
676 273 119 126 117
677 241 109 123 120
704 222 104 124 143
732 230 115 120 168
107 602 100 117 159
98 625 129 123 150
76 637 124 123 127
53 632 102 121 149
37 610 110 121 173
38 589 127 117 161
54 570 119 117 158
81 567 118 124 126
99 579 122 124 188
890 25 135 118 173
876 51 107 125 193
844 57 118 121 134
821 36 148 122 167
823 4 144 122 127
850 0 114 124 151
879 0 121 121 191
457 78 134 122 178
444 104 118 125 182
418 112 123 118 169
393 100 140 121 117
384 75 133 122 116
397 47 131 121 178
422 39 108 117 137
447 50 134 122 189
524 343 131 116 160
516 364 109 123 109
498 376 117 118 104
476 376 129 119 127
456 360 109 123 178
451 337 131 120 153
459 317 133 123 157
479 305 137 116 192
502 307 117 123 141
518 320 113 119 170
292 753 122 121 101
271 784 101 124 116
234 781 125 123 126
219 750 161 123 180
240 717 132 120 103
274 718 151 119 112
88 654 126 117 100
81 673 138 118 170
62 686 110 122 178
38 685 139 117 144
20 670 139 120 101
15 649 118 123 126
24 626 114 120 166
42 615 133 119 157
65 616 129 118 125
83 631 131 116 196
572 661 145 118 182
561 685 110 120 163
534 695 119 124 152
506 683 144 122 157
497 656 110 119 147
510 628 104 121 170
536 620 124 117 168
562 632 133 117 105
967 682 149 124 128
945 714 143 128 165
909 711 157 123 178
892 679 142 124 138
911 646 142 119 179
951 648 105 120 163
400 702 184 124 187
362 737 122 128 181
325 698 196 126 149
364 662 117 130 113
884 634 134 127 191
844 671 197 128 139
809 631 195 123 110
850 596 150 124 118
608 689 118 120 167
599 711 106 121 162
575 724 119 123 197
551 719 124 116 156
534 696 125 123 126
535 673 131 124 131
552 653 138 117 138
579 649 140 120 182
601 664 126 123 104
760 440 147 122 119
745 471 149 118 124
713 477 135 126 167
686 456 152 124 180
687 421 113 121 176
714 401 118 122 106
749 411 103 119 197
336 624 158 121 147
307 660 161 121 147
265 644 156 125 126
267 598 151 123 115
311 586 141 123 188
820 159 112 116 138
812 180 122 120 162
792 193 136 117 169
768 192 107 122 164
749 177 114 123 156
743 153 139 119 177
751 131 117 118 173
771 118 130 124 101
796 119 114 116 158
814 134 116 117 187
131 495 125 118 181
123 518 124 117 196
103 532 103 116 184
80 531 138 119 156
61 517 135 118 163
54 491 125 121 136
63 469 105 119 128
81 457 108 121 172
107 458 111 123 129
125 473 110 123 122
791 197 140 125 139
778 226 149 121 122
751 235 122 120 195
725 224 127 124 116
714 194 119 124 152
727 167 112 118 137
755 158 121 123 160
781 170 143 120 122
387 91 121 119 190
378 117 121 120 147
356 130 132 123 151
334 128 128 123 144
315 114 124 120 176
308 88 121 120 170
317 64 130 120 124
337 52 138 119 191
360 53 123 116 103
380 68 115 121 124
128 77 143 132 175
88 115 185 129 192
49 72 100 127 129
89 36 144 130 102
785 507 138 120 153
765 540 133 127 189
725 540 165 119 131
706 502 105 118 191
727 470 112 124 191
768 472 135 121 104
210 198 122 123 188
203 218 111 122 144
182 233 139 119 117
156 232 126 116 146
136 215 109 117 162
131 193 114 119 123
139 170 102 121 161
160 156 112 117 115
186 158 121 120 138
203 171 110 123 158
684 398 106 117 107
670 428 139 123 149
643 437 117 117 109
616 425 130 121 150
605 396 140 121 131
619 367 139 119 138
645 358 104 121 169
674 370 100 117 113
544 973 140 124 193
524 1000 109 126 188
482 1000 131 122 185
465 970 153 120 101
485 937 113 124 131
527 939 156 124 122
674 300 119 129 156
645 338 140 123 183
601 322 120 124 115
603 275 138 123 157
649 262 168 120 192
1000 771 140 125 135
981 807 140 125 127
937 791 151 129 110
940 743 101 127 132
986 732 167 121 161
696 93 157 119 199
676 127 158 119 192
632 125 163 124 174
615 91 150 124 164
638 54 106 127 150
677 57 135 127 157
146 344 137 118 136
138 365 135 117 169
117 380 117 119 198
90 379 109 117 161
71 363 106 118 187
65 338 133 123 198
73 316 106 121 174
93 301 123 118 134
122 303 110 116 155
139 317 139 121 191
173 584 104 122 135
159 615 130 119 127
130 624 103 119 177
103 612 130 124 133
92 580 129 119 120
104 554 139 122 139
136 543 142 118 130
162 555 122 123 187
561 563 139 128 161
530 601 132 123 125
486 584 126 124 161
488 536 115 129 115
536 523 167 125 125
417 496 104 121 187
407 520 119 119 167
389 533 124 123 172
362 532 109 118 178
341 515 100 119 150
336 492 127 122 122
346 466 128 119 138
367 454 116 119 142
391 455 119 119 136
410 470 103 119 128
318 228 100 116 110
307 256 124 117 187
284 268 140 124 161
256 262 136 122 155
238 238 122 123 187
240 211 141 123 128
258 192 137 118 162
287 188 132 124 180
311 203 131 118 154
207 641 147 119 142
190 674 112 120 155
155 680 145 122 175
129 657 155 126 173
131 620 141 118 176
158 600 128 123 167
192 609 123 117 173
595 68 117 119 102
587 92 106 121 120
566 107 131 123 155
538 105 135 118 116
517 88 108 121 169
512 65 138 123 139
522 39 103 121 128
544 25 138 118 188
567 27 131 118 168
589 44 112 120 143
480 568 138 120 121
471 591 125 121 128
451 605 110 117 134
425 604 110 116 105
403 586 132 117 179
397 560 114 116 104
405 540 122 118 129
426 524 100 120 124
454 526 134 117 181
473 540 112 118 151
825 451 111 130 183
782 490 158 131 130
742 445 136 128 100
787 407 197 132 167
