3200
150
24
1
8
2
309
972
555
2222
435
561
428 1117 114 123 117
422 1132 126 125 105
405 1138 136 123 122
390 1131 111 124 150
385 1115 134 117 191
392 1100 136 125 189
408 1095 100 123 173
423 1102 112 122 146
180 781 132 120 146
176 793 135 117 167
163 801 111 121 183
151 800 139 123 128
140 792 139 120 142
137 778 108 120 117
141 766 119 122 128
153 758 109 118 122
165 759 109 118 176
177 768 137 122 180
262 2120 115 126 172
253 2137 113 123 177
234 2140 151 118 179
221 2128 138 119 184
221 2108 127 124 121
237 2097 100 123 152
255 2102 127 118 144
188 1897 136 121 178
184 1910 131 116 181
171 1919 137 120 183
157 1918 115 123 153
147 1910 138 116 178
143 1895 125 122 125
147 1882 104 118 154
159 1874 109 121 121
175 1875 122 116 187
185 1884 134 117 188
437 700 130 118 120
434 711 128 122 133
424 719 100 117 148
410 721 131 117 181
398 715 127 117 183
392 704 105 121 161
393 690 110 122 193
401 680 113 119 184
413 676 115 117 192
426 679 135 121 158
434 687 102 119 113
511 151 126 120 134
507 164 124 116 105
499 172 100 117 110
486 174 105 122 144
475 171 109 121 168
466 161 122 115 163
464 150 113 121 131
468 137 113 115 152
476 130 113 117 106
488 127 122 120 177
501 130 114 121 185
509 139 102 122 165
513 459 111 116 192
509 473 118 123 193
498 481 113 122 162
484 482 134 116 144
474 477 113 119 115
466 463 115 118 196
466 452 111 122 126
476 439 116 116 114
488 435 101 120 108
501 438 128 118 152
510 446 121 118 188
372 1607 128 121 112
365 1623 102 125 185
347 1629 131 123 193
331 1622 117 124 110
325 1605 119 122 150
333 1588 119 121 129
350 1582 132 120 119
366 1589 117 125 186
109 550 123 117 154
103 565 120 123 159
88 572 104 121 160
72 568 104 116 114
62 555 127 119 189
63 540 107 116 131
75 527 130 123 175
92 525 104 123 189
105 534 115 124 122
337 1456 125 127 142
324 1477 106 126 162
299 1475 100 122 111
288 1454 166 123 119
302 1432 115 128 173
326 1433 143 127 113
283 1503 161 121 150
270 1524 142 127 135
246 1523 149 122 181
234 1500 148 122 177
248 1479 105 122 116
272 1481 109 123 130
541 1992 106 115 155
537 2005 100 119 101
527 2014 103 118 132
516 2016 123 120 117
504 2013 113 119 175
494 2003 111 116 155
492 1991 110 117 118
495 1979 125 121 103
505 1969 128 118 168
518 1967 103 121 152
530 1971 112 117 183
539 1980 108 119 126
223 1632 141 123 114
214 1651 121 122 143
192 1656 154 118 131
176 1642 122 123 162
176 1620 145 124 142
195 1607 106 121 162
216 1613 114 124 115
423 1593 139 119 104
413 1611 134 125 122
391 1614 130 123 147
375 1599 139 124 114
377 1578 129 120 105
393 1566 108 118 184
416 1572 138 126 120
136 980 109 117 191
132 993 113 118 149
123 1002 120 115 159
111 1004 131 115 151
98 1000 123 120 152
89 990 110 117 178
87 979 105 115 197
90 967 123 121 164
100 957 115 116 105
112 955 115 115 156
124 958 112 121 165
134 969 127 117 182
106 303 121 125 110
95 323 103 122 169
74 326 115 119 123
58 312 149 120 139
60 290 150 118 128
78 278 104 125 190
98 284 149 125 193
413 1491 112 121 162
407 1506 110 118 101
395 1514 102 121 152
378 1514 112 118 180
366 1505 103 120 114
362 1488 120 120 172
367 1474 102 119 150
381 1464 120 123 151
396 1465 124 121 194
409 1475 118 120 144
364 2171 132 122 179
357 2188 144 124 170
338 2195 128 120 126
319 2187 124 121 196
313 2169 135 123 116
321 2150 107 118 134
339 2144 111 119 112
358 2152 135 121 130
244 537 112 116 150
239 552 105 119 124
226 561 124 118 117
209 561 124 117 118
197 551 137 118 146
193 535 122 116 176
199 519 101 122 107
211 512 115 117 176
228 512 118 117 134
241 523 111 118 102
323 1494 148 125 111
310 1516 109 127 141
282 1515 165 123 174
272 1492 145 123 182
286 1470 127 124 183
312 1472 131 126 134
469 2037 126 118 135
460 2055 153 119 141
436 2059 144 121 129
419 2044 154 120 170
421 2022 144 118 156
440 2009 118 121 131
460 2014 136 119 175
427 2086 119 122 191
421 2102 104 117 120
406 2110 138 120 171
388 2107 106 124 118
377 2093 102 124 103
377 2075 141 121 158
391 2061 134 119 103
408 2059 112 123 146
423 2069 120 120 106
381 1716 112 116 178
376 1730 100 120 138
361 1739 122 119 156
346 1738 108 123 109
334 1728 119 123 182
330 1713 137 121 120
336 1696 108 117 174
348 1689 116 121 142
365 1689 137 122 192
377 1698 123 120 124
408 1952 125 119 153
402 1967 125 117 125
389 1976 113 117 151
374 1975 104 116 149
361 1965 134 117 198
357 1948 120 119 191
362 1934 132 118 172
376 1925 107 118 125
392 1926 114 116 134
404 1936 116 123 157
104 638 147 125 159
93 659 110 118 164
70 662 109 119 105
55 648 107 119 167
56 624 155 123 188
74 612 119 121 103
96 618 129 124 164
194 1859 142 124 100
188 1875 129 122 113
172 1883 128 117 135
155 1880 119 124 100
144 1865 118 121 196
144 1848 110 116 173
156 1835 104 120 146
175 1832 102 120 161
189 1842 100 118 198
394 668 143 123 135
384 687 120 125 176
361 692 138 126 165
343 677 122 122 152
343 653 108 126 198
364 639 153 126 176
386 646 119 124 136
333 1255 124 118 195
327 1271 103 117 119
315 1279 103 121 139
296 1278 121 119 171
285 1269 127 123 135
280 1251 108 116 188
285 1237 104 116 123
299 1228 136 123 167
316 1228 105 118 112
329 1238 118 122 198
555 30 125 125 109
550 50 140 125 184
527 54 100 121 170
509 38 102 120 180
511 15 104 119 144
529 2 121 118 125
552 8 103 123 141
40 317 113 121 179
30 338 155 121 196
5 342 116 121 147
0 327 127 124 126
0 303 133 119 155
9 290 103 124 177
32 296 100 123 133
176 2194 105 118 105
167 2213 118 122 104
148 2219 129 120 174
130 2211 107 120 187
123 2191 131 118 123
132 2172 127 120 162
151 2166 147 124 186
170 2174 103 125 118
134 1183 120 118 135
129 1196 114 119 154
114 1207 131 117 104
99 1206 110 121 129
85 1195 102 120 142
81 1178 107 116 190
86 1164 138 118 157
100 1154 113 123 125
117 1155 111 117 135
129 1165 136 123 189
368 1300 121 116 120
364 1312 111 117 158
354 1322 114 119 121
339 1324 104 120 130
327 1320 112 121 198
317 1309 124 120 157
315 1297 107 116 144
319 1283 128 122 115
330 1273 130 117 121
342 1271 124 115 156
356 1275 111 122 104
365 1284 120 122 173
508 2065 115 125 127
499 2085 126 119 180
480 2091 111 121 165
461 2082 130 123 117
455 2063 112 122 109
464 2044 146 121 125
482 2038 111 119 163
501 2045 137 117 132
239 1235 151 124 160
228 1255 118 118 113
205 1259 100 121 162
188 1245 104 123 161
189 1220 138 118 131
208 1207 131 120 119
231 1214 114 124 128
97 65 116 116 199
93 78 101 119 130
82 88 132 120 157
69 90 124 122 130
55 85 132 117 178
46 76 115 120 144
44 62 111 120 142
48 49 113 118 163
58 39 114 117 121
72 37 107 122 184
84 40 102 116 175
95 52 112 119 144
290 1701 149 125 156
282 1720 101 117 172
261 1727 101 123 193
244 1719 142 123 143
237 1699 149 120 142
244 1681 117 117 176
266 1674 102 117 197
283 1682 131 120 116
230 1164 139 125 150
221 1183 143 123 189
202 1189 127 125 107
183 1180 121 120 172
177 1160 102 124 121
186 1142 143 120 158
204 1136 134 122 114
224 1145 122 122 103
318 785 117 121 131
307 805 143 122 197
284 810 139 123 115
264 792 146 124 106
265 770 128 122 187
286 755 127 122 175
310 762 132 120 106
218 384 121 127 174
203 407 156 128 132
174 405 114 126 135
163 380 157 120 167
179 357 116 120 179
206 359 155 127 152
341 141 126 120 194
337 154 104 116 112
327 164 114 120 184
311 167 105 121 131
298 162 100 120 176
288 151 114 118 145
286 139 115 117 175
290 125 126 115 133
300 115 130 117 139
316 112 109 116 181
329 116 111 117 115
339 128 112 119 124
172 594 105 121 118
168 607 135 119 119
155 617 115 122 102
138 619 103 118 160
124 611 105 116 155
117 597 111 116 123
118 583 101 116 123
126 570 100 120 192
143 564 115 117 122
157 567 134 123 115
169 579 101 120 103
527 703 133 125 147
515 724 133 120 147
493 728 108 125 102
474 712 129 122 132
475 688 110 119 194
494 673 142 123 182
517 679 129 122 138
523 256 106 123 100
519 271 121 122 144
505 282 112 119 155
490 283 113 117 152
475 275 116 122 132
469 263 120 122 166
469 248 129 122 101
478 233 118 119 181
493 228 108 120 156
509 231 118 116 122
520 242 128 123 107
514 509 106 120 152
509 524 137 122 163
495 534 128 120 146
477 534 120 122 119
464 524 134 121 158
459 507 109 123 180
465 490 125 117 176
478 481 138 119 113
498 482 123 118 103
510 492 130 116 181
300 1547 133 116 116
296 1560 136 120 127
284 1570 125 118 132
268 1572 117 121 180
253 1564 106 119 146
246 1552 114 117 194
247 1534 121 121 159
254 1523 110 117 104
270 1517 110 122 119
286 1520 128 120 145
297 1531 105 119 188
548 529 125 125 187
536 552 148 125 110
514 556 125 122 177
495 539 130 122 155
495 516 140 122 184
517 501 130 123 139
540 508 150 126 192
355 182 133 119 122
346 202 123 117 107
326 208 118 121 144
307 199 147 123 118
300 180 136 123 141
309 159 133 121 185
329 153 139 124 159
348 161 114 122 178
458 1260 103 122 107
455 1274 100 120 184
444 1284 111 121 156
430 1287 113 116 109
415 1283 105 115 151
405 1272 112 119 151
403 1257 114 121 146
407 1244 122 117 113
417 1235 108 120 112
431 1232 110 116 153
446 1237 107 117 175
455 1246 108 121 103
81 758 112 126 198
69 779 153 120 114
47 783 137 118 180
28 767 108 121 112
29 741 103 121 178
48 728 135 124 174
72 734 139 120 102
86 1970 117 121 112
81 1984 116 121 175
71 1993 103 116 175
57 1995 132 120 177
44 1991 127 115 175
33 1979 104 116 188
31 1966 108 118 165
35 1952 123 116 108
46 1942 110 119 158
59 1940 127 116 180
74 1944 102 118 106
84 1956 100 115 151
260 1358 120 117 190
256 1371 103 118 124
242 1382 100 120 191
228 1383 109 117 146
213 1375 123 117 106
205 1362 111 119 129
206 1346 115 121 185
214 1334 105 119 188
230 1328 111 116 157
246 1331 136 119 100
256 1341 117 119 117
479 1431 110 123 126
471 1451 108 121 142
449 1458 119 124 161
430 1448 123 118 115
424 1430 123 121 159
432 1410 139 125 181
452 1403 103 124 172
472 1411 110 118 168
265 173 108 119 136
259 190 124 122 184
248 199 134 122 112
231 200 133 115 179
219 194 122 118 118
210 180 104 116 104
212 162 127 119 117
220 151 110 116 111
235 145 111 120 159
250 147 109 121 114
261 158 100 119 180
407 882 127 122 137
396 905 120 124 161
369 909 157 118 195
351 892 124 119 145
353 868 102 118 180
374 853 112 122 126
397 859 117 119 177
155 1671 141 119 113
148 1689 137 123 139
131 1698 109 120 141
112 1695 108 123 165
99 1678 111 121 147
99 1659 118 121 132
113 1644 118 118 191
134 1642 126 122 113
150 1652 104 120 149
104 961 112 116 169
99 976 119 117 120
87 985 100 119 114
69 987 123 117 164
55 979 128 120 198
47 964 125 115 163
48 948 112 118 155
57 936 117 116 114
74 930 109 117 111
90 933 112 116 153
100 943 110 118 163
201 272 123 121 174
189 294 146 122 193
164 297 119 122 139
146 281 115 121 133
147 255 100 126 178
168 241 140 119 143
192 248 156 123 185
277 508 133 118 109
270 524 114 122 174
253 534 108 119 114
232 530 110 119 152
221 515 109 116 118
222 495 129 124 116
236 479 123 121 175
255 477 135 121 121
272 488 127 122 149
45 1869 143 118 121
36 1888 143 124 134
14 1895 115 121 194
0 1886 118 120 117
0 1864 146 119 180
0 1845 135 125 157
17 1838 126 122 141
38 1847 144 119 170
303 738 152 124 146
286 764 138 122 155
259 762 141 120 128
246 736 137 125 124
262 711 123 118 106
290 713 134 125 128
481 210 166 120 119
465 236 151 120 170
438 234 128 120 193
424 208 118 120 178
439 184 152 120 126
467 185 156 123 108
555 699 121 126 187
551 722 164 126 146
521 720 153 123 158
509 695 141 127 168
523 671 105 123 155
553 672 103 124 112
446 660 111 122 188
437 681 116 118 181
416 688 134 121 175
397 680 148 123 104
389 658 122 125 198
399 638 144 120 174
420 631 117 117 119
439 640 136 124 189
