3200
150
17
1
8
2
306
374
777
777
182
235
239 240 137 118 161
233 252 135 125 198
220 254 109 122 176
211 246 156 120 178
212 232 109 125 110
222 225 151 122 135
234 228 122 121 167
480 740 156 120 168
470 754 125 121 172
453 748 143 124 122
453 731 124 122 126
471 726 153 120 161
585 204 117 127 128
578 217 110 126 142
562 216 109 125 128
556 203 149 126 111
564 190 137 123 172
579 191 133 128 192
708 428 186 122 196
693 442 190 127 127
679 427 191 128 187
694 413 126 129 199
410 651 115 122 196
402 664 166 122 154
385 663 130 127 172
379 649 144 127 109
387 635 141 125 143
403 636 132 126 164
358 305 115 123 158
342 319 114 130 198
327 302 199 130 197
344 288 103 128 133
405 270 179 120 188
394 284 102 126 150
376 277 120 124 199
377 259 135 125 186
396 254 119 127 132
44 394 113 124 172
38 405 147 118 165
25 408 154 125 100
14 399 113 118 104
14 385 156 119 100
25 377 111 125 147
39 381 146 118 126
626 334 100 124 181
619 347 108 125 160
607 349 120 122 135
596 340 124 118 113
597 326 123 123 119
608 318 135 118 127
621 322 148 123 157
64 445 128 122 183
56 457 151 122 139
40 457 102 119 141
33 442 116 126 109
41 429 110 125 194
57 430 157 126 187
257 599 132 128 188
249 612 111 127 194
232 611 156 119 179
226 597 106 127 198
234 584 139 122 120
250 584 137 119 102
122 493 148 126 177
113 508 162 123 195
96 507 161 125 135
89 492 112 122 115
98 477 123 121 114
115 478 153 123 173
153 511 139 122 150
147 523 146 121 150
132 526 124 120 148
121 515 122 120 190
122 501 123 118 188
133 493 154 120 111
148 497 137 123 182
505 115 136 123 101
493 130 135 122 154
474 122 153 125 117
475 103 170 125 172
494 98 174 124 191
320 341 166 125 138
308 357 105 121 132
289 350 140 123 122
290 330 113 127 169
309 324 179 123 119
277 436 132 123 152
271 448 152 118 196
256 451 155 119 124
245 442 148 120 144
245 427 126 119 137
257 418 147 122 150
272 422 139 122 100
299 499 172 126 179
287 514 107 127 184
268 507 100 123 167
269 487 161 122 104
288 481 138 122 102
132 750 143 122 143
125 764 121 122 161
110 766 137 126 165
100 756 146 119 151
101 741 114 120 140
112 733 139 126 172
127 737 115 125 168
618 548 180 131 163
601 564 189 128 183
585 546 132 127 127
602 531 180 121 111
91 683 158 128 170
74 699 185 123 177
58 682 158 123 107
76 666 133 124 162
528 248 167 131 182
511 264 133 124 102
495 246 153 127 140
513 231 105 122 139
333 309 108 122 184
321 325 120 127 152
302 318 129 128 152
303 298 107 120 159
322 293 140 123 112
65 38 141 118 170
59 51 139 123 180
44 54 145 121 172
33 43 107 119 148
33 30 108 125 170
46 21 141 119 143
60 25 153 122 135
713 704 117 130 154
695 720 105 123 131
680 703 128 131 140
697 687 135 129 162
545 147 168 129 162
528 162 190 123 119
512 144 140 130 127
530 129 148 130 138
740 187 162 123 106
723 203 108 129 184
707 185 172 124 169
724 170 113 126 129
261 719 101 127 173
252 734 119 122 178
233 733 119 122 130
226 717 141 122 187
236 702 144 125 168
254 704 134 119 176
631 147 145 124 182
624 160 131 118 147
608 163 126 122 169
597 152 105 118 101
598 137 129 120 120
611 128 102 118 141
626 132 101 124 171
220 758 168 127 196
201 774 114 123 162
185 755 104 127 162
203 739 151 128 169
548 356 110 125 147
541 369 138 125 175
525 372 145 125 122
514 361 102 120 135
515 345 120 120 195
527 337 102 118 161
543 341 136 121 120
761 208 174 126 149
742 225 178 124 109
726 207 185 121 137
745 190 122 131 147
627 290 133 121 173
621 304 139 118 129
605 307 102 118 142
593 297 151 119 135
593 282 105 118 135
606 272 100 124 166
622 276 153 119 102
185 556 139 127 147
176 571 123 119 199
157 569 145 127 190
150 554 129 122 153
159 538 128 124 173
178 540 161 122 179
97 295 125 124 137
90 309 145 126 101
74 312 108 122 122
63 302 106 125 158
64 285 141 118 173
77 277 155 125 115
92 282 100 124 142
311 321 152 126 195
299 338 153 122 127
279 331 159 128 192
280 309 126 128 132
300 304 143 122 107
520 86 130 124 109
513 99 100 123 154
498 102 155 119 166
486 92 102 124 173
486 77 116 123 114
500 67 133 119 170
515 71 126 126 154
631 19 112 120 161
622 34 120 124 125
604 34 129 125 182
596 17 142 125 138
606 2 128 127 149
624 4 115 123 103
666 329 122 126 145
659 343 123 124 191
644 346 152 118 129
632 335 138 126 189
633 320 110 123 186
645 311 154 122 146
660 315 148 126 144
206 37 128 119 137
197 51 123 128 136
179 51 102 122 171
171 35 164 118 152
180 20 149 123 109
198 20 148 125 183
171 328 107 132 140
152 344 169 124 141
136 325 121 129 128
155 309 140 131 126
761 249 170 125 101
749 266 138 129 166
728 258 138 120 158
730 237 149 124 193
751 232 115 126 134
451 603 115 126 182
441 619 158 120 149
424 618 160 121 172
416 601 104 125 180
425 587 107 122 128
444 588 112 125 104
